0.999	0.001	0.0	0.0
0.9989221077364909	0.0010778922635092559	0.0	0.1001001001001001
0.9988381641283972	0.0011618358716029857	0.0	0.2002002002002002
0.9987477051815911	0.001252294818409102	0.0	0.3003003003003003
0.9986501976733955	0.0013498023266047875	0.0	0.4004004004004004
0.9985451096341336	0.00145489036586662	0.0	0.5005005005005005
0.9984318526752068	0.001568147324793346	0.0	0.6006006006006006
0.9983097953250094	0.001690204674990745	0.0	0.7007007007007008
0.9981782587229139	0.0018217412770863675	0.0	0.8008008008008008
0.9980365065679756	0.0019634934320245496	0.0	0.9009009009009009
0.9978837483700932	0.0021162516299069872	0.0	1.001001001001001
0.9977191310848393	0.002280868915160815	0.0	1.1011011011011012
0.997541737701398	0.002458262298602112	0.0	1.2012012012012012
0.997350585712534	0.0026494142874660745	0.0	1.3013013013013013
0.9971446111773733	0.0028553888226267653	0.0	1.4014014014014016
0.996922674703304	0.0030773252966961864	0.0	1.5015015015015016
0.9966835435365213	0.0033164564634788423	0.0	1.6016016016016017
0.9964258984976575	0.0035741015023427586	0.0	1.7017017017017018
0.996148312553506	0.0038516874464942273	0.0	1.8018018018018018
0.9958492599954758	0.004150740004524374	0.0	1.9019019019019021
0.9955270972220917	0.004472902777908496	0.0	2.002002002002002
0.9951800517923511	0.004819948207649033	0.0	2.1021021021021022
0.9948062169381411	0.005193783061859122	0.0	2.2022022022022023
0.9944035483808167	0.0055964516191835175	0.0	2.3023023023023024
0.9939698501263454	0.006030149873654758	0.0	2.4024024024024024
0.993502762574309	0.006497237425691142	0.0	2.5025025025025025
0.9929997483505404	0.007000251649459818	0.0	2.6026026026026026
0.9924580880858743	0.007541911914125815	0.0	2.702702702702703
0.9918748589862667	0.008125141013733427	0.0	2.802802802802803
0.9912469245600534	0.008753075439946792	0.0	2.902902902902903
0.9905709245790637	0.009429075420936479	0.0	3.0030030030030033
0.9898432507542592	0.010156749245740967	0.0	3.1031031031031033
0.9890600400815417	0.010939959918458449	0.0	3.2032032032032034
0.988217154281239	0.011782845718761153	0.0	3.3033033033033035
0.987310157702796	0.012689842297204249	0.0	3.4034034034034035
0.9863343098931404	0.013665690106859767	0.0	3.5035035035035036
0.9852845427201348	0.014715457279865417	0.0	3.6036036036036037
0.9841554337919537	0.015844566208046446	0.0	3.7037037037037037
0.9829411906860053	0.01705880931399491	0.0	3.8038038038038042
0.9816356271366895	0.018364372863310694	0.0	3.9039039039039043
0.9802321527782094	0.019767847221790837	0.0	4.004004004004004
0.9787237460194027	0.021276253980597463	0.0	4.104104104104104
0.9771029257581699	0.022897074241830268	0.0	4.2042042042042045
0.9753617366674154	0.02463826333258478	0.0	4.3043043043043046
0.973491734946819	0.02650826505318127	0.0	4.404404404404405
0.971483954039672	0.028516045960328203	0.0	4.504504504504505
0.9693288886074761	0.03067111139252401	0.0	4.604604604604605
0.9670164903948852	0.0329835096051149	0.0	4.704704704704705
0.9645361352449483	0.035463864755051866	0.0	4.804804804804805
0.9618766055187317	0.03812339448126849	0.0	4.904904904904905
0.9590260980710882	0.0409739019289119	0.0	5.005005005005005
0.9559722127185105	0.04402778728148959	0.0	5.105105105105105
0.9527019396778317	0.04729806032216832	0.0	5.205205205205205
0.9492016667556892	0.05079833324431087	0.0	5.305305305305305
0.9454571879692999	0.054542812030700195	0.0	5.405405405405406
0.9414537188238707	0.058546281176129374	0.0	5.505505505505506
0.9371759199257946	0.06282408007420534	0.0	5.605605605605606
0.9326079303262265	0.06739206967377348	0.0	5.705705705705706
0.9277334105882984	0.07226658941170162	0.0	5.805805805805806
0.9225355983959287	0.07746440160407136	0.0	5.9059059059059065
0.9169973784779816	0.0830026215220185	0.0	6.0060060060060065
0.9111013615839545	0.08889863841604563	0.0	6.106106106106107
0.9048299959658129	0.09517000403418717	0.0	6.206206206206207
0.8981656656060428	0.10183433439395717	0.0	6.306306306306307
0.8910908339104306	0.10890916608956935	0.0	6.406406406406407
0.883588190115269	0.11641180988473097	0.0	6.506506506506507
0.8756408274662373	0.12435917253376275	0.0	6.606606606606607
0.8672324292391851	0.13276757076081497	0.0	6.706706706706707
0.8583474824501607	0.1416525175498394	0.0	6.806806806806807
0.8489715068248904	0.1510284931751096	0.0	6.906906906906907
0.8390912528062733	0.16090874719372686	0.0	7.007007007007007
0.8286950340962949	0.17130496590370523	0.0	7.107107107107107
0.8177730135084567	0.18222698649154348	0.0	7.207207207207207
0.8063173980674917	0.1936826019325085	0.0	7.307307307307307
0.794322740288547	0.20567725971145323	0.0	7.407407407407407
0.781786290019638	0.21821370998036235	0.0	7.507507507507508
0.7687082186409748	0.23129178135902542	0.0	7.6076076076076085
0.7550918864603497	0.2449081135396506	0.0	7.7077077077077085
0.7409440910183828	0.2590559089816174	0.0	7.807807807807809
0.7262752790145095	0.2737247209854908	0.0	7.907907907907909
0.7110997206493078	0.2889002793506923	0.0	8.008008008008009
0.6954356339760216	0.3045643660239785	0.0	8.108108108108109
0.679305268115602	0.320694731884398	0.0	8.208208208208209
0.6627349126452995	0.33726508735470057	0.0	8.308308308308309
0.6457548512727856	0.3542451487272144	0.0	8.408408408408409
0.6283992484651495	0.3716007515348505	0.0	8.508508508508509
0.610705954101796	0.38929404589820404	0.0	8.608608608608609
0.5927162258625412	0.40728377413745875	0.0	8.70870870870871
0.5744744228509142	0.42552557714908584	0.0	8.80880880880881
0.5560275803530884	0.44397241964691164	0.0	8.90890890890891
0.5374249724198933	0.46257502758010677	0.0	9.00900900900901
0.5187175819054323	0.48128241809456784	0.0	9.10910910910911
0.49995756767058563	0.5000424323294145	0.0	9.20920920920921
0.48119767065351066	0.5188023293464894	0.0	9.30930930930931
0.46249063778494987	0.5375093622150502	0.0	9.40940940940941
0.44388861672631846	0.5561113832736816	0.0	9.50950950950951
0.42544258995440853	0.5745574100455915	0.0	9.60960960960961
0.4072018166202281	0.5927981833797719	0.0	9.70970970970971
0.38921332700225664	0.6107866729977434	0.0	9.80980980980981
0.3715214618297824	0.6284785381702176	0.0	9.90990990990991
0.35416746647762	0.64583253352238	0.0	10.01001001001001
0.33718918130874564	0.6628108186912544	0.0	10.11011011011011
0.3206207420989421	0.6793792579010579	0.0	10.21021021021021
0.30449241317846815	0.6955075868215319	0.0	10.31031031031031
0.2888304956273636	0.7111695043726365	0.0	10.41041041041041
0.2736572024046998	0.7263427975953003	0.0	10.51051051051051
0.25899071613787156	0.7410092838621285	0.0	10.61061061061061
0.24484529504399075	0.7551547049560093	0.0	10.710710710710712
0.2312313878242701	0.7687686121757299	0.0	10.810810810810812
0.21815576569258172	0.7818442343074183	0.0	10.910910910910912
0.20562177199792894	0.7943782280020711	0.0	11.011011011011012
0.19362956352594754	0.8063704364740525	0.0	11.111111111111112
0.18217636623338015	0.8178236337666199	0.0	11.211211211211213
0.17125674807148758	0.8287432519285125	0.0	11.311311311311313
0.16086290891034677	0.8391370910896533	0.0	11.411411411411413
0.15098496217005639	0.8490150378299437	0.0	11.511511511511513
0.141611217522662	0.858388782477338	0.0	11.611611611611613
0.13272845308594886	0.8672715469140512	0.0	11.711711711711713
0.12432217511418664	0.8756778248858134	0.0	11.811811811811813
0.11637686146520286	0.8836231385347972	0.0	11.911911911911913
0.10887619382967692	0.8911238061703232	0.0	12.012012012012013
0.1018032608000105	0.8981967391999897	0.0	12.112112112112113
0.0951407455839708	0.9048592544160293	0.0	12.212212212212213
0.08887111384451571	0.9111288861554844	0.0	12.312312312312313
0.08297675563187532	0.9170232443681248	0.0	12.412412412412413
0.07744011152764975	0.9225598884723503	0.0	12.512512512512513
0.07224379669001542	0.9277562033099847	0.0	12.612612612612613
0.06737069966140154	0.9326293003385985	0.0	12.712712712712714
0.06280405645142419	0.9371959435485758	0.0	12.812812812812814
0.05852753375760422	0.9414724662423959	0.0	12.912912912912914
0.054525270440914556	0.9454747295590855	0.0	13.013013013013014
0.05078192979960383	0.9492180702003963	0.0	13.113113113113114
0.04728273120397259	0.9527172687960275	0.0	13.213213213213214
0.044013469430442397	0.9559865305695576	0.0	13.313313313313314
0.04096053499019507	0.959039465009805	0.0	13.413413413413414
0.038110920377838045	0.9618890796221621	0.0	13.513513513513514
0.03545222427437267	0.9645477757256274	0.0	13.613613613613614
0.03297264698632923	0.9670273530136708	0.0	13.713713713713714
0.030660981982138485	0.9693390180178616	0.0	13.813813813813814
0.02850660700526225	0.9714933929947378	0.0	13.913913913913914
0.026499469521120665	0.9735005304788794	0.0	14.014014014014014
0.024630070713611563	0.9753699292863884	0.0	14.114114114114114
0.022889447365350268	0.9771105526346497	0.0	14.214214214214214
0.02126915256067476	0.9787308474393253	0.0	14.314314314314315
0.019761235505929935	0.9802387644940701	0.0	14.414414414414415
0.01835822010585889	0.9816417798941411	0.0	14.514514514514515
0.01705308343625377	0.9829469165637463	0.0	14.614614614614615
0.015839235136906295	0.9841607648630938	0.0	14.714714714714715
0.014710496114695033	0.9852895038853051	0.0	14.814814814814815
0.013661077109776012	0.9863389228902241	0.0	14.914914914914915
0.012685557903953945	0.9873144420960461	0.0	15.015015015015017
0.011778867367863358	0.9882211326321366	0.0	15.115115115115117
0.010936264088492749	0.9890637359115072	0.0	15.215215215215217
0.010153317476416202	0.9898466825235838	0.0	15.315315315315317
0.009425888998311467	0.9905741110016886	0.0	15.415415415415417
0.00875011574248292	0.9912498842575171	0.0	15.515515515515517
0.008122393540398572	0.9918776064596014	0.0	15.615615615615617
0.007539360971019965	0.99246063902898	0.0	15.715715715715717
0.0069978836964609565	0.9930021163035391	0.0	15.815815815815817
0.006495040843482978	0.993504959156517	0.0	15.915915915915917
0.006028111259795285	0.9939718887402047	0.0	16.016016016016017
0.005594560204449378	0.9944054397955506	0.0	16.116116116116117
0.005192027948564338	0.9948079720514357	0.0	16.216216216216218
0.004818317851036948	0.9951816821489631	0.0	16.316316316316318
0.004471385554150669	0.9955286144458493	0.0	16.416416416416418
0.004149329276018116	0.9958506707239818	0.0	16.516516516516518
0.003850379779466042	0.9961496202205339	0.0	16.616616616616618
0.0035728916193386606	0.9964271083806613	0.0	16.716716716716718
0.003315334831114179	0.9966846651688858	0.0	16.816816816816818
0.0030762870248213624	0.9969237129751786	0.0	16.916916916916918
0.00285442606479909	0.9971455739352009	0.0	17.017017017017018
0.0026485231432446478	0.9973514768567553	0.0	17.117117117117118
0.0024574362721373217	0.9975425637278627	0.0	17.217217217217218
0.002280104478196272	0.9977198955218036	0.0	17.31731731731732
0.0021155421271657517	0.9978844578728342	0.0	17.41741741741742
0.0019628332880496585	0.9980371667119503	0.0	17.51751751751752
0.0018211273674471216	0.9981788726325529	0.0	17.61761761761762
0.0016896346578342712	0.9983103653421657	0.0	17.71771771771772
0.001567621278189794	0.9984323787218101	0.0	17.81781781781782
0.0014544056795862959	0.9985455943204137	0.0	17.91791791791792
0.0013493556403880412	0.9986506443596119	0.0	18.01801801801802
0.0012518841221163947	0.9987481158778836	0.0	18.11811811811812
0.001161445064619657	0.9988385549353803	0.0	18.21821821821822
0.0010775323542231712	0.9989224676457769	0.0	18.31831831831832
0.0009996765396107627	0.9990003234603891	0.0	18.41841841841842
0.0009274407864614881	0.9990725592135384	0.0	18.51851851851852
0.0008604200117561007	0.9991395799882439	0.0	18.61861861861862
0.0007982387492122263	0.9992017612507876	0.0	18.71871871871872
0.0007405479970090378	0.9992594520029908	0.0	18.81881881881882
0.0006870236117897948	0.9993129763882102	0.0	18.91891891891892
0.0006373653155544129	0.9993626346844455	0.0	19.01901901901902
0.0005912944750750509	0.9994087055249249	0.0	19.11911911911912
0.0005485518094361264	0.9994514481905639	0.0	19.21921921921922
0.0005088971952588216	0.9994911028047412	0.0	19.31931931931932
0.00047210803425532866	0.9995278919657447	0.0	19.41941941941942
0.0004379772255672668	0.9995620227744327	0.0	19.51951951951952
0.00040631276230462603	0.9995936872376954	0.0	19.61961961961962
0.00037693676195866947	0.9996230632380413	0.0	19.71971971971972
0.0003496839327884951	0.9996503160672116	0.0	19.81981981981982
0.0003244007539988042	0.9996755992460012	0.0	19.91991991991992
0.0003009450630163228	0.9996990549369836	0.0	20.02002002002002
0.00027918498322886023	0.9997208150167711	0.0	20.12012012012012
0.00025899780387335917	0.9997410021961267	0.0	20.22022022022022
0.00024026990975665658	0.9997597300902433	0.0	20.32032032032032
0.0002228960029050194	0.999777103997095	0.0	20.42042042042042
0.00020677811994472556	0.9997932218800553	0.0	20.52052052052052
0.00019182545625046892	0.9998081745437495	0.0	20.62062062062062
0.00017795390718087177	0.9998220460928192	0.0	20.72072072072072
0.0001650853238253362	0.9998349146761747	0.0	20.82082082082082
0.00015314712542538933	0.9998468528745746	0.0	20.92092092092092
0.00014207211409830953	0.9998579278859018	0.0	21.02102102102102
0.00013179796054159135	0.9998682020394586	0.0	21.12112112112112
0.00012226667049206185	0.9998777333295081	0.0	21.22122122122122
0.00011342455604252427	0.9998865754439576	0.0	21.32132132132132
0.00010522184352396391	0.9998947781564762	0.0	21.421421421421424
9.761231096757175e-05	0.9999023876890326	0.0	21.521521521521525
9.055299655896086e-05	0.9999094470034412	0.0	21.621621621621625
8.400418622664834e-05	0.9999159958137736	0.0	21.721721721721725
7.792889964769772e-05	0.9999220711003525	0.0	21.821821821821825
7.229281899511111e-05	0.9999277071810051	0.0	21.921921921921925
6.706425791480207e-05	0.9999329357420854	0.0	22.022022022022025
6.221392698113066e-05	0.9999377860730191	0.0	22.122122122122125
5.7714589750126315e-05	0.9999422854102501	0.0	22.222222222222225
5.354075486759976e-05	0.9999464592451326	0.0	22.322322322322325
4.96688631143304e-05	0.9999503311368858	0.0	22.422422422422425
4.607696050997716e-05	0.9999539230394902	0.0	22.522522522522525
4.274466659343349e-05	0.9999572553334067	0.0	22.622622622622625
3.965348039561774e-05	0.9999603465196045	0.0	22.722722722722725
3.678596185759657e-05	0.9999632140381426	0.0	22.822822822822825
3.4125772801301226e-05	0.9999658742271988	0.0	22.922922922922925
3.165763725020579e-05	0.99996834236275	0.0	23.023023023023026
2.9367959853427167e-05	0.9999706320401468	0.0	23.123123123123126
2.7243959107079052e-05	0.9999727560408931	0.0	23.223223223223226
2.527360294427041e-05	0.9999747263970559	0.0	23.323323323323326
2.344562070510413e-05	0.9999765543792951	0.0	23.423423423423426
2.174982696181729e-05	0.9999782501730383	0.0	23.523523523523526
2.0176798653890307e-05	0.9999798232013463	0.0	23.623623623623626
1.8717611413236172e-05	0.999981282388587	0.0	23.723723723723726
1.7363885589528233e-05	0.9999826361144106	0.0	23.823823823823826
1.6107783497673533e-05	0.9999838922165025	0.0	23.923923923923926
1.4942931858949065e-05	0.9999850570681412	0.0	24.024024024024026
1.3862267675197963e-05	0.9999861377323249	0.0	24.124124124124126
1.2859705980430394e-05	0.9999871402940197	0.0	24.224224224224226
1.1929562493077363e-05	0.999988070437507	0.0	24.324324324324326
1.1066778614258819e-05	0.9999889332213858	0.0	24.424424424424426
1.0266445226883552e-05	0.9999897335547732	0.0	24.524524524524526
9.52397295155561e-06	0.9999904760270485	0.0	24.624624624624627
8.83510747054547e-06	0.9999911648925295	0.0	24.724724724724727
8.19591295049518e-06	0.9999918040870496	0.0	24.824824824824827
7.6027641790184035e-06	0.9999923972358211	0.0	24.924924924924927
7.052383036908043e-06	0.9999929476169632	0.0	25.025025025025027
6.54182209817773e-06	0.999993458177902	0.0	25.125125125125127
6.068463594683699e-06	0.9999939315364054	0.0	25.225225225225227
5.629514740790926e-06	0.9999943704852593	0.0	25.325325325325327
5.22221493144008e-06	0.9999947777850686	0.0	25.425425425425427
4.844317454537292e-06	0.9999951556825456	0.0	25.525525525525527
4.49380868556968e-06	0.9999955061913145	0.0	25.625625625625627
4.168895107937983e-06	0.9999958311048921	0.0	25.725725725725727
3.86754921580389e-06	0.9999961324507842	0.0	25.825825825825827
3.5879118211024474e-06	0.9999964120881789	0.0	25.925925925925927
3.328431879868046e-06	0.9999966715681202	0.0	26.026026026026027
3.087719661923231e-06	0.9999969122803382	0.0	26.126126126126128
2.8645205840230613e-06	0.9999971354794159	0.0	26.226226226226228
2.6574233473435344e-06	0.9999973425766526	0.0	26.326326326326328
2.4652134294112485e-06	0.9999975347865706	0.0	26.426426426426428
2.2868518736840556e-06	0.9999977131481264	0.0	26.526526526526528
2.121417156162185e-06	0.9999978785828438	0.0	26.626626626626628
1.9680470113620236e-06	0.9999980319529886	0.0	26.726726726726728
1.825680719338184e-06	0.9999981743192806	0.0	26.826826826826828
1.693501247146039e-06	0.9999983064987528	0.0	26.926926926926928
1.5708138407402378e-06	0.9999984291861592	0.0	27.027027027027028
1.457010945997952e-06	0.999998542989054	0.0	27.127127127127128
1.3515722087188746e-06	0.9999986484277913	0.0	27.227227227227228
1.2539931555758694e-06	0.9999987460068444	0.0	27.32732732732733
1.163478765418056e-06	0.9999988365212346	0.0	27.42742742742743
1.0794741830067988e-06	0.999998920525817	0.0	27.52752752752753
1.0015165121582836e-06	0.9999989984834878	0.0	27.62762762762763
9.291938306069629e-07	0.9999990708061693	0.0	27.72772772772773
8.621451900055554e-07	0.99999913785481	0.0	27.82782782782783
8.000266627921733e-07	0.9999991999733372	0.0	27.92792792792793
7.423698616030304e-07	0.9999992576301383	0.0	28.02802802802803
6.888293297008422e-07	0.9999993111706702	0.0	28.12812812812813
6.391123171567725e-07	0.9999993608876828	0.0	28.22822822822823
5.929601876202847e-07	0.9999994070398124	0.0	28.32832832832833
5.501484183191421e-07	0.9999994498515816	0.0	28.42842842842843
5.104638677697926e-07	0.9999994895361322	0.0	28.52852852852853
4.7361291622419073e-07	0.9999995263870837	0.0	28.62862862862863
4.3938365339864613e-07	0.9999995606163465	0.0	28.72872872872873
4.0759910516830577e-07	0.9999995924008948	0.0	28.82882882882883
3.781053726816844e-07	0.9999996218946272	0.0	28.92892892892893
3.5077163236066504e-07	0.9999996492283676	0.0	29.02902902902903
3.2499105238391954e-07	0.9999996750089475	0.0	29.12912912912913
3.0177944152432724e-07	0.9999996982205583	0.0	29.22922922922923
2.801197422577554e-07	0.9999997198802576	0.0	29.32932932932933
2.59946005987336e-07	0.9999997400539938	0.0	29.42942942942943
2.411922841162009e-07	0.9999997588077157	0.0	29.52952952952953
2.2379262804748197e-07	0.9999997762073718	0.0	29.62962962962963
2.0767350464879252e-07	0.9999997923264952	0.0	29.72972972972973
1.9272950821038866e-07	0.9999998072704916	0.0	29.82982982982983
1.788787961168072e-07	0.9999998211212037	0.0	29.929929929929934
1.6604339816728648e-07	0.9999998339566016	0.0	30.030030030030034
1.5414534416106335e-07	0.9999998458546556	0.0	30.130130130130134
1.4310666389737517e-07	0.9999998568933359	0.0	30.230230230230234
1.328493871754593e-07	0.9999998671506126	0.0	30.330330330330334
1.2329810643746023e-07	0.9999998767018934	0.0	30.430430430430434
1.144386612682315e-07	0.9999998855613386	0.0	30.530530530530534
1.0623754015940115e-07	0.9999998937624597	0.0	30.630630630630634
9.863934906945253e-08	0.9999999013606508	0.0	30.730730730730734
9.158869395686902e-08	0.9999999084113059	0.0	30.830830830830834
8.503018078013396e-08	0.9999999149698191	0.0	30.930930930930934
7.89084154977307e-08	0.9999999210915844	0.0	31.031031031031034
7.316800406814261e-08	0.9999999268319958	0.0	31.131131131131134
6.779909151816429e-08	0.9999999322009083	0.0	31.231231231231234
6.282461116336936e-08	0.9999999371753887	0.0	31.331331331331334
5.821657721023527e-08	0.9999999417834227	0.0	31.431431431431434
5.394669019960486e-08	0.9999999460533097	0.0	31.531531531531535
4.998665067232106e-08	0.9999999500133492	0.0	31.631631631631635
4.6308159169226735e-08	0.9999999536918407	0.0	31.731731731731735
4.2882916231164775e-08	0.9999999571170837	0.0	31.831831831831835
3.881678012040795e-08	0.9999999611832198	0.0	31.931931931931935
3.619911059988869e-08	0.9999999638008893	0.0	32.032032032032035
3.370979409059559e-08	0.9999999662902057	0.0	32.132132132132135
3.134883059252864e-08	0.9999999686511692	0.0	32.232232232232235
2.911622010568784e-08	0.9999999708837798	0.0	32.332332332332335
2.7011962630073195e-08	0.9999999729880372	0.0	32.432432432432435
2.5036058165684702e-08	0.9999999749639417	0.0	32.532532532532535
2.3187905191861683e-08	0.9999999768120947	0.0	32.632632632632635
2.1455858651272914e-08	0.9999999785441412	0.0	32.732732732732735
1.9835440169518695e-08	0.9999999801645597	0.0	32.832832832832835
1.832664974659902e-08	0.9999999816733501	0.0	32.932932932932935
1.6929487382513897e-08	0.9999999830705125	0.0	33.033033033033036
1.564395307726332e-08	0.9999999843560469	0.0	33.133133133133136
1.447004683084729e-08	0.9999999855299531	0.0	33.233233233233236
1.340776864326581e-08	0.9999999865922312	0.0	33.333333333333336
1.2447417259149172e-08	0.9999999875525827	0.0	33.433433433433436
1.1550405741414706e-08	0.9999999884495941	0.0	33.533533533533536
1.071274181296843e-08	0.9999999892872581	0.0	33.633633633633636
9.934425473810347e-09	0.9999999900655745	0.0	33.733733733733736
9.215456723940455e-09	0.9999999907845432	0.0	33.833833833833836
8.555835563358755e-09	0.9999999914441644	0.0	33.933933933933936
7.955561992065248e-09	0.9999999920444379	0.0	34.034034034034036
7.414636010059932e-09	0.9999999925853639	0.0	34.134134134134136
6.9188038169051565e-09	0.9999999930811961	0.0	34.234234234234236
6.45078420827933e-09	0.9999999935492158	0.0	34.334334334334336
6.010538029564894e-09	0.9999999939894619	0.0	34.434434434434436
5.5980652807618494e-09	0.9999999944019347	0.0	34.53453453453454
5.213365961870196e-09	0.9999999947866339	0.0	34.63463463463464
4.8564400728899324e-09	0.9999999951435599	0.0	34.73473473473474
4.52728761382106e-09	0.9999999954727123	0.0	34.83483483483484
4.225388073191971e-09	0.9999999957746118	0.0	34.93493493493494
3.942069150809098e-09	0.9999999960579308	0.0	35.03503503503504
3.674246935252225e-09	0.999999996325753	0.0	35.13513513513514
3.4219214265213516e-09	0.9999999965780785	0.0	35.23523523523524
3.185092624616477e-09	0.9999999968149073	0.0	35.33533533533534
2.963760529537602e-09	0.9999999970362394	0.0	35.43543543543544
2.7579251412847265e-09	0.9999999972420748	0.0	35.53553553553554
2.5675864598578504e-09	0.9999999974324134	0.0	35.63563563563564
2.391591723393613e-09	0.9999999976084083	0.0	35.73573573573574
2.225715368753008e-09	0.9999999977742846	0.0	35.83583583583584
2.0695672200131066e-09	0.9999999979304327	0.0	35.93593593593594
1.923147277173908e-09	0.9999999980768527	0.0	36.03603603603604
1.786455540235412e-09	0.9999999982135445	0.0	36.13613613613614
1.6594920091976192e-09	0.999999998340508	0.0	36.23623623623624
1.5422566840605292e-09	0.9999999984577432	0.0	36.33633633633634
1.434749564824142e-09	0.9999999985652505	0.0	36.43643643643644
1.3351122315173098e-09	0.9999999986648878	0.0	36.53653653653654
1.2412801318431313e-09	0.9999999987587198	0.0	36.63663663663664
1.153251856290052e-09	0.9999999988467481	0.0	36.73673673673674
1.0710274048580724e-09	0.9999999989289725	0.0	36.83683683683684
9.946067775471922e-10	0.9999999990053932	0.0	36.93693693693694
9.239899743574115e-10	0.99999999907601	0.0	37.03703703703704
8.591769952887302e-10	0.9999999991408229	0.0	37.13713713713714
8.000419864981738e-10	0.9999999991999579	0.0	37.23723723723724
7.44760693912804e-10	0.9999999992552392	0.0	37.33733733733734
6.927335245334915e-10	0.9999999993072664	0.0	37.43743743743744
6.439604783602362e-10	0.9999999993560394	0.0	37.53753753753754
5.984415553930383e-10	0.9999999994015584	0.0	37.63763763763764
5.561767556318977e-10	0.9999999994438231	0.0	37.73773773773774
5.171660790768145e-10	0.9999999994828338	0.0	37.83783783783784
4.814095257277887e-10	0.9999999995185903	0.0	37.93793793793794
4.306746892922163e-10	0.9999999995693253	0.0	38.03803803803804
3.7253603320229164e-10	0.9999999996274639	0.0	38.13813813813814
3.1636702334816157e-10	0.999999999683633	0.0	38.23823823823824
2.621676597298261e-10	0.9999999997378323	0.0	38.33833833833834
2.0993794234728538e-10	0.999999999790062	0.0	38.43843843843844
1.5967787120053916e-10	0.9999999998403221	0.0	38.53853853853854
1.1138744628958766e-10	0.9999999998886124	0.0	38.63863863863864
6.506666761443078e-11	0.9999999999349333	0.0	38.73873873873874
2.0715535175068455e-11	0.9999999999792843	0.0	38.83883883883884
-2.1665951028499148e-11	1.0000000000216658	0.0	38.93893893893894
-6.207779099627219e-11	1.0000000000620777	0.0	39.03903903903904
-1.0051998472825058e-10	1.0000000001005198	0.0	39.13913913913914
-1.3699253222443434e-10	1.0000000001369924	0.0	39.23923923923924
-1.7149543348482332e-10	1.0000000001714953	0.0	39.33933933933934
-2.0402868850941798e-10	1.0000000002040286	0.0	39.43943943943944
-2.3459229729821773e-10	1.0000000002345921	0.0	39.53953953953954
-2.6318625985122307e-10	1.0000000002631861	0.0	39.63963963963964
-2.898105761684336e-10	1.0000000002898106	0.0	39.73973973973974
-3.1446524624984965e-10	1.0000000003144651	0.0	39.83983983983984
-3.371502700954709e-10	1.0000000003371503	0.0	39.93993993993994
-3.578656477052978e-10	1.0000000003578655	0.0	40.04004004004004
-3.7661137907932983e-10	1.0000000003766114	0.0	40.14014014014014
-3.933874642175673e-10	1.0000000003933873	0.0	40.24024024024024
-4.0819390312001015e-10	1.000000000408194	0.0	40.34034034034034
-4.2103069578665837e-10	1.0000000004210305	0.0	40.44044044044044
-4.318978422175119e-10	1.0000000004318979	0.0	40.54054054054054
-4.407953424125709e-10	1.0000000004407952	0.0	40.64064064064064
-4.4772319637183515e-10	1.0000000004477232	0.0	40.74074074074074
-4.526814040953049e-10	1.0000000004526814	0.0	40.84084084084084
-4.5566996558297993e-10	1.00000000045567	0.0	40.94094094094094
-4.5668888083486034e-10	1.000000000456689	0.0	41.04104104104104
-4.5573814985094614e-10	1.0000000004557381	0.0	41.14114114114114
-4.528177726312373e-10	1.0000000004528178	0.0	41.24124124124124
-4.479277491757339e-10	1.0000000004479277	0.0	41.34134134134134
-4.410680794844358e-10	1.000000000441068	0.0	41.44144144144144
-4.3223876355734307e-10	1.0000000004322387	0.0	41.54154154154154
-4.2143980139445573e-10	1.0000000004214398	0.0	41.64164164164164
-4.0867119299577373e-10	1.000000000408671	0.0	41.74174174174174
-3.9393293836129717e-10	1.0000000003939329	0.0	41.84184184184184
-3.772250374910259e-10	1.000000000377225	0.0	41.94194194194194
-3.5854749038496004e-10	1.0000000003585474	0.0	42.04204204204204
-3.379002970430995e-10	1.0000000003379002	0.0	42.14214214214214
-3.1528345746544444e-10	1.0000000003152834	0.0	42.24224224224224
-3.2212939255385466e-10	1.0000000003221294	0.0	42.34234234234234
-3.290430423401557e-10	1.000000000329043	0.0	42.44244244244244
-3.354538299457381e-10	1.0000000003354539	0.0	42.54254254254254
-3.4136175537060164e-10	1.0000000003413618	0.0	42.64264264264264
-3.467668186147469e-10	1.0000000003467668	0.0	42.74274274274275
-3.5166901967817294e-10	1.0000000003516691	0.0	42.84284284284285
-3.560683585608804e-10	1.0000000003560685	0.0	42.94294294294295
-3.59964835262869e-10	1.000000000359965	0.0	43.04304304304305
-3.6335844978413894e-10	1.0000000003633585	0.0	43.14314314314315
-3.662492021246901e-10	1.0000000003662493	0.0	43.24324324324325
-3.6863709228452256e-10	1.0000000003686371	0.0	43.34334334334335
-3.705221202636362e-10	1.000000000370522	0.0	43.44344344344345
-3.7190428606203124e-10	1.0000000003719043	0.0	43.54354354354355
-3.727835896797075e-10	1.0000000003727836	0.0	43.64364364364365
-3.7316003111666504e-10	1.0000000003731602	0.0	43.74374374374375
-3.7303361037290383e-10	1.0000000003730336	0.0	43.84384384384385
-3.724043274484239e-10	1.0000000003724043	0.0	43.94394394394395
-3.7127218234322524e-10	1.0000000003712721	0.0	44.04404404404405
-3.696371750573079e-10	1.0000000003696372	0.0	44.14414414414415
-3.6749930559067177e-10	1.0000000003674994	0.0	44.24424424424425
-3.648585739433169e-10	1.0000000003648586	0.0	44.34434434434435
-3.6171498011524336e-10	1.000000000361715	0.0	44.44444444444445
-3.5806852410645105e-10	1.0000000003580685	0.0	44.54454454454455
-3.5391920591694003e-10	1.0000000003539193	0.0	44.64464464464465
-3.492670255467103e-10	1.000000000349267	0.0	44.74474474474475
-3.4411198299576176e-10	1.000000000344112	0.0	44.84484484484485
-3.3845407826409457e-10	1.0000000003384542	0.0	44.94494494494495
-3.322933113517086e-10	1.0000000003322933	0.0	45.04504504504505
-3.256296822586039e-10	1.0000000003256297	0.0	45.14514514514515
-3.1846319098478054e-10	1.0000000003184633	0.0	45.24524524524525
-3.107938375302384e-10	1.0000000003107938	0.0	45.34534534534535
-3.0262162189497753e-10	1.0000000003026217	0.0	45.44544544544545
-2.9394654407899794e-10	1.0000000002939466	0.0	45.54554554554555
-2.847686040822996e-10	1.0000000002847687	0.0	45.64564564564565
-2.7508780190488254e-10	1.000000000275088	0.0	45.74574574574575
-2.649041375467468e-10	1.000000000264904	0.0	45.84584584584585
-2.5421761100789226e-10	1.0000000002542178	0.0	45.94594594594595
-2.4302822228831903e-10	1.0000000002430283	0.0	46.04604604604605
-2.3133597138802705e-10	1.000000000231336	0.0	46.14614614614615
-2.1914085830701635e-10	1.000000000219141	0.0	46.24624624624625
-2.0644288304528693e-10	1.0000000002064429	0.0	46.34634634634635
-1.9324204560283877e-10	1.000000000193242	0.0	46.44644644644645
-1.868285948513579e-10	1.0000000001868286	0.0	46.54654654654655
-1.8347350432065077e-10	1.0000000001834735	0.0	46.64664664664665
-1.8011841378994363e-10	1.0000000001801184	0.0	46.74674674674675
-1.7676332325923652e-10	1.0000000001767633	0.0	46.84684684684685
-1.7340823272852938e-10	1.0000000001734082	0.0	46.94694694694695
-1.7005314219782225e-10	1.000000000170053	0.0	47.04704704704705
-1.666980516671151e-10	1.000000000166698	0.0	47.14714714714715
-1.63342961136408e-10	1.000000000163343	0.0	47.24724724724725
-1.5998787060570086e-10	1.0000000001599878	0.0	47.34734734734735
-1.5663278007499373e-10	1.0000000001566327	0.0	47.44744744744745
-1.5327768954428662e-10	1.0000000001532776	0.0	47.54754754754755
-1.4992259901357948e-10	1.0000000001499225	0.0	47.64764764764765
-1.4656750848287234e-10	1.0000000001465674	0.0	47.74774774774775
-1.4321241795216523e-10	1.0000000001432123	0.0	47.84784784784785
-1.3985732742145807e-10	1.0000000001398572	0.0	47.94794794794795
-1.3650223689075096e-10	1.0000000001365021	0.0	48.04804804804805
-1.3314714636004382e-10	1.000000000133147	0.0	48.14814814814815
-1.2979205582933669e-10	1.000000000129792	0.0	48.24824824824825
-1.2643696529862958e-10	1.0000000001264369	0.0	48.34834834834835
-1.2308187476792244e-10	1.000000000123082	0.0	48.44844844844845
-1.197267842372153e-10	1.000000000119727	0.0	48.54854854854855
-1.1637169370650818e-10	1.0000000001163718	0.0	48.64864864864865
-1.1301660317580106e-10	1.0000000001130167	0.0	48.74874874874875
-1.0966151264509392e-10	1.0000000001096616	0.0	48.84884884884885
-1.063064221143868e-10	1.0000000001063065	0.0	48.94894894894895
-1.0295133158367966e-10	1.0000000001029514	0.0	49.04904904904905
-9.959624105297254e-11	1.0000000000995963	0.0	49.14914914914915
-9.62411505222654e-11	1.0000000000962412	0.0	49.24924924924925
-9.288605999155828e-11	1.0000000000928861	0.0	49.34934934934935
-8.953096946085115e-11	1.000000000089531	0.0	49.44944944944945
-8.617587893014401e-11	1.000000000086176	0.0	49.54954954954955
-8.282078839943688e-11	1.0000000000828209	0.0	49.64964964964965
-7.946569786872975e-11	1.0000000000794658	0.0	49.74974974974975
-7.611060733802263e-11	1.0000000000761107	0.0	49.84984984984985
-7.27555168073155e-11	1.0000000000727556	0.0	49.94994994994995
-6.940042627660837e-11	1.0000000000694005	0.0	50.050050050050054
-6.604533574590123e-11	1.0000000000660454	0.0	50.150150150150154
-6.269024521519411e-11	1.0000000000626903	0.0	50.250250250250254
-5.933515468448697e-11	1.0000000000593352	0.0	50.350350350350354
-5.598006415377985e-11	1.00000000005598	0.0	50.450450450450454
-5.262497362307272e-11	1.000000000052625	0.0	50.550550550550554
-4.926988309236559e-11	1.00000000004927	0.0	50.650650650650654
-4.591479256165846e-11	1.0000000000459148	0.0	50.750750750750754
-4.462532644604978e-11	1.0000000000446252	0.0	50.850850850850854
-4.4523771318057e-11	1.0000000000445237	0.0	50.950950950950954
-4.4422216190064217e-11	1.0000000000444222	0.0	51.051051051051054
-4.4320661062071435e-11	1.0000000000443205	0.0	51.151151151151154
-4.421910593407865e-11	1.000000000044219	0.0	51.251251251251254
-4.411755080608587e-11	1.0000000000441176	0.0	51.351351351351354
-4.401599567809309e-11	1.000000000044016	0.0	51.451451451451454
-4.391444055010031e-11	1.0000000000439144	0.0	51.551551551551555
-4.381288542210753e-11	1.000000000043813	0.0	51.651651651651655
-4.371133029411475e-11	1.0000000000437113	0.0	51.751751751751755
-4.360977516612197e-11	1.0000000000436098	0.0	51.851851851851855
-4.350822003812919e-11	1.000000000043508	0.0	51.951951951951955
-4.340666491013641e-11	1.0000000000434066	0.0	52.052052052052055
-4.330510978214363e-11	1.0000000000433051	0.0	52.152152152152155
-4.320355465415085e-11	1.0000000000432034	0.0	52.252252252252255
-4.310199952615807e-11	1.000000000043102	0.0	52.352352352352355
-4.300044439816529e-11	1.0000000000430005	0.0	52.452452452452455
-4.289888927017251e-11	1.0000000000428988	0.0	52.552552552552555
-4.279733414217973e-11	1.0000000000427973	0.0	52.652652652652655
-4.269577901418695e-11	1.0000000000426958	0.0	52.752752752752755
-4.259422388619417e-11	1.0000000000425942	0.0	52.852852852852855
-4.249266875820139e-11	1.0000000000424927	0.0	52.952952952952955
-4.239111363020861e-11	1.000000000042391	0.0	53.053053053053056
-4.2289558502215827e-11	1.0000000000422895	0.0	53.153153153153156
-4.218800337422305e-11	1.000000000042188	0.0	53.253253253253256
-4.208644824623027e-11	1.0000000000420863	0.0	53.353353353353356
-4.198489311823749e-11	1.0000000000419849	0.0	53.453453453453456
-4.1883337990244706e-11	1.0000000000418834	0.0	53.553553553553556
-4.178178286225193e-11	1.0000000000417817	0.0	53.653653653653656
-4.168022773425915e-11	1.0000000000416802	0.0	53.753753753753756
-4.157867260626637e-11	1.0000000000415787	0.0	53.853853853853856
-4.1477117478273586e-11	1.000000000041477	0.0	53.953953953953956
-4.1375562350280804e-11	1.0000000000413756	0.0	54.054054054054056
-4.127400722228803e-11	1.0000000000412739	0.0	54.154154154154156
-4.117245209429525e-11	1.0000000000411724	0.0	54.254254254254256
-4.1070896966302466e-11	1.000000000041071	0.0	54.354354354354356
-4.0969341838309684e-11	1.0000000000409692	0.0	54.454454454454456
-4.08677867103169e-11	1.0000000000408678	0.0	54.55455455455456
-4.076623158232412e-11	1.0000000000407663	0.0	54.65465465465466
-4.066467645433134e-11	1.0000000000406646	0.0	54.75475475475476
-4.0563121326338564e-11	1.000000000040563	0.0	54.85485485485486
-4.046156619834578e-11	1.0000000000404616	0.0	54.95495495495496
-4.0360011070353e-11	1.00000000004036	0.0	55.05505505505506
-4.025845594236022e-11	1.0000000000402585	0.0	55.15515515515516
-4.0156900814367443e-11	1.0000000000401568	0.0	55.25525525525526
-4.005534568637466e-11	1.0000000000400553	0.0	55.35535535535536
-3.995379055838188e-11	1.0000000000399538	0.0	55.45545545545546
-3.98522354303891e-11	1.0000000000398521	0.0	55.55555555555556
-3.975068030239632e-11	1.0000000000397506	0.0	55.65565565565566
-3.964912517440354e-11	1.0000000000396492	0.0	55.75575575575576
-3.954757004641076e-11	1.0000000000395475	0.0	55.85585585585586
-3.944601491841798e-11	1.000000000039446	0.0	55.95595595595596
-3.93444597904252e-11	1.0000000000393445	0.0	56.05605605605606
-3.924290466243242e-11	1.0000000000392428	0.0	56.15615615615616
-3.914134953443964e-11	1.0000000000391414	0.0	56.25625625625626
-3.903979440644686e-11	1.0000000000390397	0.0	56.35635635635636
-3.893823927845408e-11	1.0000000000389382	0.0	56.45645645645646
-3.88366841504613e-11	1.0000000000388367	0.0	56.55655655655656
-3.873512902246852e-11	1.000000000038735	0.0	56.65665665665666
-3.863357389447574e-11	1.0000000000386335	0.0	56.75675675675676
-3.853201876648296e-11	1.000000000038532	0.0	56.85685685685686
-3.843046363849018e-11	1.0000000000384304	0.0	56.95695695695696
-3.83289085104974e-11	1.000000000038329	0.0	57.05705705705706
-3.822735338250462e-11	1.0000000000382274	0.0	57.15715715715716
-3.8125798254511835e-11	1.0000000000381257	0.0	57.25725725725726
-3.8024243126519054e-11	1.0000000000380243	0.0	57.35735735735736
-3.792268799852627e-11	1.0000000000379226	0.0	57.45745745745746
-3.782113287053349e-11	1.000000000037821	0.0	57.55755755755756
-3.7719577742540715e-11	1.0000000000377196	0.0	57.65765765765766
-3.761802261454793e-11	1.000000000037618	0.0	57.75775775775776
-3.751646748655515e-11	1.0000000000375164	0.0	57.85785785785786
-3.741491235856237e-11	1.000000000037415	0.0	57.95795795795796
-3.7313357230569595e-11	1.0000000000373133	0.0	58.05805805805806
-3.721180210257681e-11	1.0000000000372118	0.0	58.15815815815816
-3.711024697458403e-11	1.0000000000371103	0.0	58.25825825825826
-3.700869184659125e-11	1.0000000000370086	0.0	58.35835835835836
-3.6907136718598474e-11	1.0000000000369071	0.0	58.45845845845846
-3.680558159060569e-11	1.0000000000368054	0.0	58.55855855855856
-3.670402646261291e-11	1.000000000036704	0.0	58.65865865865866
-3.660247133462013e-11	1.0000000000366025	0.0	58.75875875875876
-3.6500916206627354e-11	1.0000000000365008	0.0	58.85885885885886
-3.639936107863457e-11	1.0000000000363993	0.0	58.95895895895896
-3.629780595064179e-11	1.0000000000362979	0.0	59.05905905905906
-3.619625082264901e-11	1.0000000000361962	0.0	59.15915915915916
-3.6094695694656234e-11	1.0000000000360947	0.0	59.25925925925926
-3.599314056666345e-11	1.0000000000359932	0.0	59.35935935935936
-3.589158543867067e-11	1.0000000000358915	0.0	59.45945945945946
-3.579003031067789e-11	1.00000000003579	0.0	59.55955955955956
-3.5688475182685107e-11	1.0000000000356883	0.0	59.65965965965966
-3.558692005469233e-11	1.0000000000355869	0.0	59.75975975975976
-3.548536492669954e-11	1.0000000000354854	0.0	59.85985985985987
-3.538380979870676e-11	1.0000000000353837	0.0	59.95995995995997
-3.528225467071398e-11	1.0000000000352822	0.0	60.06006006006007
-3.51806995427212e-11	1.0000000000351807	0.0	60.16016016016017
-3.5079144414728417e-11	1.000000000035079	0.0	60.26026026026027
-3.497758928673564e-11	1.0000000000349776	0.0	60.36036036036037
-3.487603415874286e-11	1.000000000034876	0.0	60.46046046046047
-3.477447903075008e-11	1.0000000000347744	0.0	60.56056056056057
-3.4672923902757296e-11	1.000000000034673	0.0	60.66066066066067
-3.457136877476452e-11	1.0000000000345712	0.0	60.76076076076077
-3.446981364677174e-11	1.0000000000344698	0.0	60.86086086086087
-3.436825851877896e-11	1.0000000000343683	0.0	60.96096096096097
-3.4266703390786176e-11	1.0000000000342666	0.0	61.06106106106107
-3.41651482627934e-11	1.0000000000341651	0.0	61.16116116116117
-3.406359313480062e-11	1.0000000000340636	0.0	61.26126126126127
-3.396203800680784e-11	1.000000000033962	0.0	61.36136136136137
-3.3860482878815056e-11	1.0000000000338605	0.0	61.46146146146147
-3.3758927750822274e-11	1.000000000033759	0.0	61.56156156156157
-3.365737262282949e-11	1.0000000000336573	0.0	61.66166166166167
-3.355581749483671e-11	1.0000000000335558	0.0	61.76176176176177
-3.3454262366843935e-11	1.0000000000334541	0.0	61.86186186186187
-3.3352707238851153e-11	1.0000000000333527	0.0	61.96196196196197
-3.325115211085837e-11	1.0000000000332512	0.0	62.06206206206207
-3.314959698286559e-11	1.0000000000331495	0.0	62.16216216216217
-3.304804185487281e-11	1.000000000033048	0.0	62.26226226226227
-3.294648672688003e-11	1.0000000000329465	0.0	62.36236236236237
-3.284493159888725e-11	1.0000000000328448	0.0	62.46246246246247
-3.274337647089447e-11	1.0000000000327434	0.0	62.56256256256257
-3.264182134290169e-11	1.000000000032642	0.0	62.66266266266267
-3.254026621490891e-11	1.0000000000325402	0.0	62.76276276276277
-3.243871108691613e-11	1.0000000000324387	0.0	62.86286286286287
-3.233715595892335e-11	1.000000000032337	0.0	62.96296296296297
-3.223560083093057e-11	1.0000000000322355	0.0	63.06306306306307
-3.213404570293779e-11	1.000000000032134	0.0	63.16316316316317
-3.203249057494501e-11	1.0000000000320324	0.0	63.26326326326327
-3.193093544695223e-11	1.000000000031931	0.0	63.36336336336337
-3.182938031895945e-11	1.0000000000318294	0.0	63.46346346346347
-3.172782519096667e-11	1.0000000000317277	0.0	63.56356356356357
-3.162627006297389e-11	1.0000000000316263	0.0	63.66366366366367
-3.152471493498111e-11	1.0000000000315248	0.0	63.76376376376377
-3.142315980698833e-11	1.000000000031423	0.0	63.86386386386387
-3.132160467899555e-11	1.0000000000313216	0.0	63.96396396396397
-3.122004955100277e-11	1.00000000003122	0.0	64.06406406406407
-3.1118494423009995e-11	1.0000000000311184	0.0	64.16416416416416
-3.1016939295017207e-11	1.000000000031017	0.0	64.26426426426427
-3.091538416702443e-11	1.0000000000309153	0.0	64.36436436436436
-3.081382903903165e-11	1.0000000000308138	0.0	64.46446446446447
-3.0712273911038874e-11	1.0000000000307123	0.0	64.56456456456456
-3.0610718783046086e-11	1.0000000000306106	0.0	64.66466466466467
-3.050916365505331e-11	1.0000000000305092	0.0	64.76476476476476
-3.040760852706053e-11	1.0000000000304077	0.0	64.86486486486487
-3.0306053399067754e-11	1.000000000030306	0.0	64.96496496496496
-3.0204498271074966e-11	1.0000000000302045	0.0	65.06506506506507
-3.010294314308219e-11	1.0000000000301028	0.0	65.16516516516516
-3.00013880150894e-11	1.0000000000300013	0.0	65.26526526526527
-2.9899832887096634e-11	1.0000000000298999	0.0	65.36536536536536
-2.979827775910384e-11	1.0000000000297982	0.0	65.46546546546547
-2.969672263111107e-11	1.0000000000296967	0.0	65.56556556556556
-2.959516750311828e-11	1.0000000000295952	0.0	65.66566566566567
-2.9493612375125513e-11	1.0000000000294935	0.0	65.76576576576576
-2.939205724713272e-11	1.000000000029392	0.0	65.86586586586587
-2.929050211913995e-11	1.0000000000292906	0.0	65.96596596596596
-2.918894699114716e-11	1.0000000000291889	0.0	66.06606606606607
-2.908739186315439e-11	1.0000000000290874	0.0	66.16616616616616
-2.89858367351616e-11	1.0000000000289857	0.0	66.26626626626627
-2.8884281607168827e-11	1.0000000000288842	0.0	66.36636636636636
-2.878272647917604e-11	1.0000000000287828	0.0	66.46646646646647
-2.868117135118327e-11	1.000000000028681	0.0	66.56656656656656
-2.8579616223190478e-11	1.0000000000285796	0.0	66.66666666666667
-2.8478061095197706e-11	1.000000000028478	0.0	66.76676676676676
-2.8376505967204918e-11	1.0000000000283764	0.0	66.86686686686687
-2.8274950839212146e-11	1.000000000028275	0.0	66.96696696696696
-2.8173395711219358e-11	1.0000000000281735	0.0	67.06706706706707
-2.8071840583226586e-11	1.0000000000280718	0.0	67.16716716716716
-2.7970285455233798e-11	1.0000000000279703	0.0	67.26726726726727
-2.7868730327241026e-11	1.0000000000278686	0.0	67.36736736736736
-2.7767175199248234e-11	1.0000000000277671	0.0	67.46746746746747
-2.7665620071255462e-11	1.0000000000276656	0.0	67.56756756756756
-2.7564064943262677e-11	1.000000000027564	0.0	67.66766766766767
-2.7462509815269905e-11	1.0000000000274625	0.0	67.76776776776777
-2.7360954687277114e-11	1.000000000027361	0.0	67.86786786786787
-2.7259399559284342e-11	1.0000000000272593	0.0	67.96796796796797
-2.7157844431291557e-11	1.0000000000271578	0.0	68.06806806806807
-2.7056289303298785e-11	1.0000000000270564	0.0	68.16816816816817
-2.6954734175305994e-11	1.0000000000269547	0.0	68.26826826826827
-2.6853179047313205e-11	1.0000000000268532	0.0	68.36836836836838
-2.6751623919320433e-11	1.0000000000267515	0.0	68.46846846846847
-2.665006879132765e-11	1.00000000002665	0.0	68.56856856856858
-2.654851366333487e-11	1.0000000000265485	0.0	68.66866866866867
-2.6446958535342085e-11	1.0000000000264468	0.0	68.76876876876878
-2.6345403407349313e-11	1.0000000000263454	0.0	68.86886886886887
-2.6243848279356528e-11	1.000000000026244	0.0	68.96896896896898
-2.614229315136375e-11	1.0000000000261422	0.0	69.06906906906907
-2.6040738023370965e-11	1.0000000000260407	0.0	69.16916916916918
-2.5939182895378193e-11	1.0000000000259393	0.0	69.26926926926927
-2.5837627767385405e-11	1.0000000000258376	0.0	69.36936936936938
-2.573607263939263e-11	1.000000000025736	0.0	69.46946946946947
-2.5634517511399844e-11	1.0000000000256344	0.0	69.56956956956958
-2.5532962383407072e-11	1.000000000025533	0.0	69.66966966966967
-2.5431407255414284e-11	1.0000000000254314	0.0	69.76976976976978
-2.532985212742151e-11	1.0000000000253297	0.0	69.86986986986987
-2.522829699942872e-11	1.0000000000252283	0.0	69.96996996996998
-2.512674187143595e-11	1.0000000000251268	0.0	70.07007007007007
-2.5025186743443164e-11	1.000000000025025	0.0	70.17017017017018
-2.4923631615450385e-11	1.0000000000249236	0.0	70.27027027027027
-2.48220764874576e-11	1.0000000000248221	0.0	70.37037037037038
-2.472052135946483e-11	1.0000000000247204	0.0	70.47047047047047
-2.4618966231472044e-11	1.000000000024619	0.0	70.57057057057058
-2.4517411103479265e-11	1.0000000000245173	0.0	70.67067067067067
-2.441585597548648e-11	1.0000000000244158	0.0	70.77077077077078
-2.4314300847493708e-11	1.0000000000243143	0.0	70.87087087087087
-2.421274571950092e-11	1.0000000000242126	0.0	70.97097097097098
-2.4111190591508145e-11	1.0000000000241112	0.0	71.07107107107107
-2.4009635463515357e-11	1.0000000000240097	0.0	71.17117117117118
-2.3908080335522588e-11	1.000000000023908	0.0	71.27127127127127
-2.38065252075298e-11	1.0000000000238065	0.0	71.37137137137138
-2.3704970079537024e-11	1.000000000023705	0.0	71.47147147147147
-2.3603414951544236e-11	1.0000000000236033	0.0	71.57157157157158
-2.3501859823551464e-11	1.0000000000235019	0.0	71.67167167167167
-2.340030469555868e-11	1.0000000000234002	0.0	71.77177177177178
-2.32987495675659e-11	1.0000000000232987	0.0	71.87187187187187
-2.3197194439573116e-11	1.0000000000231972	0.0	71.97197197197198
-2.3095639311580344e-11	1.0000000000230955	0.0	72.07207207207207
-2.2994084183587556e-11	1.000000000022994	0.0	72.17217217217218
-2.2892529055594784e-11	1.0000000000228926	0.0	72.27227227227228
-2.2790973927601996e-11	1.0000000000227909	0.0	72.37237237237238
-2.2689418799609224e-11	1.0000000000226894	0.0	72.47247247247248
-2.2587863671616435e-11	1.000000000022588	0.0	72.57257257257258
-2.2486308543623663e-11	1.0000000000224862	0.0	72.67267267267268
-2.2384753415630872e-11	1.0000000000223848	0.0	72.77277277277278
-2.22831982876381e-11	1.000000000022283	0.0	72.87287287287288
-2.2181643159645312e-11	1.0000000000221816	0.0	72.97297297297298
-2.208008803165254e-11	1.0000000000220801	0.0	73.07307307307308
-2.1978532903659752e-11	1.0000000000219784	0.0	73.17317317317318
-2.187697777566698e-11	1.000000000021877	0.0	73.27327327327328
-2.177542264767419e-11	1.0000000000217755	0.0	73.37337337337338
-2.167386751968142e-11	1.0000000000216738	0.0	73.47347347347348
-2.157231239168863e-11	1.0000000000215723	0.0	73.57357357357358
-2.147075726369586e-11	1.0000000000214708	0.0	73.67367367367368
-2.136920213570307e-11	1.0000000000213691	0.0	73.77377377377378
-2.12676470077103e-11	1.0000000000212677	0.0	73.87387387387388
-2.116609187971751e-11	1.000000000021166	0.0	73.97397397397398
-2.106453675172474e-11	1.0000000000210645	0.0	74.07407407407408
-2.0962981623731948e-11	1.000000000020963	0.0	74.17417417417418
-2.086142649573918e-11	1.0000000000208613	0.0	74.27427427427428
-2.0759871367746387e-11	1.0000000000207598	0.0	74.37437437437438
-2.0658316239753615e-11	1.0000000000206584	0.0	74.47447447447448
-2.0556761111760827e-11	1.0000000000205567	0.0	74.57457457457458
-2.0455205983768055e-11	1.0000000000204552	0.0	74.67467467467468
-2.0353650855775267e-11	1.0000000000203537	0.0	74.77477477477478
-2.0252095727782495e-11	1.000000000020252	0.0	74.87487487487488
-2.0150540599789707e-11	1.0000000000201505	0.0	74.97497497497498
-2.0048985471796935e-11	1.0000000000200489	0.0	75.07507507507508
-1.9947430343804147e-11	1.0000000000199474	0.0	75.17517517517518
-1.9845875215811375e-11	1.000000000019846	0.0	75.27527527527528
-1.9744320087818587e-11	1.0000000000197442	0.0	75.37537537537538
-1.9642764959825815e-11	1.0000000000196427	0.0	75.47547547547548
-1.9541209831833026e-11	1.0000000000195413	0.0	75.57557557557558
-1.9439654703840254e-11	1.0000000000194396	0.0	75.67567567567568
-1.9338099575847463e-11	1.000000000019338	0.0	75.77577577577578
-1.923654444785469e-11	1.0000000000192366	0.0	75.87587587587588
-1.9134989319861903e-11	1.000000000019135	0.0	75.97597597597598
-1.903343419186913e-11	1.0000000000190334	0.0	76.07607607607608
-1.8931879063876343e-11	1.0000000000189317	0.0	76.17617617617618
-1.883032393588357e-11	1.0000000000188303	0.0	76.27627627627628
-1.8728768807890783e-11	1.0000000000187288	0.0	76.37637637637638
-1.862721367989801e-11	1.000000000018627	0.0	76.47647647647648
-1.8525658551905222e-11	1.0000000000185256	0.0	76.57657657657658
-1.842410342391245e-11	1.0000000000184242	0.0	76.67667667667668
-1.8322548295919662e-11	1.0000000000183225	0.0	76.77677677677679
-1.822099316792689e-11	1.000000000018221	0.0	76.87687687687688
-1.8119438039934102e-11	1.0000000000181195	0.0	76.97697697697699
-1.801788291194133e-11	1.0000000000180178	0.0	77.07707707707708
-1.791632778394854e-11	1.0000000000179163	0.0	77.17717717717719
-1.781477265595577e-11	1.0000000000178146	0.0	77.27727727727728
-1.771321752796298e-11	1.0000000000177132	0.0	77.37737737737739
-1.7611662399970206e-11	1.0000000000176117	0.0	77.47747747747748
-1.7510107271977418e-11	1.00000000001751	0.0	77.57757757757759
-1.7408552143984646e-11	1.0000000000174085	0.0	77.67767767767768
-1.7306997015991858e-11	1.000000000017307	0.0	77.77777777777779
-1.7205441887999086e-11	1.0000000000172053	0.0	77.87787787787788
-1.7103886760006298e-11	1.0000000000171039	0.0	77.97797797797799
-1.7002331632013526e-11	1.0000000000170024	0.0	78.07807807807808
-1.6900776504020738e-11	1.0000000000169007	0.0	78.17817817817819
-1.6799221376027966e-11	1.0000000000167992	0.0	78.27827827827828
-1.6697666248035178e-11	1.0000000000166975	0.0	78.37837837837839
-1.6596111120042406e-11	1.000000000016596	0.0	78.47847847847848
-1.6494555992049617e-11	1.0000000000164946	0.0	78.57857857857859
-1.6393000864056845e-11	1.0000000000163929	0.0	78.67867867867868
-1.6291445736064054e-11	1.0000000000162914	0.0	78.77877877877879
-1.6189890608071282e-11	1.00000000001619	0.0	78.87887887887888
-1.6088335480078494e-11	1.0000000000160882	0.0	78.97897897897899
-1.5986780352085722e-11	1.0000000000159868	0.0	79.07907907907908
-1.5885225224092934e-11	1.0000000000158853	0.0	79.17917917917919
-1.5783670096100162e-11	1.0000000000157836	0.0	79.27927927927928
-1.5682114968107374e-11	1.0000000000156821	0.0	79.37937937937939
-1.55805598401146e-11	1.0000000000155804	0.0	79.47947947947948
-1.5479004712121813e-11	1.000000000015479	0.0	79.57957957957959
-1.537744958412904e-11	1.0000000000153775	0.0	79.67967967967968
-1.527589445613625e-11	1.0000000000152758	0.0	79.77977977977979
-1.517433932814348e-11	1.0000000000151743	0.0	79.87987987987988
-1.5072784200150693e-11	1.0000000000150728	0.0	79.97997997997999
-1.4971229072157918e-11	1.0000000000149711	0.0	80.08008008008008
-1.486967394416513e-11	1.0000000000148697	0.0	80.18018018018019
-1.476811881617236e-11	1.0000000000147682	0.0	80.28028028028028
-1.4666563688179573e-11	1.0000000000146665	0.0	80.38038038038039
-1.4565008560186797e-11	1.000000000014565	0.0	80.48048048048048
-1.446345343219401e-11	1.0000000000144633	0.0	80.58058058058059
-1.4361898304201236e-11	1.0000000000143618	0.0	80.68068068068068
-1.4260343176208449e-11	1.0000000000142604	0.0	80.78078078078079
-1.4158788048215675e-11	1.0000000000141587	0.0	80.88088088088088
-1.4057232920222889e-11	1.0000000000140572	0.0	80.98098098098099
-1.3955677792230114e-11	1.0000000000139557	0.0	81.08108108108108
-1.3854122664237329e-11	1.000000000013854	0.0	81.18118118118119
-1.3752567536244554e-11	1.0000000000137526	0.0	81.28128128128128
-1.3651012408251767e-11	1.000000000013651	0.0	81.38138138138139
-1.3549457280258993e-11	1.0000000000135494	0.0	81.48148148148148
-1.3447902152266207e-11	1.000000000013448	0.0	81.58158158158159
-1.3346347024273433e-11	1.0000000000133462	0.0	81.68168168168168
-1.3244791896280647e-11	1.0000000000132447	0.0	81.78178178178179
-1.3143236768287871e-11	1.0000000000131433	0.0	81.88188188188188
-1.3041681640295086e-11	1.0000000000130416	0.0	81.98198198198199
-1.2940126512302311e-11	1.00000000001294	0.0	82.08208208208208
-1.2838571384309525e-11	1.0000000000128386	0.0	82.18218218218219
-1.2737016256316751e-11	1.000000000012737	0.0	82.28228228228228
-1.2635461128323965e-11	1.0000000000126354	0.0	82.38238238238239
-1.2533906000331191e-11	1.000000000012534	0.0	82.48248248248248
-1.2432350872338404e-11	1.0000000000124323	0.0	82.58258258258259
-1.2330795744345629e-11	1.0000000000123308	0.0	82.68268268268268
-1.2229240616352843e-11	1.000000000012229	0.0	82.78278278278279
-1.212768548836007e-11	1.0000000000121276	0.0	82.88288288288288
-1.2026130360367282e-11	1.0000000000120262	0.0	82.98298298298299
-1.192457523237451e-11	1.0000000000119245	0.0	83.08308308308308
-1.1823020104381722e-11	1.000000000011823	0.0	83.18318318318319
-1.1721464976388949e-11	1.0000000000117215	0.0	83.28328328328328
-1.1619909848396162e-11	1.0000000000116198	0.0	83.38338338338339
-1.1518354720403388e-11	1.0000000000115183	0.0	83.48348348348348
-1.14167995924106e-11	1.0000000000114169	0.0	83.58358358358359
-1.1315244464417828e-11	1.0000000000113152	0.0	83.68368368368368
-1.121368933642504e-11	1.0000000000112137	0.0	83.78378378378379
-1.1112134208432266e-11	1.000000000011112	0.0	83.88388388388388
-1.101057908043948e-11	1.0000000000110105	0.0	83.98398398398399
-1.0909023952446706e-11	1.000000000010909	0.0	84.08408408408408
-1.080746882445392e-11	1.0000000000108074	0.0	84.18418418418419
-1.0705913696461146e-11	1.0000000000107059	0.0	84.28428428428428
-1.0604358568468358e-11	1.0000000000106044	0.0	84.38438438438439
-1.0502803440475586e-11	1.0000000000105027	0.0	84.48448448448448
-1.0401248312482798e-11	1.0000000000104012	0.0	84.58458458458459
-1.0299693184490024e-11	1.0000000000102998	0.0	84.68468468468468
-1.0198138056497238e-11	1.000000000010198	0.0	84.78478478478479
-1.0096582928504464e-11	1.0000000000100966	0.0	84.88488488488488
-9.995027800511677e-12	1.000000000009995	0.0	84.98498498498499
-9.893472672518904e-12	1.0000000000098934	0.0	85.08508508508508
-9.791917544526116e-12	1.000000000009792	0.0	85.18518518518519
-9.690362416533344e-12	1.0000000000096902	0.0	85.28528528528528
-9.588807288540556e-12	1.0000000000095888	0.0	85.38538538538539
-9.487252160547767e-12	1.0000000000094873	0.0	85.4854854854855
-9.385697032554995e-12	1.0000000000093856	0.0	85.58558558558559
-9.284141904562207e-12	1.0000000000092841	0.0	85.6856856856857
-9.182586776569434e-12	1.0000000000091827	0.0	85.78578578578579
-9.081031648576647e-12	1.000000000009081	0.0	85.8858858858859
-8.979476520583873e-12	1.0000000000089795	0.0	85.98598598598599
-8.877921392591087e-12	1.0000000000088778	0.0	86.0860860860861
-8.776366264598313e-12	1.0000000000087763	0.0	86.18618618618619
-8.674811136605525e-12	1.0000000000086748	0.0	86.2862862862863
-8.573256008612751e-12	1.0000000000085731	0.0	86.38638638638639
-8.471700880619965e-12	1.0000000000084717	0.0	86.4864864864865
-8.370145752627191e-12	1.0000000000083702	0.0	86.58658658658659
-8.268590624634405e-12	1.0000000000082685	0.0	86.6866866866867
-8.167035496641631e-12	1.000000000008167	0.0	86.78678678678679
-8.065480368648843e-12	1.0000000000080655	0.0	86.8868868868869
-7.963925240656071e-12	1.0000000000079639	0.0	86.98698698698699
-7.862370112663283e-12	1.0000000000078624	0.0	87.0870870870871
-7.76081498467051e-12	1.0000000000077607	0.0	87.18718718718719
-7.659259856677723e-12	1.0000000000076592	0.0	87.2872872872873
-7.55770472868495e-12	1.0000000000075577	0.0	87.38738738738739
-7.456149600692162e-12	1.000000000007456	0.0	87.4874874874875
-7.354594472699389e-12	1.0000000000073546	0.0	87.58758758758759
-7.2530393447066014e-12	1.000000000007253	0.0	87.6876876876877
-7.151484216713829e-12	1.0000000000071514	0.0	87.78778778778779
-7.0499290887210405e-12	1.00000000000705	0.0	87.8878878878879
-6.948373960728268e-12	1.0000000000069484	0.0	87.98798798798799
-6.84681883273548e-12	1.0000000000068467	0.0	88.0880880880881
-6.745263704742707e-12	1.0000000000067453	0.0	88.18818818818819
-6.643708576749919e-12	1.0000000000066436	0.0	88.2882882882883
-6.542153448757146e-12	1.000000000006542	0.0	88.38838838838839
-6.440598320764358e-12	1.0000000000064406	0.0	88.4884884884885
-6.3390431927715855e-12	1.000000000006339	0.0	88.58858858858859
-6.237488064778798e-12	1.0000000000062375	0.0	88.6886886886887
-6.1359329367860246e-12	1.000000000006136	0.0	88.78878878878879
-6.034377808793237e-12	1.0000000000060343	0.0	88.8888888888889
-5.932822680800464e-12	1.0000000000059328	0.0	88.988988988989
-5.831267552807677e-12	1.0000000000058313	0.0	89.0890890890891
-5.7297124248149034e-12	1.0000000000057296	0.0	89.1891891891892
-5.628157296822116e-12	1.0000000000056282	0.0	89.2892892892893
-5.526602168829343e-12	1.0000000000055265	0.0	89.3893893893894
-5.425047040836555e-12	1.000000000005425	0.0	89.4894894894895
-5.323491912843782e-12	1.0000000000053235	0.0	89.5895895895896
-5.221936784850995e-12	1.0000000000052218	0.0	89.6896896896897
-5.120381656858222e-12	1.0000000000051203	0.0	89.7897897897898
-5.018826528865434e-12	1.0000000000050189	0.0	89.8898898898899
-4.917271400872661e-12	1.0000000000049172	0.0	89.98998998999
-4.815716272879874e-12	1.0000000000048157	0.0	90.0900900900901
-4.7141611448871e-12	1.0000000000047142	0.0	90.1901901901902
-4.6126060168943136e-12	1.0000000000046125	0.0	90.2902902902903
-4.51105088890154e-12	1.000000000004511	0.0	90.3903903903904
-4.409495760908753e-12	1.0000000000044094	0.0	90.4904904904905
-4.30794063291598e-12	1.0000000000043079	0.0	90.5905905905906
-4.206385504923192e-12	1.0000000000042064	0.0	90.6906906906907
-4.104830376930419e-12	1.0000000000041047	0.0	90.7907907907908
-4.0032752489376315e-12	1.0000000000040032	0.0	90.8908908908909
-3.901720120944858e-12	1.0000000000039018	0.0	90.990990990991
-3.8001649929520705e-12	1.0000000000038	0.0	91.0910910910911
-3.698609864959298e-12	1.0000000000036986	0.0	91.1911911911912
-3.59705473696651e-12	1.0000000000035971	0.0	91.2912912912913
-3.495499608973737e-12	1.0000000000034954	0.0	91.3913913913914
-3.3939444809809493e-12	1.000000000003394	0.0	91.4914914914915
-3.2923893529881765e-12	1.0000000000032923	0.0	91.5915915915916
-3.1908342249953888e-12	1.0000000000031908	0.0	91.6916916916917
-3.0892790970026156e-12	1.0000000000030893	0.0	91.7917917917918
-2.987723969009828e-12	1.0000000000029876	0.0	91.8918918918919
-2.8861688410170554e-12	1.0000000000028861	0.0	91.991991991992
-2.7846137130242676e-12	1.0000000000027847	0.0	92.0920920920921
-2.6830585850314944e-12	1.000000000002683	0.0	92.1921921921922
-2.581503457038707e-12	1.0000000000025815	0.0	92.2922922922923
-2.479948329045934e-12	1.00000000000248	0.0	92.3923923923924
-2.378393201053146e-12	1.0000000000023783	0.0	92.4924924924925
-2.2768380730603733e-12	1.0000000000022768	0.0	92.5925925925926
-2.175282945067586e-12	1.0000000000021751	0.0	92.6926926926927
-2.0737278170748127e-12	1.0000000000020737	0.0	92.7927927927928
-1.972172689082025e-12	1.0000000000019722	0.0	92.8928928928929
-1.870617561089252e-12	1.0000000000018705	0.0	92.992992992993
-1.7690624330964646e-12	1.000000000001769	0.0	93.0930930930931
-1.6675073051036915e-12	1.0000000000016676	0.0	93.1931931931932
-1.565952177110904e-12	1.0000000000015659	0.0	93.2932932932933
-1.4643970491181308e-12	1.0000000000014644	0.0	93.3933933933934
-1.3628419211253432e-12	1.000000000001363	0.0	93.4934934934935
-1.3499702752332925e-12	1.0000000000013498	0.0	93.5935935935936
-1.3468962512798482e-12	1.0000000000013467	0.0	93.6936936936937
-1.3438222273264046e-12	1.0000000000013438	0.0	93.7937937937938
-1.3407482033729603e-12	1.0000000000013407	0.0	93.8938938938939
-1.3376741794195166e-12	1.0000000000013376	0.0	93.993993993994
-1.3346001554660724e-12	1.0000000000013345	0.0	94.0940940940941
-1.3315261315126287e-12	1.0000000000013314	0.0	94.1941941941942
-1.3284521075591844e-12	1.0000000000013283	0.0	94.2942942942943
-1.3253780836057408e-12	1.0000000000013254	0.0	94.3943943943944
-1.3223040596522967e-12	1.0000000000013223	0.0	94.4944944944945
-1.3192300356988528e-12	1.0000000000013192	0.0	94.5945945945946
-1.3161560117454088e-12	1.000000000001316	0.0	94.6946946946947
-1.313081987791965e-12	1.000000000001313	0.0	94.7947947947948
-1.3100079638385208e-12	1.0000000000013098	0.0	94.8948948948949
-1.306933939885077e-12	1.0000000000013067	0.0	94.994994994995
-1.3038599159316329e-12	1.0000000000013038	0.0	95.0950950950951
-1.300785891978189e-12	1.0000000000013007	0.0	95.1951951951952
-1.297711868024745e-12	1.0000000000012976	0.0	95.2952952952953
-1.294637844071301e-12	1.0000000000012945	0.0	95.3953953953954
-1.291563820117857e-12	1.0000000000012914	0.0	95.4954954954955
-1.2884897961644132e-12	1.0000000000012883	0.0	95.5955955955956
-1.285415772210969e-12	1.0000000000012854	0.0	95.6956956956957
-1.2823417482575252e-12	1.0000000000012823	0.0	95.7957957957958
-1.2792677243040812e-12	1.0000000000012792	0.0	95.8958958958959
-1.2761937003506375e-12	1.000000000001276	0.0	95.995995995996
-1.2731196763971932e-12	1.000000000001273	0.0	96.0960960960961
-1.2700456524437496e-12	1.0000000000012699	0.0	96.1961961961962
-1.2669716284903053e-12	1.000000000001267	0.0	96.2962962962963
-1.2638976045368616e-12	1.0000000000012639	0.0	96.3963963963964
-1.2608235805834174e-12	1.0000000000012608	0.0	96.4964964964965
-1.2577495566299737e-12	1.0000000000012577	0.0	96.5965965965966
-1.2546755326765294e-12	1.0000000000012546	0.0	96.6966966966967
-1.2516015087230858e-12	1.0000000000012514	0.0	96.7967967967968
-1.2485274847696417e-12	1.0000000000012483	0.0	96.8968968968969
-1.2454534608161978e-12	1.0000000000012454	0.0	96.996996996997
-1.2423794368627537e-12	1.0000000000012423	0.0	97.0970970970971
-1.2393054129093099e-12	1.0000000000012392	0.0	97.1971971971972
-1.2362313889558658e-12	1.0000000000012361	0.0	97.2972972972973
-1.233157365002422e-12	1.000000000001233	0.0	97.3973973973974
-1.2300833410489779e-12	1.00000000000123	0.0	97.4974974974975
-1.227009317095534e-12	1.000000000001227	0.0	97.5975975975976
-1.22393529314209e-12	1.000000000001224	0.0	97.6976976976977
-1.220861269188646e-12	1.0000000000012208	0.0	97.7977977977978
-1.217787245235202e-12	1.0000000000012177	0.0	97.8978978978979
-1.2147132212817581e-12	1.0000000000012146	0.0	97.997997997998
-1.211639197328314e-12	1.0000000000012115	0.0	98.0980980980981
-1.2085651733748702e-12	1.0000000000012084	0.0	98.1981981981982
-1.2054911494214261e-12	1.0000000000012055	0.0	98.2982982982983
-1.2024171254679825e-12	1.0000000000012024	0.0	98.3983983983984
-1.1993431015145382e-12	1.0000000000011993	0.0	98.4984984984985
-1.1962690775610945e-12	1.0000000000011962	0.0	98.5985985985986
-1.1931950536076503e-12	1.000000000001193	0.0	98.6986986986987
-1.1901210296542066e-12	1.00000000000119	0.0	98.7987987987988
-1.1870470057007623e-12	1.000000000001187	0.0	98.8988988988989
-1.1839729817473187e-12	1.000000000001184	0.0	98.998998998999
-1.1808989577938744e-12	1.0000000000011808	0.0	99.0990990990991
-1.1778249338404307e-12	1.0000000000011777	0.0	99.1991991991992
-1.1747509098869865e-12	1.0000000000011746	0.0	99.2992992992993
-1.1716768859335428e-12	1.0000000000011715	0.0	99.3993993993994
-1.1686028619800987e-12	1.0000000000011686	0.0	99.4994994994995
-1.1655288380266549e-12	1.0000000000011655	0.0	99.5995995995996
-1.1624548140732108e-12	1.0000000000011624	0.0	99.6996996996997
-1.159380790119767e-12	1.0000000000011593	0.0	99.7997997997998
-1.1563067661663229e-12	1.0000000000011562	0.0	99.8998998998999
-1.153232742212879e-12	1.000000000001153	0.0	100.0
