0.999	0.001	0.0	0.0
0.9989487238017818	0.0010512761982182667	0.0	0.1001001001001001
0.9988948215846075	0.0011051784153925212	0.0	0.2002002002002002
0.998838164352418	0.001161835647582027	0.0	0.3003003003003003
0.998778616412563	0.0012213835874369827	0.0	0.4004004004004004
0.9987160110929054	0.0012839889070945499	0.0	0.5005005005005005
0.998650197799757	0.0013498022002430775	0.0	0.6006006006006006
0.9985810175177918	0.0014189824822081728	0.0	0.7007007007007008
0.9985082950922352	0.0014917049077648572	0.0	0.8008008008008008
0.9984318528288354	0.0015681471711645907	0.0	0.9009009009009009
0.9983514993352207	0.0016485006647792289	0.0	1.001001001001001
0.9982670385102692	0.0017329614897307296	0.0	1.1011011011011012
0.9981782589160072	0.0018217410839927923	0.0	1.2012012012012012
0.9980849402904924	0.0019150597095076065	0.0	1.3013013013013013
0.9979868510199233	0.0020131489800767396	0.0	1.4014014014014016
0.9978837485942799	0.002116251405720149	0.0	1.5015015015015016
0.997775376737005	0.0022246232629949273	0.0	1.6016016016016017
0.9976614668571393	0.0023385331428606923	0.0	1.7017017017017018
0.9975417379439747	0.00245826205602528	0.0	1.8018018018018018
0.9974158961037918	0.0025841038962081866	0.0	1.9019019019019021
0.9972836293976826	0.002716370602317469	0.0	2.002002002002002
0.9971446114579804	0.002855388542019583	0.0	2.1021021021021022
0.9969985021027187	0.003001497897281358	0.0	2.2022022022022023
0.9968449382356807	0.003155061764319345	0.0	2.3023023023023024
0.9966835438605758	0.003316456139424252	0.0	2.4024024024024024
0.9965139238242048	0.0034860761757951842	0.0	2.5025025025025025
0.9963356590155222	0.0036643409844777956	0.0	2.6026026026026026
0.9961483129264711	0.0038516870735289415	0.0	2.702702702702703
0.9959514284574834	0.004048571542516586	0.0	2.802802802802803
0.9957445255560253	0.004255474443974616	0.0	2.902902902902903
0.9955270976769547	0.004472902323045329	0.0	3.0030030030030033
0.9952986136530299	0.0047013863469701185	0.0	3.1031031031031033
0.9950585154082784	0.0049414845917215445	0.0	3.2032032032032034
0.9948062174553758	0.005193782544624243	0.0	3.3033033033033035
0.9945411078361905	0.005458892163809518	0.0	3.4034034034034035
0.9942625436051766	0.005737456394823392	0.0	3.5035035035035036
0.9939698507243153	0.0060301492756846525	0.0	3.6036036036036037
0.9936623220031807	0.006337677996819349	0.0	3.7037037037037037
0.9933392140812815	0.006660785918718634	0.0	3.8038038038038042
0.9929997490396272	0.007000250960372902	0.0	3.9039039039039043
0.9926431120695747	0.007356887930425412	0.0	4.004004004004004
0.9922684484396156	0.0077315515603845674	0.0	4.104104104104104
0.9918748597880624	0.008125140211937722	0.0	4.2042042042042045
0.9914614067089986	0.008538593291001463	0.0	4.3043043043043046
0.9910271056689173	0.008972894331082787	0.0	4.404404404404405
0.9905709255112614	0.009429074488738736	0.0	4.504504504504505
0.9900917843019129	0.00990821569808716	0.0	4.604604604604605
0.9895885506672583	0.0104114493327419	0.0	4.704704704704705
0.9890600411623821	0.01093995883761802	0.0	4.804804804804805
0.9885050157165057	0.011494984283494427	0.0	4.904904904904905
0.987922174276379	0.012077825723621136	0.0	5.005005005005005
0.9873101589437784	0.01268984105622181	0.0	5.105105105105105
0.9866675497845312	0.013332450215468972	0.0	5.205205205205205
0.9859928624094901	0.014007137590510014	0.0	5.305305305305305
0.9852845441733994	0.014715455826600776	0.0	5.405405405405406
0.984540970401999	0.015459029598001198	0.0	5.505505505505506
0.983760444215324	0.016239555784676153	0.0	5.605605605605606
0.982941192373389	0.01705880762661118	0.0	5.705705705705706
0.9820813621166891	0.017918637883311123	0.0	5.805805805805806
0.9811790206018536	0.018820979398146663	0.0	5.9059059059059065
0.980232154719139	0.0197678452808612	0.0	6.0060060060060065
0.9792386616089466	0.020761338391053635	0.0	6.106106106106107
0.9781963481673128	0.021803651832687326	0.0	6.206206206206207
0.9771029279887755	0.02289707201122467	0.0	6.306306306306307
0.9759560202610478	0.024043979738952455	0.0	6.406406406406407
0.9747531496341619	0.02524685036583833	0.0	6.506506506506507
0.973491737525809	0.026508262474191285	0.0	6.606606606606607
0.9721691013577031	0.02783089864229716	0.0	6.706706706706707
0.9707824516791302	0.029217548320869993	0.0	6.806806806806807
0.9693288915720957	0.03067110842790459	0.0	6.906906906906907
0.9678054180708386	0.03219458192916162	0.0	7.007007007007007
0.9662089120976662	0.033791087902334066	0.0	7.107107107107107
0.9645361386698648	0.035463861330135495	0.0	7.207207207207207
0.9627837445957549	0.037216255404245356	0.0	7.307307307307307
0.960948258557806	0.0390517414421944	0.0	7.407407407407407
0.9590261019808517	0.040973898019148705	0.0	7.507507507507508
0.9570135667279348	0.04298643327206569	0.0	7.6076076076076085
0.9549068289498147	0.04509317105018568	0.0	7.7077077077077085
0.9527019441604418	0.0472980558395586	0.0	7.807807807807809
0.950394849408977	0.04960515059102345	0.0	7.907907907907909
0.9479813644903216	0.052018635509678904	0.0	8.008008008008009
0.9454571931010565	0.054542806898943946	0.0	8.108108108108109
0.9428179266315923	0.05718207336840819	0.0	8.208208208208209
0.9400590455906863	0.05994095440931409	0.0	8.308308308308309
0.9371759257889561	0.06282407421104438	0.0	8.408408408408409
0.934163842442078	0.06583615755792252	0.0	8.508508508508509
0.9310179745292815	0.06898202547071904	0.0	8.608608608608609
0.9277334172719159	0.07226658272808462	0.0	8.70870870870871
0.9243051803524238	0.07569481964757666	0.0	8.80880880880881
0.9207282100456643	0.07927178995433617	0.0	8.90890890890891
0.9169973860681582	0.08300261393184226	0.0	9.00900900900901
0.9131075447365484	0.08689245526345203	0.0	9.10910910910911
0.9090534897405215	0.09094651025947893	0.0	9.20920920920921
0.9048300045487135	0.09516999545128689	0.0	9.30930930930931
0.9004318668587573	0.09956813314124313	0.0	9.40940940940941
0.8958538698902931	0.10414613010970726	0.0	9.50950950950951
0.8910908435850001	0.10890915641500024	0.0	9.60960960960961
0.8861376694555426	0.11386233054445777	0.0	9.70970970970971
0.8809893133306753	0.11901068666932514	0.0	9.80980980980981
0.8756408383217602	0.12435916167824014	0.0	9.90990990990991
0.870087443061231	0.12991255693876935	0.0	10.01001001001001
0.8643244791930381	0.13567552080696235	0.0	10.11011011011011
0.8583474945563331	0.14165250544366734	0.0	10.21021021021021
0.8521522496206465	0.14784775037935394	0.0	10.31031031031031
0.8457347457051272	0.1542652542948733	0.0	10.41041041041041
0.8390912663041662	0.16090873369583433	0.0	10.51051051051051
0.8322184320239745	0.167781567976026	0.0	10.61061061061061
0.8251132254194096	0.17488677458059093	0.0	10.710710710710712
0.817773028362618	0.18222697163738252	0.0	10.810810810810812
0.8101956290349592	0.18980437096504135	0.0	10.910910910910912
0.8023792816182636	0.19762071838173703	0.0	11.011011011011012
0.7943227566027782	0.20567724339722238	0.0	11.111111111111112
0.786025374384804	0.21397462561519656	0.0	11.211211211211213
0.7774870327810306	0.22251296721897001	0.0	11.311311311311313
0.7687082363839528	0.23129176361604784	0.0	11.411411411411413
0.7596901425830522	0.24030985741694838	0.0	11.511511511511513
0.7504345855463757	0.24956541445362498	0.0	11.611611611611613
0.7409441101734603	0.2590558898265403	0.0	11.711711711711713
0.7312219931066956	0.26877800689330505	0.0	11.811811811811813
0.7212722670077807	0.2787277329922199	0.0	11.911911911911913
0.7110997411528146	0.28890025884718595	0.0	12.012012012012013
0.7007100078134447	0.2992899921865557	0.0	12.112112112112113
0.6901094606641154	0.3098905393358851	0.0	12.212212212212213
0.6793052898599451	0.32069471014005535	0.0	12.312312312312313
0.6683054857762791	0.3316945142237213	0.0	12.412412412412413
0.6571188289931407	0.3428811710068598	0.0	12.512512512512513
0.6457548741124408	0.3542451258875597	0.0	12.612612612612613
0.6342239359257376	0.36577606407426294	0.0	12.712712712712714
0.6225370581148046	0.3774629418851958	0.0	12.812812812812814
0.6107059778283201	0.3892940221716803	0.0	12.912912912912914
0.5987430847677562	0.40125691523224427	0.0	13.013013013013014
0.5866613851307606	0.41333861486923995	0.0	13.113113113113114
0.574474447238344	0.4255255527616565	0.0	13.213213213213214
0.5621963338148874	0.4378036661851131	0.0	13.313313313313314
0.5498415550878767	0.4501584449121238	0.0	13.413413413413414
0.5374249972138949	0.4625750027861056	0.0	13.513513513513514
0.5249618443937557	0.47503815560624485	0.0	13.613613613613614
0.5124675175214028	0.4875324824785977	0.0	13.713713713713714
0.4999575925981794	0.5000424074018212	0.0	13.813813813813814
0.487447719066819	0.5125522809331817	0.0	13.913913913913914
0.47495355088423813	0.5250464491157625	0.0	14.014014014014014
0.4624906625674854	0.5375093374325153	0.0	14.114114114114114
0.4500744697833075	0.5499255302166931	0.0	14.214214214214214
0.4377201598598964	0.5622798401401042	0.0	14.314314314314315
0.4254426143203641	0.5745573856796364	0.0	14.414414414414415
0.4132563383873754	0.5867436616126253	0.0	14.514514514514515
0.40117539667065605	0.5988246033293446	0.0	14.614614614614615
0.38921335069906954	0.6107866493009311	0.0	14.714714714714715
0.3773832020474597	0.622616797952541	0.0	14.814814814814815
0.3656973373297018	0.6343026626702989	0.0	14.914914914914915
0.35416748927346364	0.645832510726537	0.0	15.015015015015017
0.34280469950329934	0.6571953004967014	0.0	15.115115115115117
0.331619277214472	0.6683807227855287	0.0	15.215215215215217
0.32062076380923177	0.6793792361907689	0.0	15.315315315315317
0.3098179362803498	0.690182063719651	0.0	15.415415415415417
0.29921879106131105	0.7007812089386897	0.0	15.515515515515517
0.28883051615383004	0.7111694838461707	0.0	15.615615615615617
0.27865949083446007	0.7213405091655406	0.0	15.715715715715717
0.26871129737242294	0.7312887026275777	0.0	15.815815815815817
0.2589907352719913	0.7410092647280094	0.0	15.915915915915917
0.24950183539278836	0.7504981646072124	0.0	16.016016016016017
0.24024788003378517	0.7597521199662156	0.0	16.116116116116117
0.23123140557560554	0.7687685944243952	0.0	16.216216216216218
0.22245423988013777	0.777545760119863	0.0	16.316316316316318
0.2139175326542084	0.7860824673457923	0.0	16.416416416416418
0.20562178829629732	0.7943782117037035	0.0	16.516516516516518
0.19756689748117706	0.8024331025188237	0.0	16.616616616616618
0.18975217275683015	0.8102478272431706	0.0	16.716716716716718
0.1821763811029814	0.8178236188970194	0.0	16.816816816816818
0.17483778452535575	0.825162215474645	0.0	16.916916916916918
0.1677341770139477	0.832265822986053	0.0	17.017017017017018
0.1608629223837085	0.8391370776162922	0.0	17.117117117117118
0.1542209904824199	0.8457790095175809	0.0	17.217217217217218
0.1478049945730434	0.8521950054269573	0.0	17.31731731731732
0.14161122965488376	0.858388770345117	0.0	17.41741741741742
0.13563570435740074	0.8643642956426	0.0	17.51751751751752
0.1298741762707577	0.870125823729243	0.0	17.61761761761762
0.12432218598102308	0.8756778140189776	0.0	17.71771771771772
0.11897508506547765	0.8810249149345231	0.0	17.81781781781782
0.1138280685330249	0.8861719314669758	0.0	17.91791791791792
0.1088762035420715	0.8911237964579292	0.0	18.01801801801802
0.10411445130407128	0.8958855486959294	0.0	18.11811811811812
0.09953769201129134	0.9004623079887093	0.0	18.21821821821822
0.09514075423920669	0.9048592457607939	0.0	18.31831831831832
0.09091843280871865	0.909081567191282	0.0	18.41841841841842
0.0868655077332703	0.9131344922667304	0.0	18.51851851851852
0.08297676325017965	0.917023236749821	0.0	18.61861861861862
0.07924699888291944	0.9207530011170811	0.0	18.71871871871872
0.07567105047427233	0.9243289495257283	0.0	18.81881881881882
0.07224380334217725	0.9277561966578234	0.0	18.91891891891892
0.06896020176010065	0.9310397982398999	0.0	19.01901901901902
0.06581525693641957	0.934184743063581	0.0	19.11911911911912
0.06280406229800381	0.9371959377019967	0.0	19.21921921921922
0.059921800589387404	0.9400781994106132	0.0	19.31931931931932
0.05716374666586539	0.9428362533341352	0.0	19.41941941941942
0.05452527555000074	0.9454747244499999	0.0	19.51951951951952
0.05200186959923513	0.9479981304007654	0.0	19.61961961961962
0.04958912168784419	0.9504108783121564	0.0	19.71971971971972
0.04728273564489791	0.9527172643551027	0.0	19.81981981981982
0.045078531506951625	0.954921468493049	0.0	19.91991991991992
0.04297244708515458	0.9570275529148461	0.0	20.02002002002002
0.04096053887904798	0.9590394611209527	0.0	20.12012012012012
0.03903898254185703	0.9609610174581437	0.0	20.22022022022022
0.03720407367072137	0.9627959263292792	0.0	20.32032032032032
0.035452227648175294	0.9645477723518253	0.0	20.42042042042042
0.033779977800376976	0.9662200221996236	0.0	20.52052052052052
0.032183974577075364	0.9678160254229252	0.0	20.62062062062062
0.030660984911385147	0.9693390150886154	0.0	20.72072072072072
0.029207890205552253	0.9707921097944483	0.0	20.82082082082082
0.02782168443209112	0.9721783155679095	0.0	20.92092092092092
0.026499472071416265	0.9735005279285843	0.0	21.02102102102102
0.02523846587471649	0.9747615341252841	0.0	21.12112112112112
0.024035984438929864	0.9759640155610707	0.0	21.22122122122122
0.02288944958037694	0.9771105504196236	0.0	21.32132132132132
0.021796383865818284	0.9782036161341823	0.0	21.421421421421424
0.020754407884613257	0.9792455921153873	0.0	21.521521521521525
0.019761237413006456	0.9802387625869942	0.0	21.621621621621625
0.018814680579147963	0.9811853194208526	0.0	21.721721721721725
0.017912635044745315	0.9820873649552553	0.0	21.821821821821825
0.017053085099083598	0.982946914900917	0.0	21.921921921921925
0.016234099315224643	0.983765900684776	0.0	22.022022022022025
0.015453827433034318	0.9845461725669663	0.0	22.122122122122125
0.014710497552875007	0.9852895024471257	0.0	22.222222222222225
0.014002413435762712	0.985997586564238	0.0	22.322322322322325
0.013327951666790922	0.9866720483332098	0.0	22.422422422422425
0.012685559139094308	0.9873144408609064	0.0	22.522522522522525
0.012073750365025096	0.9879262496349756	0.0	22.622622622622625
0.01149110491867647	0.9885088950813242	0.0	22.722722722722725
0.010936265150736153	0.9890637348492645	0.0	22.822822822822825
0.010407933453079325	0.9895920665469213	0.0	22.922922922922925
0.00990486989490795	0.9900951301050928	0.0	23.023023023023026
0.009425889929041548	0.9905741100709591	0.0	23.123123123123126
0.008969862534939596	0.9910301374650611	0.0	23.223223223223226
0.008535707694909698	0.9914642923050909	0.0	23.323323323323326
0.008122394346435498	0.9918776056535652	0.0	23.423423423423426
0.007728938406757591	0.9922710615932431	0.0	23.523523523523526
0.007354400519406561	0.9926455994805942	0.0	23.623623623623626
0.0069978843902993035	0.9930021156097014	0.0	23.723723723723726
0.006658535000678949	0.9933414649993217	0.0	23.823823823823826
0.006335536815153903	0.9936644631848468	0.0	23.923923923923926
0.0060281118552546736	0.993971888144746	0.0	24.024024024024026
0.005735518200989225	0.9942644817990115	0.0	24.124124124124126
0.005457048507123346	0.9945429514928774	0.0	24.224224224224226
0.005192028460178619	0.994807971539822	0.0	24.324324324324326
0.004939815136558945	0.9950601848634417	0.0	24.424424424424426
0.004699795660962081	0.9953002043390385	0.0	24.524524524524526
0.004471385998901874	0.9955286140010988	0.0	24.624624624624627
0.0042540296182874	0.9957459703817133	0.0	24.724724724724727
0.0040471961461761	0.9959528038538246	0.0	24.824824824824827
0.003850380158549011	0.9961496198414517	0.0	24.924924924924927
0.00366310017008828	0.9963368998299124	0.0	25.025025025025027
0.0034848974870162774	0.9965151025129844	0.0	25.125125125125127
0.0033153351596335668	0.996684664840367	0.0	25.225225225225227
0.0031539969863234227	0.9968460030136772	0.0	25.325325325325327
0.003000486556732833	0.9969995134432678	0.0	25.425425425425427
0.0028544263480108473	0.9971455736519897	0.0	25.525525525525527
0.0027154568225816835	0.997284543177419	0.0	25.625625625625627
0.0025832355556572677	0.9974167644443435	0.0	25.725725725725727
0.002457436520800218	0.9975425634792005	0.0	25.825825825825827
0.00233774930181293	0.9976622506981878	0.0	25.925925925925927
0.0022238783716040343	0.9977761216283967	0.0	26.026026026026027
0.0021155423396020776	0.9978844576603987	0.0	26.126126126126128
0.0020124731842461724	0.9979875268157546	0.0	26.226226226226228
0.0019144158450281413	0.9980855841549726	0.0	26.326326326326328
0.0018211275597121838	0.9981788724402886	0.0	26.426426426426428
0.001732377311185923	0.9982676226888149	0.0	26.526526526526528
0.0016479451581237383	0.9983520548418771	0.0	26.626626626626628
0.00156762144703892	0.998432378552962	0.0	26.726726726726728
0.001491206850356419	0.9985087931496445	0.0	26.826826826826828
0.0014185117425545878	0.9985814882574463	0.0	26.926926926926928
0.0013493557770390262	0.9986506442229618	0.0	27.027027027027028
0.0012835672662139083	0.998716432733787	0.0	27.127127127127128
0.0012209822919379313	0.9987790177080629	0.0	27.227227227227228
0.0011614451929249298	0.998838554807076	0.0	27.32732732732733
0.001104807928549143	0.9988951920714517	0.0	27.42742742742743
0.0010509297355454524	0.9989490702644553	0.0	27.52752752752753
0.0009996766345352316	0.9990003233654656	0.0	27.62762762762763
0.0009509206538215959	0.9990490793461793	0.0	27.72772772772773
0.0009045403141772864	0.9990954596858236	0.0	27.82782782782783
0.0008604201069689091	0.9991395798930319	0.0	27.92792792792793
0.0008184502200627901	0.9991815497799381	0.0	28.02802802802803
0.0007785261544514016	0.9992214738455494	0.0	28.12812812812813
0.0007405480729942858	0.9992594519270065	0.0	28.22822822822823
0.0007044212253955681	0.9992955787746053	0.0	28.32832832832833
0.0006700555346504685	0.9993299444653504	0.0	28.42842842842843
0.0006373653785144978	0.9993626346214863	0.0	28.52852852852853
0.0006062692910800061	0.9993937307089208	0.0	28.62862862862863
0.000576689414234279	0.9994233105857666	0.0	28.72872872872873
0.0005485518687327536	0.9994514481312681	0.0	28.82882882882883
0.0005217864256482268	0.9994782135743526	0.0	28.92892892892893
0.0004963263301021204	0.9995036736698987	0.0	29.02902902902903
0.00047210807807989357	0.9995278919219209	0.0	29.12912912912913
0.0004490709888593744	0.9995509290111415	0.0	29.22922922922923
0.0004271574768925042	0.9995728425231084	0.0	29.32932932932933
0.0004063128075122505	0.9995936871924886	0.0	29.42942942942943
0.000386484958036127	0.9996135150419647	0.0	29.52952952952953
0.0003676244419668868	0.9996323755580339	0.0	29.62962962962963
0.00034968396837961103	0.9996503160316211	0.0	29.72972972972973
0.0003326186646924549	0.9996673813353083	0.0	29.82982982982983
0.0003163858832861348	0.9996836141167147	0.0	29.929929929929934
0.0003009450929005308	0.9996990549071003	0.0	30.030030030030034
0.00028625773954175064	0.9997137422604591	0.0	30.130130130130134
0.00027228697310291433	0.9997277130268979	0.0	30.230230230230234
0.00025899783197286263	0.9997410021680279	0.0	30.330330330330334
0.00024635708882126187	0.9997536429111795	0.0	30.430430430430434
0.00023433316510620064	0.9997656668348945	0.0	30.530530530530534
0.00022289602360037192	0.9997771039764004	0.0	30.630630630630634
0.00021201695940826844	0.9997879830405925	0.0	30.730730730730734
0.0002016687381900202	0.9997983312618107	0.0	30.830830830830834
0.00019182547782969287	0.9998081745221711	0.0	30.930930930930934
0.0001824625824014771	0.9998175374175993	0.0	31.031031031031034
0.00017355665716667967	0.9998264433428341	0.0	31.131131131131134
0.00016508534054153853	0.9998349146594593	0.0	31.231231231231234
0.00015702741932633325	0.9998429725806744	0.0	31.331331331331334
0.0001493627342691758	0.9998506372657316	0.0	31.431431431431434
0.00014207212815814133	0.9998579278718426	0.0	31.531531531531535
0.00013513737956831375	0.9998648626204325	0.0	31.631631631631635
0.00012854107209188468	0.9998714589279089	0.0	31.731731731731735
0.00012226668381364847	0.9998777333161871	0.0	31.831831831831835
0.00011629851376513271	0.9998837014862356	0.0	31.931931931931935
0.00011062164147579303	0.999889378358525	0.0	32.032032032032035
0.00010522185162191422	0.9998947781483788	0.0	32.132132132132135
0.00010008564736100027	0.9998999143526397	0.0	32.232232232232235
9.520010456362849e-05	0.9999047998954371	0.0	32.332332332332335
9.05530067700255e-05	0.9999094469932307	0.0	32.432432432432435
8.613273850171541e-05	0.999913867261499	0.0	32.532532532532535
8.192823993462315e-05	0.9999180717600661	0.0	32.632632632632635
7.792891188462711e-05	0.999922071088116	0.0	32.732732732732735
7.412473345405228e-05	0.9999258752665466	0.0	32.832832832832835
7.050619541174028e-05	0.999929493804589	0.0	32.932932932932935
6.706427229779323e-05	0.9999329357277029	0.0	33.033033033033036
6.379040153890107e-05	0.9999362095984617	0.0	33.133133133133136
6.067645584142037e-05	0.9999393235441593	0.0	33.233233233233236
5.7714588271206274e-05	0.9999422854117295	0.0	33.333333333333336
5.489735068048763e-05	0.9999451026493201	0.0	33.433433433433436
5.221768326791553e-05	0.9999477823167328	0.0	33.533533533533536
4.9668855028160435e-05	0.9999503311449724	0.0	33.633633633633636
4.724444035638772e-05	0.9999527555596442	0.0	33.733733733733736
4.49382956527333e-05	0.9999550617043479	0.0	33.833833833833836
4.2744665444358636e-05	0.9999572553345563	0.0	33.933933933933936
4.065818059069789e-05	0.9999593418194099	0.0	34.034034034034036
3.867360924450207e-05	0.9999613263907561	0.0	34.134134134134136
3.678595274636355e-05	0.9999632140472542	0.0	34.234234234234236
3.499042690622521e-05	0.9999650095730944	0.0	34.334334334334336
3.328244257613589e-05	0.9999667175574245	0.0	34.434434434434436
3.165764846258052e-05	0.999968342351538	0.0	34.53453453453454
3.0112167666534572e-05	0.9999698878323341	0.0	34.63463463463464
2.8642167322576487e-05	0.999971357832678	0.0	34.73473473473474
2.72439621187777e-05	0.9999727560378818	0.0	34.83483483483484
2.5914029844812354e-05	0.9999740859701558	0.0	34.93493493493494
2.4648997351447637e-05	0.9999753510026491	0.0	35.03503503503504
2.3445631605053747e-05	0.9999765543683956	0.0	35.13513513513514
2.2300999893956353e-05	0.9999776990001067	0.0	35.23523523523524
2.121229918303275e-05	0.9999787877008176	0.0	35.33533533533534
2.0176798011504057e-05	0.9999798232019891	0.0	35.43543543543544
1.91918835047278e-05	0.9999808081164959	0.0	35.53553553553554
1.8255050715703535e-05	0.9999817449492849	0.0	35.63563563563564
1.736389196657841e-05	0.9999826361080341	0.0	35.73573573573574
1.6515854527038387e-05	0.9999834841454736	0.0	35.83583583583584
1.5709751921259362e-05	0.9999842902480793	0.0	35.93593593593594
1.494292857686988e-05	0.9999850570714237	0.0	36.03603603603604
1.421351403928067e-05	0.9999857864859613	0.0	36.13613613613614
1.3519693746756443e-05	0.9999864803062538	0.0	36.23623623623624
1.2859709030415884e-05	0.9999871402909701	0.0	36.33633633633634
1.2231880660854518e-05	0.9999877681193398	0.0	36.43643643643644
1.163473239922697e-05	0.9999883652676015	0.0	36.53653653653654
1.1066776727091984e-05	0.9999889332232735	0.0	36.63663663663664
1.0526571498634685e-05	0.9999894734285021	0.0	36.73673673673674
1.0012740503414553e-05	0.9999899872594973	0.0	36.83683683683684
9.523973466365423e-06	0.9999904760265343	0.0	36.93693693693694
9.059026047795483e-06	0.9999909409739529	0.0	37.03703703703704
8.616719357918065e-06	0.9999913832806427	0.0	37.13713713713714
8.195927958760468e-06	0.9999918040720418	0.0	37.23723723723724
7.795594034966095e-06	0.9999922044059656	0.0	37.33733733733734
7.414728872624828e-06	0.999992585271128	0.0	37.43743743743744
7.05240879142502e-06	0.9999929475912092	0.0	37.53753753753754
6.7077751446534885e-06	0.999993292224856	0.0	37.63763763763764
6.380034319195519e-06	0.9999936199656814	0.0	37.73773773773774
6.068457735534864e-06	0.9999939315422651	0.0	37.83783783783784
5.772194717818475e-06	0.9999942278052827	0.0	37.93793793793794
5.490349145841552e-06	0.9999945096508547	0.0	38.03803803803804
5.222219893007576e-06	0.9999947777801076	0.0	38.13813813813814
4.9671517218078655e-06	0.9999950328482787	0.0	38.23823823823824
4.724535257551368e-06	0.999995275464743	0.0	38.33833833833834
4.4938069883646684e-06	0.9999955061930121	0.0	38.43843843843844
4.274449265191976e-06	0.9999957255507353	0.0	38.53853853853854
4.065917116202518e-06	0.9999959340828845	0.0	38.63863863863864
3.8675384722239695e-06	0.9999961324615284	0.0	38.73873873873874
3.6788047187543047e-06	0.9999963211952819	0.0	38.83883883883884
3.4992475921218298e-06	0.9999965007524085	0.0	38.93893893893894
3.3284305606701162e-06	0.9999966715694399	0.0	39.03903903903904
3.165948824757996e-06	0.9999968340511759	0.0	39.13913913913914
3.0114293167595655e-06	0.9999969885706839	0.0	39.23923923923924
2.8645124471005087e-06	0.9999971354875535	0.0	39.33933933933934
2.7247432463853605e-06	0.9999972752567543	0.0	39.43943943943944
2.5917533951232835e-06	0.9999974082466055	0.0	39.53953953953954
2.4652170507719667e-06	0.9999975347829498	0.0	39.63963963963964
2.3448314688933947e-06	0.9999976551685318	0.0	39.73973973973974
2.2303170031538504e-06	0.9999977696829975	0.0	39.83983983983984
2.1214171053239133e-06	0.9999978785828953	0.0	39.93993993993994
2.017894377088113e-06	0.9999979821056236	0.0	40.04004004004004
1.919414354735536e-06	0.999998080585646	0.0	40.14014014014014
1.8256872144384693e-06	0.9999981743127863	0.0	40.24024024024024
1.7364850304074105e-06	0.9999982635149703	0.0	40.34034034034034
1.6515970208295739e-06	0.9999983484029799	0.0	40.44044044044044
1.5708295478688934e-06	0.9999984291704529	0.0	40.54054054054054
1.4940061176660206e-06	0.9999985059938831	0.0	40.64064064064064
1.4209673803383266e-06	0.9999985790326203	0.0	40.74074074074074
1.3515711299799003e-06	0.9999986484288708	0.0	40.84084084084084
1.2856871820806995e-06	0.9999987143128186	0.0	40.94094094094094
1.2230577840926027e-06	0.9999987769422166	0.0	41.04104104104104
1.1634705588491826e-06	0.9999988365294419	0.0	41.14114114114114
1.106775522883114e-06	0.9999988932244779	0.0	41.24124124124124
1.0528327136317056e-06	0.9999989471672871	0.0	41.34134134134134
1.0015121894368997e-06	0.9999989984878113	0.0	41.44144144144144
9.526940295452732e-07	0.9999990473059712	0.0	41.54154154154154
9.06268334108036e-07	0.9999990937316666	0.0	41.64164164164164
8.621352241810323e-07	0.9999991378647766	0.0	41.74174174174174
8.20202265286918e-07	0.9999991797977354	0.0	41.84184184184184
7.803193003430768e-07	0.9999992196807004	0.0	41.94194194194194
7.42360452467894e-07	0.9999992576395482	0.0	42.04204204204204
7.062303776902807e-07	0.999999293769623	0.0	42.14214214214214
6.718404393548782e-07	0.9999993281595614	0.0	42.24224224224224
6.391087081220579e-07	0.9999993608912926	0.0	42.34234234234234
6.079599619679209e-07	0.9999993920400387	0.0	42.44244244244244
5.783256861842987e-07	0.9999994216743145	0.0	42.54254254254254
5.501440733787528e-07	0.9999994498559274	0.0	42.64264264264264
5.233582036321016e-07	0.9999994766417971	0.0	42.74274274274275
4.978732157484196e-07	0.999999502126785	0.0	42.84284284284285
4.736110240873558e-07	0.9999995263889767	0.0	42.94294294294295
4.505133404961227e-07	0.9999995494866603	0.0	43.04304304304305
4.2852641315887437e-07	0.9999995714735876	0.0	43.14314314314315
4.076010265967068e-07	0.9999995923989742	0.0	43.24324324324325
3.8769250166765743e-07	0.9999996123074991	0.0	43.34334334334335
3.6876069556670534e-07	0.9999996312393052	0.0	43.44344344344345
3.507700018257712e-07	0.999999649229999	0.0	43.54354354354355
3.3305657162754463e-07	0.9999996669434291	0.0	43.64364364364365
3.1705715234477396e-07	0.9999996829428485	0.0	43.74374374374375
3.017655169232319e-07	0.9999996982344839	0.0	43.84384384384385
2.871622139988917e-07	0.9999997128377868	0.0	43.94394394394395
2.732277922077263e-07	0.9999997267722086	0.0	44.04404404404405
2.599428001857089e-07	0.9999997400572006	0.0	44.14414414414415
2.4728778656881243e-07	0.9999997527122142	0.0	44.24424424424425
2.3524329999301e-07	0.9999997647567008	0.0	44.34434434434435
2.2378988909427473e-07	0.9999997762101117	0.0	44.44444444444445
2.1290741338875017e-07	0.9999997870925874	0.0	44.54454454454455
2.0256174766926354e-07	0.9999997974382531	0.0	44.64464464464465
1.9272486147851819e-07	0.9999998072751393	0.0	44.74474474474475
1.8337376093967605e-07	0.9999998166262398	0.0	44.84484484484485
1.744854521758991e-07	0.9999998255145486	0.0	44.94494494494495
1.6603694131034934e-07	0.9999998339630595	0.0	45.04504504504505
1.5800523446618866e-07	0.9999998419947663	0.0	45.14514514514515
1.503673377665791e-07	0.999999849632663	0.0	45.24524524524525
1.4310025733468255e-07	0.9999998568997435	0.0	45.34534534534535
1.3618099929366102e-07	0.9999998638190014	0.0	45.44544544544545
1.2958656976667645e-07	0.999999870413431	0.0	45.54554554554555
1.2329538118855514e-07	0.9999998767046197	0.0	45.64564564564565
1.1731225665836812e-07	0.9999998826877442	0.0	45.74574574574575
1.1163005298631734e-07	0.9999998883699478	0.0	45.84584584584585
1.0623243469539325e-07	0.9999998937675662	0.0	45.94594594594595
1.0110306630858628e-07	0.9999998988969345	0.0	46.04604604604605
9.622561234888689e-08	0.9999999037743885	0.0	46.14614614614615
9.158373733928553e-08	0.9999999084162635	0.0	46.24624624624625
8.716110580277262e-08	0.999999912838895	0.0	46.34634634634635
8.294138226233866e-08	0.9999999170586186	0.0	46.44644644644645
7.890823124097406e-08	0.9999999210917696	0.0	46.54654654654655
7.504531726166928e-08	0.9999999249546836	0.0	46.64664664664665
7.133813119929703e-08	0.9999999286618697	0.0	46.74674674674675
6.78039902227988e-08	0.9999999321960107	0.0	46.84684684684685
6.44452543828742e-08	0.9999999355547465	0.0	46.94694694694695
6.125357797308867e-08	0.9999999387464229	0.0	47.04704704704705
5.822061528700762e-08	0.9999999417793856	0.0	47.14714714714715
5.5338020618196464e-08	0.9999999446619803	0.0	47.24724724724725
5.259744826022063e-08	0.9999999474025526	0.0	47.34734734734735
4.999055250664555e-08	0.9999999500094484	0.0	47.44744744744745
4.750898765103663e-08	0.9999999524910133	0.0	47.54754754754755
4.5144407986959294e-08	0.9999999548555929	0.0	47.64764764764765
4.288846780797897e-08	0.9999999571115331	0.0	47.74774774774775
3.9701589211804385e-08	0.9999999602984116	0.0	47.84784784784785
3.791676517836697e-08	0.9999999620832357	0.0	47.94794794794795
3.618871718466164e-08	0.9999999638112836	0.0	48.04804804804805
3.451744523068841e-08	0.9999999654825557	0.0	48.14814814814815
3.290294931644726e-08	0.9999999670970515	0.0	48.24824824824825
3.13452294419382e-08	0.9999999686547715	0.0	48.34834834834835
2.984428560716124e-08	0.9999999701557153	0.0	48.44844844844845
2.840011781211636e-08	0.9999999715998831	0.0	48.54854854854855
2.7012726056803575e-08	0.9999999729872748	0.0	48.64864864864865
2.568211034122288e-08	0.9999999743178906	0.0	48.74874874874875
2.4408270665374274e-08	0.9999999755917303	0.0	48.84884884884885
2.3190856225021005e-08	0.9999999768091448	0.0	48.94894894894895
2.20245918857613e-08	0.9999999779754091	0.0	49.04904904904905
2.0907706387321105e-08	0.9999999790922945	0.0	49.14914914914915
1.984019972970042e-08	0.9999999801598012	0.0	49.24924924924925
1.8822071912899243e-08	0.999999981177929	0.0	49.34934934934935
1.785332293691758e-08	0.999999982146678	0.0	49.44944944944945
1.6933952801755426e-08	0.9999999830660481	0.0	49.54954954954955
1.606396150741278e-08	0.9999999839360394	0.0	49.64964964964965
1.5243349053889647e-08	0.9999999847566519	0.0	49.74974974974975
1.447211544118602e-08	0.9999999855278855	0.0	49.84984984984985
1.3750260669301906e-08	0.9999999862497403	0.0	49.94994994994995
1.3077784738237301e-08	0.9999999869222161	0.0	50.050050050050054
1.2446922609192293e-08	0.9999999875530784	0.0	50.150150150150154
1.1842689973478584e-08	0.9999999881573111	0.0	50.250250250250254
1.1264709991014723e-08	0.9999999887352911	0.0	50.350350350350354
1.0712982661800709e-08	0.9999999892870184	0.0	50.450450450450454
1.0187507985836544e-08	0.999999989812493	0.0	50.550550550550554
9.688285963122228e-09	0.999999990311715	0.0	50.650650650650654
9.215316593657758e-09	0.9999999907846844	0.0	50.750750750750754
8.768599877443138e-09	0.9999999912314012	0.0	50.850850850850854
8.348135814478366e-09	0.9999999916518651	0.0	50.950950950950954
7.95392440476344e-09	0.9999999920460766	0.0	51.051051051051054
7.585965648298364e-09	0.9999999924140354	0.0	51.151151151151154
7.243494551453355e-09	0.9999999927565065	0.0	51.251251251251254
6.9164348991372376e-09	0.9999999930835661	0.0	51.351351351351354
6.601660892762118e-09	0.9999999933983401	0.0	51.451451451451454
6.2991725323279945e-09	0.9999999937008285	0.0	51.551551551551555
6.00896981783487e-09	0.9999999939910312	0.0	51.651651651651655
5.731052749282742e-09	0.9999999942689483	0.0	51.751751751751755
5.4654213266716124e-09	0.9999999945345797	0.0	51.851851851851855
5.2120755500014805e-09	0.9999999947879255	0.0	51.951951951951955
4.971015419272345e-09	0.9999999950289856	0.0	52.052052052052055
4.742240934484207e-09	0.9999999952577601	0.0	52.152152152152155
4.525752095637067e-09	0.9999999954742489	0.0	52.252252252252255
4.321548902730925e-09	0.9999999956784521	0.0	52.352352352352355
4.127704120185365e-09	0.999999995872297	0.0	52.452452452452455
3.940781691977459e-09	0.9999999960592194	0.0	52.552552552552555
3.760714237027245e-09	0.9999999962392869	0.0	52.652652652652655
3.5875017553347227e-09	0.9999999964124994	0.0	52.752752752752755
3.4211442468998922e-09	0.9999999965788569	0.0	52.852852852852855
3.2616417117227536e-09	0.9999999967383594	0.0	52.952952952952955
3.108994149803307e-09	0.9999999968910069	0.0	53.053053053053056
2.9632015611415516e-09	0.9999999970367995	0.0	53.153153153153156
2.8242639457374886e-09	0.9999999971757372	0.0	53.253253253253256
2.692181303591117e-09	0.9999999973078199	0.0	53.353353353353356
2.5669536347024378e-09	0.9999999974330475	0.0	53.453453453453456
2.448421080199653e-09	0.9999999975515801	0.0	53.553553553553556
2.3347242820251785e-09	0.9999999976652769	0.0	53.653653653653656
2.2253307627655674e-09	0.9999999977746704	0.0	53.753753753753756
2.1202405224208197e-09	0.9999999978797607	0.0	53.853853853853856
2.0194535609909357e-09	0.9999999979805476	0.0	53.953953953953956
1.922969878475915e-09	0.9999999980770313	0.0	54.054054054054056
1.8307894748757576e-09	0.9999999981692117	0.0	54.154154154154156
1.7429123501904634e-09	0.9999999982570889	0.0	54.254254254254256
1.659338504420033e-09	0.9999999983406627	0.0	54.354354354354356
1.5800679375644656e-09	0.9999999984199333	0.0	54.454454454454456
1.5051006496237618e-09	0.9999999984949005	0.0	54.55455455455456
1.434436640597921e-09	0.9999999985655645	0.0	54.65465465465466
1.3674257618686687e-09	0.9999999986325754	0.0	54.75475475475476
1.3029979229376883e-09	0.9999999986970033	0.0	54.85485485485486
1.2411374154055583e-09	0.9999999987588638	0.0	54.95495495495496
1.1818442392722794e-09	0.9999999988181569	0.0	55.05505505505506
1.125118394537851e-09	0.9999999988748828	0.0	55.15515515515516
1.0709598812022732e-09	0.9999999989290413	0.0	55.25525525525526
1.0193686992655463e-09	0.9999999989806325	0.0	55.35535535535536
9.703448487276702e-10	0.9999999990296563	0.0	55.45545545545546
9.238883295886446e-10	0.9999999990761128	0.0	55.55555555555556
8.799991418484699e-10	0.999999999120002	0.0	55.65565565565566
8.386772855071458e-10	0.9999999991613239	0.0	55.75575575575576
7.998426214265638e-10	0.9999999992001586	0.0	55.85585585585586
7.626663229129531e-10	0.9999999992373348	0.0	55.95595595595596
7.269294918721851e-10	0.9999999992730717	0.0	56.05605605605606
6.926321283042596e-10	0.999999999307369	0.0	56.15615615615616
6.597742322091767e-10	0.999999999340227	0.0	56.25625625625626
6.283558035869364e-10	0.9999999993716454	0.0	56.35635635635636
5.983768424375387e-10	0.9999999994016243	0.0	56.45645645645646
5.698373487609836e-10	0.9999999994301638	0.0	56.55655655655656
5.42737322557271e-10	0.9999999994572639	0.0	56.65665665665666
5.170767638264012e-10	0.9999999994829244	0.0	56.75675675675676
4.928556725683738e-10	0.9999999995071456	0.0	56.85685685685686
4.700740487831892e-10	0.9999999995299271	0.0	56.95695695695696
4.323208702334513e-10	0.9999999995676804	0.0	57.05705705705706
3.934104636946729e-10	0.9999999996065907	0.0	57.15715715715716
3.553711791083642e-10	0.99999999964463	0.0	57.25725725725726
3.18203016474525e-10	0.9999999996817982	0.0	57.35735735735736
2.8190597579315565e-10	0.9999999997180953	0.0	57.45745745745746
2.464800570642562e-10	0.9999999997535212	0.0	57.55755755755756
2.1192526028782596e-10	0.999999999788076	0.0	57.65765765765766
1.7824158546386575e-10	0.9999999998217596	0.0	57.75775775775776
1.4542903259237484e-10	0.9999999998545722	0.0	57.85785785785786
1.1348760167335391e-10	0.9999999998865136	0.0	57.95795795795796
8.24172927068026e-11	0.9999999999175839	0.0	58.05805805805806
5.2218105692720995e-11	0.9999999999477831	0.0	58.15815815815816
2.2890040631108856e-11	0.9999999999771112	0.0	58.25825825825826
-5.566902478033358e-12	1.0000000000055682	0.0	58.35835835835836
-3.315272363470596e-11	1.000000000033154	0.0	58.45845845845846
-5.986742283890884e-11	1.0000000000598686	0.0	58.55855855855856
-8.571100009064208e-11	1.000000000085712	0.0	58.65865865865866
-1.1068345538990581e-10	1.0000000001106846	0.0	58.75875875875876
-1.3478478873669966e-10	1.000000000134786	0.0	58.85885885885886
-1.5801500013102388e-10	1.0000000001580163	0.0	58.95895895895896
-1.803740895728784e-10	1.0000000001803753	0.0	59.05905905905906
-2.018620570622634e-10	1.0000000002018632	0.0	59.15915915915916
-2.2247890259917858e-10	1.00000000022248	0.0	59.25925925925926
-2.422246261836242e-10	1.0000000002422258	0.0	59.35935935935936
-2.610992278155999e-10	1.0000000002611005	0.0	59.45945945945946
-2.7910270749510605e-10	1.0000000002791039	0.0	59.55955955955956
-2.9623506522214265e-10	1.0000000002962364	0.0	59.65965965965966
-3.1249630099670943e-10	1.0000000003124976	0.0	59.75975975975976
-3.278864148188077e-10	1.0000000003278877	0.0	59.85985985985987
-3.424054066884351e-10	1.0000000003424065	0.0	59.95995995995997
-3.560532766055928e-10	1.0000000003560545	0.0	60.06006006006007
-3.688300245702809e-10	1.0000000003688312	0.0	60.16016016016017
-3.807356505824992e-10	1.0000000003807368	0.0	60.26026026026027
-3.9177015464224795e-10	1.0000000003917713	0.0	60.36036036036037
-4.0193353674952697e-10	1.0000000004019347	0.0	60.46046046046047
-4.1122579690433636e-10	1.000000000411227	0.0	60.56056056056057
-4.1964693510667604e-10	1.000000000419648	0.0	60.66066066066067
-4.27196951356546e-10	1.000000000427198	0.0	60.76076076076077
-4.338758456539463e-10	1.0000000004338772	0.0	60.86086086086087
-4.39683617998877e-10	1.0000000004396847	0.0	60.96096096096097
-4.4462026839133794e-10	1.0000000004446215	0.0	61.06106106106107
-4.4868579683132924e-10	1.000000000448687	0.0	61.16116116116117
-4.5188020331885087e-10	1.0000000004518814	0.0	61.26126126126127
-4.5420348785390283e-10	1.0000000004542047	0.0	61.36136136136137
-4.556556504364851e-10	1.0000000004556568	0.0	61.46146146146147
-4.5623669106659766e-10	1.000000000456238	0.0	61.56156156156157
-4.5594660974424057e-10	1.0000000004559477	0.0	61.66166166166167
-4.547854064694138e-10	1.0000000004547867	0.0	61.76176176176177
-4.5275308124211734e-10	1.0000000004527543	0.0	61.86186186186187
-4.4984963406235126e-10	1.0000000004498508	0.0	61.96196196196197
-4.4607506493011545e-10	1.0000000004460763	0.0	62.06206206206207
-4.4142937384541e-10	1.0000000004414307	0.0	62.16216216216217
-4.359125608082348e-10	1.0000000004359137	0.0	62.26226226226227
-4.2952462581859e-10	1.0000000004295257	0.0	62.36236236236237
-4.222655688764755e-10	1.0000000004222667	0.0	62.46246246246247
-4.1413538998189133e-10	1.0000000004141365	0.0	62.56256256256257
-4.0513408913483747e-10	1.0000000004051353	0.0	62.66266266266267
-3.9526166633531395e-10	1.000000000395263	0.0	62.76276276276277
-3.845181215833207e-10	1.0000000003845193	0.0	62.86286286286287
-3.7290345487885786e-10	1.0000000003729046	0.0	62.96296296296297
-3.604176662219253e-10	1.0000000003604188	0.0	63.06306306306307
-3.4706075561252305e-10	1.000000000347062	0.0	63.16316316316317
-3.3283272305065114e-10	1.000000000332834	0.0	63.26326326326327
-3.1773356853630957e-10	1.0000000003177347	0.0	63.36336336336337
-3.181348039169604e-10	1.0000000003181362	0.0	63.46346346346347
-3.2292624722459427e-10	1.0000000003229275	0.0	63.56356356356357
-3.274955603927127e-10	1.000000000327497	0.0	63.66366366366367
-3.3184274342131566e-10	1.000000000331844	0.0	63.76376376376377
-3.359677963104031e-10	1.000000000335969	0.0	63.86386386386387
-3.3987071905997514e-10	1.000000000339872	0.0	63.96396396396397
-3.4355151167003177e-10	1.0000000003435527	0.0	64.06406406406407
-3.4701017414057256e-10	1.0000000003470115	0.0	64.16416416416416
-3.5024670647159837e-10	1.000000000350248	0.0	64.26426426426427
-3.532611086631083e-10	1.0000000003532623	0.0	64.36436436436436
-3.560533807151031e-10	1.0000000003560547	0.0	64.46446446446447
-3.5862352262758214e-10	1.000000000358625	0.0	64.56456456456456
-3.60971534400546e-10	1.0000000003609728	0.0	64.66466466466467
-3.6309741603399415e-10	1.0000000003630987	0.0	64.76476476476476
-3.65001167527927e-10	1.0000000003650025	0.0	64.86486486486487
-3.666827888823442e-10	1.000000000366684	0.0	64.96496496496496
-3.681422800972461e-10	1.0000000003681435	0.0	65.06506506506507
-3.693796411726324e-10	1.000000000369381	0.0	65.16516516516516
-3.703948721085033e-10	1.0000000003703962	0.0	65.26526526526527
-3.7118797290485864e-10	1.0000000003711893	0.0	65.36536536536536
-3.7175894356169863e-10	1.0000000003717602	0.0	65.46546546546547
-3.721077840790231e-10	1.000000000372109	0.0	65.56556556556556
-3.722344944568321e-10	1.0000000003722358	0.0	65.66566566566567
-3.7213907469512556e-10	1.0000000003721403	0.0	65.76576576576576
-3.718215247939036e-10	1.0000000003718228	0.0	65.86586586586587
-3.712818447531662e-10	1.0000000003712832	0.0	65.96596596596596
-3.7052003457291324e-10	1.0000000003705214	0.0	66.06606606606607
-3.695360942531449e-10	1.0000000003695373	0.0	66.16616616616616
-3.68330023793861e-10	1.0000000003683314	0.0	66.26626626626627
-3.6690182319506177e-10	1.0000000003669032	0.0	66.36636636636636
-3.6525149245674687e-10	1.0000000003652527	0.0	66.46646646646647
-3.6337903157891673e-10	1.0000000003633802	0.0	66.56656656656656
-3.612844405615708e-10	1.0000000003612857	0.0	66.66666666666667
-3.589677194047098e-10	1.000000000358969	0.0	66.76676676676676
-3.5642886810833287e-10	1.0000000003564302	0.0	66.86686686686687
-3.5366788667244093e-10	1.000000000353669	0.0	66.96696696696696
-3.506847750970331e-10	1.0000000003506861	0.0	67.06706706706707
-3.474795333821102e-10	1.0000000003474807	0.0	67.16716716716716
-3.4405216152767135e-10	1.0000000003440535	0.0	67.26726726726727
-3.404026595337176e-10	1.000000000340404	0.0	67.36736736736736
-3.3653102740024776e-10	1.0000000003365324	0.0	67.46746746746747
-3.3243726512726304e-10	1.0000000003324385	0.0	67.56756756756756
-3.281213727147623e-10	1.0000000003281226	0.0	67.66766766766767
-3.235833501627467e-10	1.0000000003235847	0.0	67.76776776776777
-3.188231974712149e-10	1.0000000003188245	0.0	67.86786786786787
-3.138409146401684e-10	1.0000000003138423	0.0	67.96796796796797
-3.0863650166960565e-10	1.0000000003086378	0.0	68.06806806806807
-3.032099585595282e-10	1.0000000003032112	0.0	68.16816816816817
-2.9756128530993454e-10	1.0000000002975626	0.0	68.26826826826827
-2.916904819208253e-10	1.0000000002916918	0.0	68.36836836836838
-2.8559754839220147e-10	1.0000000002855989	0.0	68.46846846846847
-2.792824847240613e-10	1.0000000002792837	0.0	68.56856856856858
-2.7274529091640654e-10	1.0000000002727465	0.0	68.66866866866867
-2.659859669692354e-10	1.0000000002659872	0.0	68.76876876876878
-2.590045128825497e-10	1.0000000002590057	0.0	68.86886886886887
-2.5180092865634757e-10	1.0000000002518021	0.0	68.96896896896898
-2.4437521429063097e-10	1.0000000002443765	0.0	69.06906906906907
-2.3672736978539785e-10	1.0000000002367286	0.0	69.16916916916918
-2.2885739514065038e-10	1.0000000002288587	0.0	69.26926926926927
-2.2076529035638628e-10	1.0000000002207665	0.0	69.36936936936938
-2.1245105543260786e-10	1.0000000002124523	0.0	69.46946946946947
-2.039146903693128e-10	1.000000000203916	0.0	69.56956956956958
-1.9515619516650348e-10	1.0000000001951574	0.0	69.66966966966967
-1.8617556982417742e-10	1.0000000001861769	0.0	69.76976976976978
-1.8544678875485946e-10	1.000000000185448	0.0	69.86986986986987
-1.8322385597190666e-10	1.0000000001832252	0.0	69.96996996996998
-1.8100092318895418e-10	1.0000000001810023	0.0	70.07007007007007
-1.7877799040600136e-10	1.0000000001787794	0.0	70.17017017017018
-1.7655505762304884e-10	1.0000000001765565	0.0	70.27027027027027
-1.7433212484009602e-10	1.0000000001743334	0.0	70.37037037037038
-1.7210919205714354e-10	1.0000000001721105	0.0	70.47047047047047
-1.6988625927419071e-10	1.0000000001698877	0.0	70.57057057057058
-1.6766332649123823e-10	1.0000000001676648	0.0	70.67067067067067
-1.654403937082854e-10	1.0000000001654419	0.0	70.77077077077078
-1.6321746092533292e-10	1.0000000001632188	0.0	70.87087087087087
-1.609945281423801e-10	1.0000000001609959	0.0	70.97097097097098
-1.587715953594276e-10	1.000000000158773	0.0	71.07107107107107
-1.565486625764748e-10	1.00000000015655	0.0	71.17117117117118
-1.543257297935223e-10	1.0000000001543272	0.0	71.27127127127127
-1.5210279701056946e-10	1.000000000152104	0.0	71.37137137137138
-1.4987986422761697e-10	1.0000000001498812	0.0	71.47147147147147
-1.4765693144466415e-10	1.0000000001476583	0.0	71.57157157157158
-1.4543399866171166e-10	1.0000000001454354	0.0	71.67167167167167
-1.4321106587875884e-10	1.0000000001432126	0.0	71.77177177177178
-1.4098813309580636e-10	1.0000000001409894	0.0	71.87187187187187
-1.3876520031285356e-10	1.0000000001387666	0.0	71.97197197197198
-1.3654226752990105e-10	1.0000000001365437	0.0	72.07207207207207
-1.3431933474694823e-10	1.0000000001343208	0.0	72.17217217217218
-1.3209640196399572e-10	1.0000000001320979	0.0	72.27227227227228
-1.298734691810429e-10	1.0000000001298748	0.0	72.37237237237238
-1.276505363980904e-10	1.000000000127652	0.0	72.47247247247248
-1.254276036151376e-10	1.000000000125429	0.0	72.57257257257258
-1.232046708321851e-10	1.0000000001232061	0.0	72.67267267267268
-1.2098173804923228e-10	1.0000000001209832	0.0	72.77277277277278
-1.187588052662798e-10	1.0000000001187601	0.0	72.87287287287288
-1.1653587248332697e-10	1.0000000001165372	0.0	72.97297297297298
-1.1431293970037448e-10	1.0000000001143143	0.0	73.07307307307308
-1.1209000691742166e-10	1.0000000001120914	0.0	73.17317317317318
-1.0986707413446916e-10	1.0000000001098686	0.0	73.27327327327328
-1.0764414135151634e-10	1.0000000001076454	0.0	73.37337337337338
-1.0542120856856386e-10	1.0000000001054226	0.0	73.47347347347348
-1.0319827578561103e-10	1.0000000001031997	0.0	73.57357357357358
-1.0097534300265854e-10	1.0000000001009768	0.0	73.67367367367368
-9.875241021970571e-11	1.000000000098754	0.0	73.77377377377378
-9.652947743675323e-11	1.0000000000965308	0.0	73.87387387387388
-9.43065446538004e-11	1.000000000094308	0.0	73.97397397397398
-9.208361187084792e-11	1.000000000092085	0.0	74.07407407407408
-8.98606790878951e-11	1.0000000000898621	0.0	74.17417417417418
-8.76377463049426e-11	1.0000000000876392	0.0	74.27427427427428
-8.541481352198979e-11	1.0000000000854161	0.0	74.37437437437438
-8.319188073903728e-11	1.0000000000831932	0.0	74.47447447447448
-8.096894795608447e-11	1.0000000000809703	0.0	74.57457457457458
-7.874601517313197e-11	1.0000000000787475	0.0	74.67467467467468
-7.652308239017918e-11	1.0000000000765246	0.0	74.77477477477478
-7.430014960722666e-11	1.0000000000743015	0.0	74.87487487487488
-7.207721682427385e-11	1.0000000000720786	0.0	74.97497497497498
-6.985428404132136e-11	1.0000000000698557	0.0	75.07507507507508
-6.763135125836853e-11	1.0000000000676328	0.0	75.17517517517518
-6.540841847541605e-11	1.00000000006541	0.0	75.27527527527528
-6.318548569246323e-11	1.0000000000631868	0.0	75.37537537537538
-6.096255290951073e-11	1.000000000060964	0.0	75.47547547547548
-5.873962012655792e-11	1.000000000058741	0.0	75.57557557557558
-5.6516687343605414e-11	1.0000000000565181	0.0	75.67567567567568
-5.42937545606526e-11	1.0000000000542952	0.0	75.77577577577578
-5.20708217777001e-11	1.0000000000520721	0.0	75.87587587587588
-4.984788899474729e-11	1.0000000000498492	0.0	75.97597597597598
-4.762495621179479e-11	1.0000000000476263	0.0	76.07607607607608
-4.5402023428841976e-11	1.0000000000454035	0.0	76.17617617617618
-4.437686524193885e-11	1.0000000000443783	0.0	76.27627627627628
-4.430968191287178e-11	1.0000000000443112	0.0	76.37637637637638
-4.4242498583804704e-11	1.000000000044244	0.0	76.47647647647648
-4.4175315254737636e-11	1.0000000000441769	0.0	76.57657657657658
-4.410813192567056e-11	1.0000000000441096	0.0	76.67667667667668
-4.404094859660349e-11	1.0000000000440425	0.0	76.77677677677679
-4.397376526753642e-11	1.0000000000439753	0.0	76.87687687687688
-4.390658193846934e-11	1.000000000043908	0.0	76.97697697697699
-4.3839398609402274e-11	1.000000000043841	0.0	77.07707707707708
-4.37722152803352e-11	1.0000000000437737	0.0	77.17717717717719
-4.370503195126813e-11	1.0000000000437066	0.0	77.27727727727728
-4.363784862220106e-11	1.0000000000436393	0.0	77.37737737737739
-4.3570665293133985e-11	1.0000000000435723	0.0	77.47747747747748
-4.350348196406691e-11	1.000000000043505	0.0	77.57757757757759
-4.3436298634999844e-11	1.0000000000434377	0.0	77.67767767767768
-4.336911530593277e-11	1.0000000000433706	0.0	77.77777777777779
-4.33019319768657e-11	1.0000000000433034	0.0	77.87787787787788
-4.323474864779862e-11	1.0000000000432363	0.0	77.97797797797799
-4.3167565318731555e-11	1.000000000043169	0.0	78.07807807807808
-4.3100381989664474e-11	1.000000000043102	0.0	78.17817817817819
-4.303319866059741e-11	1.0000000000430347	0.0	78.27827827827828
-4.2966015331530333e-11	1.0000000000429674	0.0	78.37837837837839
-4.2898832002463266e-11	1.0000000000429003	0.0	78.47847847847848
-4.283164867339619e-11	1.000000000042833	0.0	78.57857857857859
-4.2764465344329125e-11	1.000000000042766	0.0	78.67867867867868
-4.2697282015262044e-11	1.0000000000426987	0.0	78.77877877877879
-4.263009868619498e-11	1.0000000000426317	0.0	78.87887887887888
-4.25629153571279e-11	1.0000000000425644	0.0	78.97897897897899
-4.2495732028060836e-11	1.0000000000424971	0.0	79.07907907907908
-4.2428548698993756e-11	1.00000000004243	0.0	79.17917917917919
-4.236136536992669e-11	1.0000000000423628	0.0	79.27927927927928
-4.2294182040859614e-11	1.0000000000422957	0.0	79.37937937937939
-4.222699871179255e-11	1.0000000000422284	0.0	79.47947947947948
-4.215981538272547e-11	1.0000000000421614	0.0	79.57957957957959
-4.2092632053658406e-11	1.000000000042094	0.0	79.67967967967968
-4.2025448724591326e-11	1.000000000042027	0.0	79.77977977977979
-4.195826539552426e-11	1.0000000000419598	0.0	79.87987987987988
-4.189108206645718e-11	1.0000000000418925	0.0	79.97997997997999
-4.182389873739011e-11	1.0000000000418254	0.0	80.08008008008008
-4.175671540832304e-11	1.0000000000417582	0.0	80.18018018018019
-4.168953207925596e-11	1.000000000041691	0.0	80.28028028028028
-4.1622348750188896e-11	1.0000000000416238	0.0	80.38038038038039
-4.155516542112183e-11	1.0000000000415568	0.0	80.48048048048048
-4.148798209205475e-11	1.0000000000414895	0.0	80.58058058058059
-4.142079876298768e-11	1.0000000000414222	0.0	80.68068068068068
-4.13536154339206e-11	1.0000000000413551	0.0	80.78078078078079
-4.128643210485353e-11	1.0000000000412879	0.0	80.88088088088088
-4.121924877578646e-11	1.0000000000412208	0.0	80.98098098098099
-4.115206544671939e-11	1.0000000000411535	0.0	81.08108108108108
-4.108488211765232e-11	1.0000000000410865	0.0	81.18118118118119
-4.1017698788585244e-11	1.0000000000410192	0.0	81.28128128128128
-4.095051545951817e-11	1.000000000040952	0.0	81.38138138138139
-4.08833321304511e-11	1.0000000000408849	0.0	81.48148148148148
-4.081614880138402e-11	1.0000000000408176	0.0	81.58158158158159
-4.074896547231696e-11	1.0000000000407505	0.0	81.68168168168168
-4.068178214324988e-11	1.0000000000406832	0.0	81.78178178178179
-4.0614598814182814e-11	1.0000000000406162	0.0	81.88188188188188
-4.0547415485115734e-11	1.000000000040549	0.0	81.98198198198199
-4.0480232156048666e-11	1.0000000000404816	0.0	82.08208208208208
-4.041304882698159e-11	1.0000000000404146	0.0	82.18218218218219
-4.0345865497914525e-11	1.0000000000403473	0.0	82.28228228228228
-4.027868216884745e-11	1.0000000000402802	0.0	82.38238238238239
-4.0211498839780384e-11	1.000000000040213	0.0	82.48248248248248
-4.0144315510713304e-11	1.0000000000401459	0.0	82.58258258258259
-4.0077132181646236e-11	1.0000000000400786	0.0	82.68268268268268
-4.0009948852579156e-11	1.0000000000400115	0.0	82.78278278278279
-3.9942765523512095e-11	1.0000000000399443	0.0	82.88288288288288
-3.9875582194445015e-11	1.000000000039877	0.0	82.98298298298299
-3.980839886537795e-11	1.00000000003981	0.0	83.08308308308308
-3.9741215536310874e-11	1.0000000000397427	0.0	83.18318318318319
-3.9674032207243806e-11	1.0000000000396756	0.0	83.28328328328328
-3.9606848878176726e-11	1.0000000000396083	0.0	83.38338338338339
-3.953966554910966e-11	1.0000000000395413	0.0	83.48348348348348
-3.9472482220042585e-11	1.000000000039474	0.0	83.58358358358359
-3.940529889097552e-11	1.0000000000394067	0.0	83.68368368368368
-3.933811556190844e-11	1.0000000000393396	0.0	83.78378378378379
-3.927093223284137e-11	1.0000000000392724	0.0	83.88388388388388
-3.9203748903774296e-11	1.0000000000392053	0.0	83.98398398398399
-3.913656557470723e-11	1.000000000039138	0.0	84.08408408408408
-3.9069382245640155e-11	1.000000000039071	0.0	84.18418418418419
-3.900219891657309e-11	1.0000000000390037	0.0	84.28428428428428
-3.893501558750601e-11	1.0000000000389364	0.0	84.38438438438439
-3.886783225843894e-11	1.0000000000388694	0.0	84.48448448448448
-3.880064892937186e-11	1.000000000038802	0.0	84.58458458458459
-3.873346560030479e-11	1.000000000038735	0.0	84.68468468468468
-3.866628227123772e-11	1.0000000000386677	0.0	84.78478478478479
-3.859909894217065e-11	1.0000000000386007	0.0	84.88488488488488
-3.853191561310358e-11	1.0000000000385334	0.0	84.98498498498499
-3.846473228403651e-11	1.0000000000384661	0.0	85.08508508508508
-3.839754895496943e-11	1.000000000038399	0.0	85.18518518518519
-3.833036562590236e-11	1.0000000000383318	0.0	85.28528528528528
-3.826318229683528e-11	1.0000000000382647	0.0	85.38538538538539
-3.819599896776821e-11	1.0000000000381974	0.0	85.4854854854855
-3.812881563870114e-11	1.0000000000381304	0.0	85.58558558558559
-3.806163230963407e-11	1.000000000038063	0.0	85.6856856856857
-3.7994448980567e-11	1.000000000037996	0.0	85.78578578578579
-3.792726565149992e-11	1.0000000000379288	0.0	85.8858858858859
-3.786008232243285e-11	1.0000000000378615	0.0	85.98598598598599
-3.779289899336578e-11	1.0000000000377944	0.0	86.0860860860861
-3.772571566429871e-11	1.0000000000377272	0.0	86.18618618618619
-3.765853233523163e-11	1.00000000003766	0.0	86.2862862862863
-3.759134900616456e-11	1.0000000000375928	0.0	86.38638638638639
-3.752416567709749e-11	1.0000000000375258	0.0	86.4864864864865
-3.7456982348030415e-11	1.0000000000374585	0.0	86.58658658658659
-3.738979901896334e-11	1.0000000000373912	0.0	86.6866866866867
-3.732261568989628e-11	1.0000000000373241	0.0	86.78678678678679
-3.72554323608292e-11	1.0000000000372569	0.0	86.8868868868869
-3.718824903176213e-11	1.0000000000371898	0.0	86.98698698698699
-3.712106570269505e-11	1.0000000000371225	0.0	87.0870870870871
-3.7053882373627985e-11	1.0000000000370555	0.0	87.18718718718719
-3.698669904456091e-11	1.0000000000369882	0.0	87.2872872872873
-3.6919515715493844e-11	1.000000000036921	0.0	87.38738738738739
-3.685233238642677e-11	1.0000000000368539	0.0	87.4874874874875
-3.6785149057359697e-11	1.0000000000367866	0.0	87.58758758758759
-3.671796572829262e-11	1.0000000000367195	0.0	87.6876876876877
-3.6650782399225555e-11	1.0000000000366522	0.0	87.78778778778779
-3.6583599070158475e-11	1.0000000000365852	0.0	87.8878878878879
-3.6516415741091414e-11	1.000000000036518	0.0	87.98798798798799
-3.6449232412024334e-11	1.0000000000364506	0.0	88.0880880880881
-3.6382049082957267e-11	1.0000000000363836	0.0	88.18818818818819
-3.6314865753890186e-11	1.0000000000363163	0.0	88.2882882882883
-3.624768242482312e-11	1.0000000000362492	0.0	88.38838838838839
-3.6180499095756045e-11	1.000000000036182	0.0	88.4884884884885
-3.611331576668898e-11	1.0000000000361149	0.0	88.58858858858859
-3.6046132437621904e-11	1.0000000000360476	0.0	88.6886886886887
-3.5978949108554837e-11	1.0000000000359803	0.0	88.78878878878879
-3.5911765779487756e-11	1.0000000000359133	0.0	88.8888888888889
-3.584458245042069e-11	1.000000000035846	0.0	88.988988988989
-3.577739912135361e-11	1.000000000035779	0.0	89.0890890890891
-3.571021579228654e-11	1.0000000000357117	0.0	89.1891891891892
-3.564303246321947e-11	1.0000000000356446	0.0	89.2892892892893
-3.55758491341524e-11	1.0000000000355773	0.0	89.3893893893894
-3.5508665805085326e-11	1.0000000000355103	0.0	89.4894894894895
-3.544148247601826e-11	1.000000000035443	0.0	89.5895895895896
-3.537429914695118e-11	1.0000000000353757	0.0	89.6896896896897
-3.530711581788411e-11	1.0000000000353086	0.0	89.7897897897898
-3.523993248881704e-11	1.0000000000352414	0.0	89.8898898898899
-3.517274915974997e-11	1.0000000000351743	0.0	89.98998998999
-3.510556583068289e-11	1.000000000035107	0.0	90.0900900900901
-3.503838250161582e-11	1.00000000003504	0.0	90.1901901901902
-3.497119917254875e-11	1.0000000000349727	0.0	90.2902902902903
-3.490401584348168e-11	1.0000000000349054	0.0	90.3903903903904
-3.48368325144146e-11	1.0000000000348384	0.0	90.4904904904905
-3.476964918534754e-11	1.000000000034771	0.0	90.5905905905906
-3.470246585628046e-11	1.000000000034704	0.0	90.6906906906907
-3.463528252721339e-11	1.0000000000346367	0.0	90.7907907907908
-3.456809919814631e-11	1.0000000000345697	0.0	90.8908908908909
-3.4500915869079245e-11	1.0000000000345024	0.0	90.990990990991
-3.443373254001217e-11	1.0000000000344351	0.0	91.0910910910911
-3.4366549210945104e-11	1.000000000034368	0.0	91.1911911911912
-3.429936588187803e-11	1.0000000000343008	0.0	91.2912912912913
-3.423218255281096e-11	1.0000000000342337	0.0	91.3913913913914
-3.416499922374388e-11	1.0000000000341664	0.0	91.4914914914915
-3.4097815894676815e-11	1.0000000000340994	0.0	91.5915915915916
-3.4030632565609734e-11	1.000000000034032	0.0	91.6916916916917
-3.396344923654267e-11	1.0000000000339648	0.0	91.7917917917918
-3.3896265907475593e-11	1.0000000000338978	0.0	91.8918918918919
-3.3829082578408526e-11	1.0000000000338305	0.0	91.991991991992
-3.376189924934145e-11	1.0000000000337634	0.0	92.0920920920921
-3.369471592027438e-11	1.0000000000336962	0.0	92.1921921921922
-3.3627532591207304e-11	1.000000000033629	0.0	92.2922922922923
-3.356034926214024e-11	1.0000000000335618	0.0	92.3923923923924
-3.3493165933073163e-11	1.0000000000334948	0.0	92.4924924924925
-3.3425982604006096e-11	1.0000000000334275	0.0	92.5925925925926
-3.3358799274939016e-11	1.0000000000333602	0.0	92.6926926926927
-3.329161594587195e-11	1.0000000000332931	0.0	92.7927927927928
-3.322443261680487e-11	1.0000000000332259	0.0	92.8928928928929
-3.31572492877378e-11	1.0000000000331588	0.0	92.992992992993
-3.309006595867073e-11	1.0000000000330915	0.0	93.0930930930931
-3.302288262960366e-11	1.0000000000330245	0.0	93.1931931931932
-3.2955699300536586e-11	1.0000000000329572	0.0	93.2932932932933
-3.288851597146952e-11	1.00000000003289	0.0	93.3933933933934
-3.282133264240244e-11	1.0000000000328229	0.0	93.4934934934935
-3.275414931333537e-11	1.0000000000327556	0.0	93.5935935935936
-3.268696598426829e-11	1.0000000000326885	0.0	93.6936936936937
-3.261978265520123e-11	1.0000000000326212	0.0	93.7937937937938
-3.255259932613415e-11	1.0000000000325542	0.0	93.8938938938939
-3.248541599706708e-11	1.000000000032487	0.0	93.993993993994
-3.241823266800001e-11	1.0000000000324196	0.0	94.0940940940941
-3.235104933893294e-11	1.0000000000323526	0.0	94.1941941941942
-3.228386600986586e-11	1.0000000000322853	0.0	94.2942942942943
-3.22166826807988e-11	1.0000000000322182	0.0	94.3943943943944
-3.214949935173172e-11	1.000000000032151	0.0	94.4944944944945
-3.208231602266465e-11	1.000000000032084	0.0	94.5945945945946
-3.201513269359757e-11	1.0000000000320166	0.0	94.6946946946947
-3.1947949364530504e-11	1.0000000000319493	0.0	94.7947947947948
-3.188076603546343e-11	1.0000000000318823	0.0	94.8948948948949
-3.181358270639636e-11	1.000000000031815	0.0	94.994994994995
-3.174639937732929e-11	1.000000000031748	0.0	95.0950950950951
-3.167921604826222e-11	1.0000000000316807	0.0	95.1951951951952
-3.161203271919514e-11	1.0000000000316136	0.0	95.2952952952953
-3.1544849390128074e-11	1.0000000000315463	0.0	95.3953953953954
-3.1477666061060994e-11	1.0000000000314793	0.0	95.4954954954955
-3.1410482731993926e-11	1.000000000031412	0.0	95.5955955955956
-3.134329940292685e-11	1.0000000000313447	0.0	95.6956956956957
-3.1276116073859785e-11	1.0000000000312776	0.0	95.7957957957958
-3.120893274479271e-11	1.0000000000312104	0.0	95.8958958958959
-3.1141749415725644e-11	1.0000000000311433	0.0	95.995995995996
-3.1074566086658564e-11	1.000000000031076	0.0	96.0960960960961
-3.1007382757591496e-11	1.000000000031009	0.0	96.1961961961962
-3.094019942852442e-11	1.0000000000309417	0.0	96.2962962962963
-3.0873016099457355e-11	1.0000000000308744	0.0	96.3963963963964
-3.0805832770390275e-11	1.0000000000308074	0.0	96.4964964964965
-3.073864944132321e-11	1.00000000003074	0.0	96.5965965965966
-3.0671466112256134e-11	1.000000000030673	0.0	96.6966966966967
-3.060428278318906e-11	1.0000000000306057	0.0	96.7967967967968
-3.0537099454121986e-11	1.0000000000305387	0.0	96.8968968968969
-3.046991612505492e-11	1.0000000000304714	0.0	96.996996996997
-3.0402732795987845e-11	1.0000000000304041	0.0	97.0970970970971
-3.033554946692078e-11	1.000000000030337	0.0	97.1971971971972
-3.02683661378537e-11	1.0000000000302698	0.0	97.2972972972973
-3.020118280878663e-11	1.0000000000302027	0.0	97.3973973973974
-3.013399947971955e-11	1.0000000000301354	0.0	97.4974974974975
-3.006681615065249e-11	1.0000000000300684	0.0	97.5975975975976
-2.9999632821585415e-11	1.0000000000300011	0.0	97.6976976976977
-2.993244949251835e-11	1.0000000000299338	0.0	97.7977977977978
-2.986526616345127e-11	1.0000000000298668	0.0	97.8978978978979
-2.97980828343842e-11	1.0000000000297995	0.0	97.997997997998
-2.973089950531712e-11	1.0000000000297324	0.0	98.0980980980981
-2.966371617625005e-11	1.0000000000296652	0.0	98.1981981981982
-2.959653284718298e-11	1.000000000029598	0.0	98.2982982982983
-2.952934951811591e-11	1.0000000000295308	0.0	98.3983983983984
-2.946216618904884e-11	1.0000000000294638	0.0	98.4984984984985
-2.939498285998177e-11	1.0000000000293965	0.0	98.5985985985986
-2.932779953091469e-11	1.0000000000293292	0.0	98.6986986986987
-2.926061620184762e-11	1.0000000000292621	0.0	98.7987987987988
-2.919343287278055e-11	1.0000000000291949	0.0	98.8988988988989
-2.9126249543713475e-11	1.0000000000291278	0.0	98.998998998999
-2.90590662146464e-11	1.0000000000290605	0.0	99.0990990990991
-2.8991882885579333e-11	1.0000000000289935	0.0	99.1991991991992
-2.8924699556512256e-11	1.0000000000289262	0.0	99.2992992992993
-2.8857516227445186e-11	1.000000000028859	0.0	99.3993993993994
-2.8790332898378115e-11	1.0000000000287919	0.0	99.4994994994995
-2.8723149569311048e-11	1.0000000000287246	0.0	99.5995995995996
-2.8655966240243967e-11	1.0000000000286575	0.0	99.6996996996997
-2.85887829111769e-11	1.0000000000285902	0.0	99.7997997997998
-2.8521599582109823e-11	1.0000000000285232	0.0	99.8998998998999
-2.8454416253042756e-11	1.000000000028456	0.0	100.0
