0.999	0.001	0.0	0.0
0.9989899497442754	0.0010100502557247692	0.0	0.1001001001001001
0.9989797986033405	0.0010202013966595718	0.0	0.2002002002002002
0.9989695456052552	0.0010304543947449933	0.0	0.3003003003003003
0.9989591896102618	0.001040810389738393	0.0	0.4004004004004004
0.9989487299163234	0.0010512700836767515	0.0	0.5005005005005005
0.9989381653267477	0.0010618346732524204	0.0	0.6006006006006006
0.9989274947341102	0.001072505265889953	0.0	0.7007007007007008
0.9989167170309863	0.0010832829690139024	0.0	0.8008008008008008
0.9989058311099513	0.0010941688900488222	0.0	0.9009009009009009
0.998894835863581	0.001105164136419265	0.0	1.001001001001001
0.9988837301844504	0.0011162698155497849	0.0	1.1011011011011012
0.9988725129651352	0.0011274870348649342	0.0	1.2012012012012012
0.9988611830982109	0.001138816901789267	0.0	1.3013013013013013
0.9988497394525798	0.0011502605474202668	0.0	1.4014014014014016
0.9988381807834164	0.0011618192165837582	0.0	1.5015015015015016
0.9988265059336403	0.0011734940663597666	0.0	1.6016016016016017
0.9988147137630827	0.001185286236917334	0.0	1.7017017017017018
0.9988028031315745	0.0011971968684255027	0.0	1.8018018018018018
0.9987907728989468	0.001209227101053314	0.0	1.9019019019019021
0.9987786219250303	0.00122137807496981	0.0	2.002002002002002
0.9987663490696561	0.001233650930344033	0.0	2.1021021021021022
0.998753953192655	0.0012460468073450242	0.0	2.2022022022022023
0.9987414331538583	0.001258566846141826	0.0	2.3023023023023024
0.9987287876552956	0.0012712123447044495	0.0	2.4024024024024024
0.9987160150856113	0.001283984914388888	0.0	2.5025025025025025
0.9987031141690211	0.001296885830978976	0.0	2.6026026026026026
0.9986900836500568	0.0013099163499432805	0.0	2.702702702702703
0.9986769222732498	0.0013230777267503682	0.0	2.802802802802803
0.9986636287831313	0.001336371216868806	0.0	2.902902902902903
0.9986502019242329	0.001349798075767161	0.0	3.0030030030030033
0.9986366404410861	0.0013633595589139997	0.0	3.1031031031031033
0.9986229430782222	0.0013770569217778892	0.0	3.2032032032032034
0.9986091085801727	0.0013908914198273964	0.0	3.3033033033033035
0.9985951320151204	0.0014048679848797166	0.0	3.4034034034034035
0.9985810197359076	0.0014189802640925393	0.0	3.5035035035035036
0.998566765271382	0.0014332347286181437	0.0	3.6036036036036037
0.9985523673343248	0.0014476326656753047	0.0	3.7037037037037037
0.9985378246244259	0.0014621753755743032	0.0	3.8038038038038042
0.9985231358282832	0.001476864171716925	0.0	3.9039039039039043
0.9985082996194037	0.0014917003805964611	0.0	4.004004004004004
0.9984933146582025	0.0015066853417977078	0.0	4.104104104104104
0.9984781795920031	0.0015218204079969664	0.0	4.2042042042042045
0.9984628930511276	0.0015371069488726685	0.0	4.3043043043043046
0.9984474533108796	0.0015525466891206613	0.0	4.404404404404405
0.9984318586771	0.0015681413229001423	0.0	4.504504504504505
0.9984161076280451	0.0015838923719550912	0.0	4.604604604604605
0.9984001986218826	0.0015998013781176078	0.0	4.704704704704705
0.9983841300966922	0.0016158699033079129	0.0	4.804804804804805
0.9983679004704659	0.0016320995295343475	0.0	4.904904904904905
0.9983515081411068	0.001648491858893373	0.0	5.005005005005005
0.9983349514864306	0.0016650485135695722	0.0	5.105105105105105
0.9983182288641645	0.0016817711358356475	0.0	5.205205205205205
0.9983013386119478	0.0016986613880524222	0.0	5.305305305305305
0.9982842790473314	0.0017157209526688405	0.0	5.405405405405406
0.9982670484677783	0.0017329515322219663	0.0	5.505505505505506
0.9982496451506632	0.001750354849336985	0.0	5.605605605605606
0.998232067353273	0.0017679326467272022	0.0	5.705705705705706
0.9982143133130064	0.0017856866869937816	0.0	5.805805805805806
0.9981963813081186	0.0018036186918815632	0.0	5.9059059059059065
0.9981782695988236	0.0018217304011766027	0.0	6.0060060060060065
0.9981599763844975	0.0018400236155026956	0.0	6.106106106106107
0.9981414998457786	0.0018585001542215484	0.0	6.206206206206207
0.9981228381445674	0.001877161855432779	0.0	6.306306306306307
0.9981039894240262	0.001896010575973917	0.0	6.406406406406407
0.9980849518085798	0.0019150481914204033	0.0	6.506506506506507
0.9980657234039146	0.0019342765960855897	0.0	6.606606606606607
0.9980463022969794	0.00195369770302074	0.0	6.706706706706707
0.9980266865559851	0.0019733134440150296	0.0	6.806806806806807
0.9980068742304047	0.001993125769595544	0.0	6.906906906906907
0.9979868633509729	0.0020131366490272816	0.0	7.007007007007007
0.997966651929687	0.0020333480703131515	0.0	7.107107107107107
0.9979462379598062	0.002053762040193974	0.0	7.207207207207207
0.9979256194158517	0.0020743805841484993	0.0	7.307307307307307
0.9979047942523359	0.0020952057476642198	0.0	7.407407407407407
0.9978837604047226	0.0021162395952775315	0.0	7.507507507507508
0.9978625157908018	0.0021374842091984483	0.0	7.6076076076076085
0.997841058309594	0.002158941690406145	0.0	7.7077077077077085
0.9978193858413512	0.0021806141586489564	0.0	7.807807807807809
0.9977974962475558	0.0022025037524443752	0.0	7.907907907907909
0.9977753873709211	0.002224612629079055	0.0	8.008008008008009
0.9977530570353913	0.0022469429646088087	0.0	8.108108108108109
0.9977305030461415	0.002269496953858608	0.0	8.208208208208209
0.9977077231895776	0.002292276810422586	0.0	8.308308308308309
0.9976847152333361	0.0023152847666640334	0.0	8.408408408408409
0.9976614769262847	0.0023385230737154017	0.0	8.508508508508509
0.9976380059985218	0.002361994001478302	0.0	8.608608608608609
0.9976143001613766	0.0023856998386235038	0.0	8.70870870870871
0.9975903571074092	0.002409642892590938	0.0	8.80880880880881
0.9975661744027009	0.002433825597299312	0.0	8.90890890890891
0.9975417495394319	0.0024582504605683325	0.0	9.00900900900901
0.997517080104036	0.0024829198959642478	0.0	9.10910910910911
0.9974921636615174	0.002507836338482818	0.0	9.20920920920921
0.9974669977551132	0.002533002244887103	0.0	9.30930930930931
0.9974415799062928	0.0025584200937074646	0.0	9.40940940940941
0.9974159076147586	0.0025840923852415644	0.0	9.50950950950951
0.9973899783584459	0.0026100216415543666	0.0	9.60960960960961
0.9973637895935221	0.002636210406478134	0.0	9.70970970970971
0.9973373387543878	0.002662661245612433	0.0	9.80980980980981
0.9973106232536761	0.002689376746324128	0.0	9.90990990990991
0.9972836404822528	0.0027163595177473873	0.0	10.01001001001001
0.9972563878092165	0.0027436121907836774	0.0	10.11011011011011
0.9972288625818985	0.0027711374181017675	0.0	10.21021021021021
0.9972010621258625	0.0027989378741377267	0.0	10.31031031031031
0.9971729847123286	0.002827015287671582	0.0	10.41041041041041
0.9971446249503142	0.0028553750496859874	0.0	10.51051051051051
0.9971159815323046	0.0028840184676955224	0.0	10.61061061061061
0.9970870516194144	0.002912948380585846	0.0	10.710710710710712
0.9970578323503392	0.0029421676496609313	0.0	10.810810810810812
0.9970283208411316	0.002971679158868592	0.0	10.910910910910912
0.9969985141849742	0.0030014858150260023	0.0	11.011011011011012
0.996968409451955	0.0030315905480452223	0.0	11.111111111111112
0.9969380036888414	0.0030619963111587173	0.0	11.211211211211213
0.9969072939188552	0.0030927060811448835	0.0	11.311311311311313
0.9968762771414466	0.00312372285855357	0.0	11.411411411411413
0.9968449503320685	0.0031550496679316007	0.0	11.511511511511513
0.9968133104419519	0.003186689558048298	0.0	11.611611611611613
0.9967813543978792	0.003218645602121005	0.0	11.711711711711713
0.9967490791019595	0.003250920898040609	0.0	11.811811811811813
0.9967164813280879	0.003283518671912165	0.0	11.911911911911913
0.9966835577036045	0.003316442296395599	0.0	12.012012012012013
0.9966503049920528	0.003349695007947327	0.0	12.112112112112113
0.9966167199309367	0.003383280069063418	0.0	12.212212212212213
0.9965827992271594	0.003417200772840633	0.0	12.312312312312313
0.9965485395566506	0.0034514604433494786	0.0	12.412412412412413
0.9965139375639929	0.003486062436007253	0.0	12.512512512512513
0.996478989862049	0.0035210101379510987	0.0	12.612612612612613
0.996443693031589	0.0035563069684110514	0.0	12.712712712712714
0.996408043620917	0.0035919563790830908	0.0	12.812812812812814
0.9963720381454979	0.0036279618545021902	0.0	12.912912912912914
0.9963356730875848	0.003664326912415367	0.0	13.013013013013014
0.9962989448958454	0.0037010551041547334	0.0	13.113113113113114
0.9962618499849896	0.0037381500150105444	0.0	13.213213213213214
0.9962243847353959	0.003775615264604251	0.0	13.313313313313314
0.9961865454927386	0.0038134545072615465	0.0	13.413413413413414
0.9961483285676147	0.0038516714323854214	0.0	13.513513513513514
0.9961097302351709	0.0038902697648292082	0.0	13.613613613613614
0.9960707467347304	0.003929253265269637	0.0	13.713713713713714
0.9960313742693927	0.003968625730607337	0.0	13.813813813813814
0.9959916089555039	0.004008391044496166	0.0	13.913913913913914
0.9959514468650077	0.004048553134992329	0.0	14.014014014014014
0.9959108840713832	0.00408911592861682	0.0	14.114114114114114
0.9958699166089502	0.004130083391049858	0.0	14.214214214214214
0.9958285404724497	0.004171459527550284	0.0	14.314314314314315
0.9957867516166251	0.004213248383374954	0.0	14.414414414414415
0.9957445459558019	0.0042554540441981465	0.0	14.514514514514515
0.9957019193634691	0.004298080636530945	0.0	14.614614614614615
0.9956588676718594	0.004341132328140647	0.0	14.714714714714715
0.9956153866715298	0.004384613328470155	0.0	14.814814814814815
0.9955714721109427	0.0044285278890573735	0.0	14.914914914914915
0.9955271196960455	0.004472880303954613	0.0	15.015015015015017
0.995482325089852	0.0045176749101479745	0.0	15.115115115115117
0.9954370839120232	0.00456291608797676	0.0	15.215215215215217
0.9953913917384472	0.00460860826155286	0.0	15.315315315315317
0.9953452441008198	0.004654755899180156	0.0	15.415415415415417
0.9952986364862261	0.004701363513773913	0.0	15.515515515515517
0.9952515643367198	0.004748435663280183	0.0	15.615615615615617
0.9952040230489049	0.004795976951095194	0.0	15.715715715715717
0.9951560079763627	0.004843992023637353	0.0	15.815815815815817
0.99510751450717	0.004892485492829961	0.0	15.915915915915917
0.995058537954736	0.0049414620452641065	0.0	16.016016016016017
0.995009073554028	0.004990926445972062	0.0	16.116116116116117
0.9949591164943533	0.005040883505646741	0.0	16.216216216216218
0.9949086619189981	0.005091338081002005	0.0	16.316316316316318
0.9948577049248671	0.005142295075132972	0.0	16.416416416416418
0.9948062405621237	0.0051937594378763195	0.0	16.516516516516518
0.9947542638338295	0.005245736166170596	0.0	16.616616616616618
0.9947017696955835	0.005298230304416528	0.0	16.716716716716718
0.9946487530551628	0.005351246944837324	0.0	16.816816816816818
0.9945952087721611	0.0054047912278389855	0.0	16.916916916916918
0.9945411316576295	0.005458868342370611	0.0	17.017017017017018
0.9944865164737153	0.0055134835262847055	0.0	17.117117117117118
0.9944313579333026	0.005568642066697487	0.0	17.217217217217218
0.9943756506996508	0.005624349300349194	0.0	17.31731731731732
0.9943193893860357	0.005680610613964391	0.0	17.41741741741742
0.9942625685553877	0.005737431444612278	0.0	17.51751751751752
0.9942051827199331	0.005794817280066998	0.0	17.61761761761762
0.9941472263408321	0.005852773659167941	0.0	17.71771771771772
0.9940886938184235	0.005911306181576601	0.0	17.81781781781782
0.9940295794239095	0.005970420576090657	0.0	17.91791791791792
0.9939698774250278	0.006030122574972249	0.0	18.01801801801802
0.9939095820524702	0.006090417947529973	0.0	18.11811811811812
0.9938486874823255	0.006151312517674615	0.0	18.21821821821822
0.9937871878356667	0.006212812164333487	0.0	18.31831831831832
0.9937250771781354	0.006274922821864759	0.0	18.41841841841842
0.9936623495195284	0.006337650480471785	0.0	18.51851851851852
0.9935989988133827	0.006401001186617441	0.0	18.61861861861862
0.9935350189565617	0.006464981043438451	0.0	18.71871871871872
0.9934704037888404	0.006529596211159716	0.0	18.81881881881882
0.9934051470924915	0.006594852907508656	0.0	18.91891891891892
0.9933392425918706	0.006660757408129527	0.0	19.01901901901902
0.9932726839530024	0.006727316046997765	0.0	19.11911911911912
0.9932054647831658	0.006794535216834305	0.0	19.21921921921922
0.9931375786304802	0.006862421369519923	0.0	19.31931931931932
0.9930690189834905	0.00693098101650956	0.0	19.41941941941942
0.9929997792707534	0.0070002207292466576	0.0	19.51951951951952
0.9929298528604227	0.007070147139577485	0.0	19.61961961961962
0.9928592330598347	0.007140766940165471	0.0	19.71971971971972
0.9927879130858798	0.007212086914120326	0.0	19.81981981981982
0.9927158859964393	0.007284114003560705	0.0	19.91991991991992
0.9926431448729088	0.007356855127091213	0.0	20.02002002002002
0.9925696827426185	0.007430317257381595	0.0	20.12012012012012
0.992495492567529	0.007504507432471039	0.0	20.22022022022022
0.9924205672437408	0.007579432756259265	0.0	20.32032032032032
0.9923448996010025	0.007655100398997607	0.0	20.42042042042042
0.99226848240222	0.0077315175977801	0.0	20.52052052052052
0.9921913083429655	0.007808691657034558	0.0	20.62062062062062
0.9921133700509864	0.007886629949013665	0.0	20.72072072072072
0.9920346600857141	0.007965339914286058	0.0	20.82082082082082
0.9919551709377726	0.008044829062227407	0.0	20.92092092092092
0.9918748950284886	0.008125104971511504	0.0	21.02102102102102
0.9917938247093987	0.008206175290601346	0.0	21.12112112112112
0.9917119522617599	0.008288047738240215	0.0	21.22122122122122
0.9916292698960573	0.008370730103942771	0.0	21.32132132132132
0.991545769751514	0.008454230248486133	0.0	21.421421421421424
0.9914614438955991	0.00853855610440095	0.0	21.521521521521525
0.9913762843235375	0.008623715676462512	0.0	21.621621621621625
0.9912902829578183	0.008709717042181805	0.0	21.721721721721725
0.9912034313490931	0.008796568650906994	0.0	21.821821821821825
0.9911157217216564	0.008884278278343588	0.0	21.921921921921925
0.9910271454107205	0.008972854589279615	0.0	22.022022022022025
0.9909376940138491	0.009062305986150878	0.0	22.122122122122125
0.9908473590504154	0.009152640949584585	0.0	22.222222222222225
0.990756131961097	0.009243868038903048	0.0	22.322322322322325
0.9906640041073689	0.009335995892631156	0.0	22.422422422422425
0.9905709667709923	0.009429033229007679	0.0	22.522522522522525
0.9904770111534997	0.00952298884650036	0.0	22.622622622622625
0.9903821283756752	0.009617871624324828	0.0	22.722722722722725
0.9902863094770328	0.009713690522967298	0.0	22.822822822822825
0.9901895454152889	0.009810454584711095	0.0	22.922922922922925
0.9900918270658331	0.009908172934166966	0.0	23.023023023023026
0.9899931452211929	0.010006854778807214	0.0	23.123123123123126
0.9898934905904965	0.010106509409503616	0.0	23.223223223223226
0.9897928537989309	0.010207146201069175	0.0	23.323323323323326
0.9896912253871964	0.010308774612803644	0.0	23.423423423423426
0.9895885958109572	0.010411404189042883	0.0	23.523523523523526
0.989484955440288	0.010515044559712007	0.0	23.623623623623626
0.9893802945591124	0.010619705440887691	0.0	23.723723723723726
0.9892746032672236	0.010725396732776456	0.0	23.823823823823826
0.9891678715585817	0.010832128441418435	0.0	23.923923923923926
0.9890600894213106	0.01093991057868941	0.0	24.024024024024026
0.9889512467523818	0.011048753247618247	0.0	24.124124124124126
0.9888413333569177	0.01115866664308239	0.0	24.224224224224226
0.9887303389474906	0.011269661052509415	0.0	24.324324324324326
0.9886182531434154	0.011381746856584638	0.0	24.424424424424426
0.9885050654700352	0.01149493452996481	0.0	24.524524524524526
0.9883907653580022	0.011609234641997862	0.0	24.624624624624627
0.9882753421425513	0.011724657857448719	0.0	24.724724724724727
0.9881587850627689	0.011841214937231191	0.0	24.824824824824827
0.9880410832608542	0.011958916739145913	0.0	24.924924924924927
0.9879222257813757	0.012077774218624365	0.0	25.025025025025027
0.9878022015705211	0.012197798429478946	0.0	25.125125125125127
0.9876809994753409	0.012319000524659134	0.0	25.225225225225227
0.9875586082429864	0.012441391757013682	0.0	25.325325325325327
0.9874350165199411	0.012564983480058911	0.0	25.425425425425427
0.987310212851247	0.012689787148753049	0.0	25.525525525525527
0.9871841856797234	0.012815814320276637	0.0	25.625625625625627
0.987056923345181	0.012943076654819021	0.0	25.725725725725727
0.9869284140836292	0.013071585916370877	0.0	25.825825825825827
0.9867986460264772	0.013201353973522838	0.0	25.925925925925927
0.9866676071997299	0.013332392800270152	0.0	26.026026026026027
0.9865352855231766	0.013464714476823443	0.0	26.126126126126128
0.9864016688095746	0.013598331190425497	0.0	26.226226226226228
0.986266744723824	0.013733255276175914	0.0	26.326326326326328
0.9861305007776432	0.013869499222356845	0.0	26.426426426426428
0.9859929244358742	0.014007075564125815	0.0	26.526526526526528
0.9858540030528733	0.014145996947126666	0.0	26.626626626626628
0.9857137238700672	0.014286276129932867	0.0	26.726726726726728
0.9855720740150257	0.01442792598497434	0.0	26.826826826826828
0.9854290405005283	0.01457095949947172	0.0	26.926926926926928
0.9852846102236219	0.014715389776378068	0.0	27.027027027027028
0.985138769964672	0.014861230035327995	0.0	27.127127127127128
0.9849915063864058	0.015008493613594258	0.0	27.227227227227228
0.9848428060329483	0.01515719396705176	0.0	27.32732732732733
0.984692655328851	0.015307344671149005	0.0	27.42742742742743
0.984541040578113	0.015458959421886994	0.0	27.52752752752753
0.9843879479631944	0.01561205203680555	0.0	27.62762762762763
0.9842333635440229	0.015766636455977076	0.0	27.72772772772773
0.9840772732569922	0.015922726743007765	0.0	27.82782782782783
0.9839196629139537	0.016080337086046243	0.0	27.92792792792793
0.9837605182012004	0.01623948179879963	0.0	28.02802802802803
0.9835998246784429	0.01640017532155708	0.0	28.12812812812813
0.9834375677777792	0.016562432222220706	0.0	28.22822822822823
0.983273732802656	0.016726267197344	0.0	28.32832832832833
0.9831083049268223	0.016891695073177622	0.0	28.42842842842843
0.9829412691932773	0.017058730806722714	0.0	28.52852852852853
0.9827726105132084	0.01722738948679156	0.0	28.62862862862863
0.9826023136649242	0.017397686335075744	0.0	28.72872872872873
0.9824303633450681	0.017569636654932018	0.0	28.82882882882883
0.9822567442565264	0.01774325574347358	0.0	28.92892892892893
0.9820814408282222	0.01791855917177777	0.0	29.02902902902903
0.9819044373419608	0.01809556265803927	0.0	29.12912912912913
0.9817257179448294	0.018274282055170593	0.0	29.22922922922923
0.9815452666482403	0.018454733351759737	0.0	29.32932932932933
0.9813630673269677	0.01863693267303237	0.0	29.42942942942943
0.9811791037181815	0.018820896281818586	0.0	29.52952952952953
0.9809933594204759	0.019006640579524153	0.0	29.62962962962963
0.9808058178928937	0.019194182107106352	0.0	29.72972972972973
0.9806164624539457	0.019383537546054305	0.0	29.82982982982983
0.9804252762806261	0.019574723719373882	0.0	29.929929929929934
0.9802322424074229	0.01976775759257711	0.0	30.030030030030034
0.9800373437253239	0.01996265627467616	0.0	30.130130130130134
0.9798405629808182	0.020159437019181842	0.0	30.230230230230234
0.9796418827748934	0.020358117225106657	0.0	30.330330330330334
0.9794412855620277	0.020558714437972372	0.0	30.430430430430434
0.9792387536491779	0.020761246350822143	0.0	30.530530530530534
0.9790342691947629	0.020965730805237177	0.0	30.630630630630634
0.9788278142076421	0.021172185792357943	0.0	30.730730730730734
0.9786193705460902	0.02138062945390989	0.0	30.830830830830834
0.9784089199167663	0.02159108008323374	0.0	30.930930930930934
0.9781964438736798	0.021803556126320293	0.0	31.031031031031034
0.9779819238171502	0.02201807618284979	0.0	31.131131131131134
0.9777653409927642	0.022234659007235792	0.0	31.231231231231234
0.9775466765135253	0.022453323486474674	0.0	31.331331331331334
0.9773259114735076	0.02267408852649247	0.0	31.431431431431434
0.9771030267075703	0.022896973292429696	0.0	31.531531531531535
0.9768780028693937	0.023121997130606246	0.0	31.631631631631635
0.9766508204556157	0.023349179544384376	0.0	31.731731731731735
0.9764214598048886	0.02357854019511145	0.0	31.831831831831835
0.9761899010969352	0.02381009890306484	0.0	31.931931931931935
0.9759561243516011	0.024043875648398917	0.0	32.032032032032035
0.9757201094279059	0.024279890572094207	0.0	32.132132132132135
0.9754818360230914	0.024518163976908654	0.0	32.232232232232235
0.975241283671669	0.024758716328331033	0.0	32.332332332332335
0.9749984317444635	0.02500156825553648	0.0	32.432432432432435
0.9747532594476559	0.025246740552344177	0.0	32.532532532532535
0.9745057458218229	0.025494254178177137	0.0	32.632632632632635
0.9742558697409759	0.025744130259024143	0.0	32.732732732732735
0.9740036099115962	0.025996390088403803	0.0	32.832832832832835
0.9737489448716693	0.026251055128330765	0.0	32.932932932932935
0.973491852989716	0.026508147010284023	0.0	33.033033033033036
0.9732323124638227	0.026767687536177392	0.0	33.133133133133136
0.972970301320668	0.02702969867933209	0.0	33.233233233233236
0.9727057974145485	0.027294202585451455	0.0	33.333333333333336
0.9724387784264023	0.027561221573597815	0.0	33.433433433433436
0.9721692218628286	0.02783077813717146	0.0	33.533533533533536
0.9718971050551083	0.028102894944891762	0.0	33.633633633633636
0.9716224051582196	0.028377594841780426	0.0	33.733733733733736
0.9713450991615996	0.0286549008384005	0.0	33.833833833833836
0.9710651640524767	0.028934835947523423	0.0	33.933933933933936
0.9707825765497002	0.029217423450299873	0.0	34.034034034034036
0.9704973131396293	0.029502686860370855	0.0	34.134134134134136
0.9702093501310798	0.02979064986892025	0.0	34.234234234234236
0.9699186636544896	0.030081336345510398	0.0	34.334334334334336
0.9696252296610833	0.03037477033891675	0.0	34.434434434434436
0.9693290239220385	0.030670976077961674	0.0	34.53453453453454
0.9690300220276528	0.030969977972347337	0.0	34.63463463463464
0.9687281993865123	0.03127180061348772	0.0	34.73473473473474
0.9684235312246603	0.031576468775339775	0.0	34.83483483483484
0.9681159925847664	0.03188400741523359	0.0	34.93493493493494
0.9678055583252982	0.03219444167470183	0.0	35.03503503503504
0.967492203119692	0.03250779688030814	0.0	35.13513513513514
0.9671759014555253	0.03282409854447471	0.0	35.23523523523524
0.9668566276336911	0.033143372366309036	0.0	35.33533533533534
0.9665343557675704	0.033465644232429634	0.0	35.43543543543544
0.9662090597822091	0.03379094021779103	0.0	35.53553553553554
0.9658807134134924	0.034119286586507716	0.0	35.63563563563564
0.9655492902073227	0.034450709792677364	0.0	35.73573573573574
0.9652147635187971	0.03478523648120301	0.0	35.83583583583584
0.9648771065113856	0.03512289348861447	0.0	35.93593593593594
0.9645362921561113	0.03546370784388879	0.0	36.03603603603604
0.9641922932307302	0.03580770676926984	0.0	36.13613613613614
0.9638450823189131	0.036154917681087036	0.0	36.23623623623624
0.9634946318108298	0.03650536818917028	0.0	36.33633633633634
0.963140914023503	0.03685908597649708	0.0	36.43643643643644
0.9627839011408712	0.03721609885912895	0.0	36.53653653653654
0.9624235651498713	0.037576434850128834	0.0	36.63663663663664
0.9620598778902631	0.037940122109737	0.0	36.73673673673674
0.9616928110401387	0.03830718895986143	0.0	36.83683683683684
0.9613223358196051	0.03867766418039501	0.0	36.93693693693694
0.9609484232684594	0.039051576731540714	0.0	37.03703703703704
0.960571044259161	0.039428955740839156	0.0	37.13713713713714
0.9601901694280638	0.039809830571936294	0.0	37.23723723723724
0.9598057692105849	0.04019423078941509	0.0	37.33733733733734
0.9594178140753055	0.04058218592469461	0.0	37.43743743743744
0.959026274219801	0.040973725780199005	0.0	37.53753753753754
0.95863111963517	0.04136888036483008	0.0	37.63763763763764
0.9582323201358519	0.04176767986414814	0.0	37.73773773773774
0.9578298453370985	0.04217015466290152	0.0	37.83783783783784
0.9574236646020493	0.042576335397950686	0.0	37.93793793793794
0.9570137471372618	0.042986252862738134	0.0	38.03803803803804
0.9566000619599467	0.043399938040053265	0.0	38.13813813813814
0.9561825778946559	0.04381742210534419	0.0	38.23823823823824
0.95576126357717	0.044238736422830174	0.0	38.33833833833834
0.9553360874563344	0.04466391254366573	0.0	38.43843843843844
0.9549070177863651	0.045092982213634995	0.0	38.53853853853854
0.9544740226302388	0.04552597736976125	0.0	38.63863863863864
0.9540370698639478	0.04596293013605236	0.0	38.73873873873874
0.9535961271616816	0.046403872838318524	0.0	38.83883883883884
0.9531511620296766	0.04684883797032349	0.0	38.93893893893894
0.952702141772638	0.04729785822736217	0.0	39.03903903903904
0.952249033506741	0.04775096649325924	0.0	39.13913913913914
0.9517918041605833	0.04820819583941686	0.0	39.23923923923924
0.9513304204898976	0.04866957951010259	0.0	39.33933933933934
0.9508648490566178	0.049135150943382236	0.0	39.43943943943944
0.9503950562302608	0.0496049437697393	0.0	39.53953953953954
0.9499210081924667	0.05007899180753343	0.0	39.63963963963964
0.9494426709369997	0.05055732906300039	0.0	39.73973973973974
0.9489600102697481	0.051039989730252075	0.0	39.83983983983984
0.9484729918087236	0.05152700819127651	0.0	39.93993993993994
0.9479815809840623	0.052018419015937845	0.0	40.04004004004004
0.9474857430380238	0.052514256961976355	0.0	40.14014014014014
0.9469854430600961	0.05301455693990406	0.0	40.24024024024024
0.9464806460427337	0.05351935395726649	0.0	40.34034034034034
0.9459713167186639	0.05402868328133629	0.0	40.44044044044044
0.9454574196309268	0.05454258036907342	0.0	40.54054054054054
0.9449389191391161	0.05506108086088411	0.0	40.64064064064064
0.9444157794193793	0.055584220580620895	0.0	40.74074074074074
0.9438879644644176	0.05611203553558257	0.0	40.84084084084084
0.943355438083486	0.056644561916514236	0.0	40.94094094094094
0.9428181639023929	0.05718183609760729	0.0	41.04104104104104
0.9422761053645068	0.057723894635493385	0.0	41.14114114114114
0.9417292259185127	0.058270774081487425	0.0	41.24124124124124
0.9411774888502409	0.05882251114975927	0.0	41.34134134134134
0.9406208571589818	0.059379142841018334	0.0	41.44144144144144
0.9400592936701636	0.05994070632983656	0.0	41.54154154154154
0.9394927610353518	0.06050723896464833	0.0	41.64164164164164
0.9389212217322496	0.06107877826775058	0.0	41.74174174174174
0.9383446380646975	0.06165536193530269	0.0	41.84184184184184
0.9377629721626737	0.06223702783732656	0.0	41.94194194194194
0.9371761859822936	0.06282381401770658	0.0	42.04204204204204
0.9365842413584599	0.06341575864154027	0.0	42.14214214214214
0.9359871003071633	0.06401289969283684	0.0	42.24224224224224
0.935384724477176	0.06461527552282409	0.0	42.34234234234234
0.9347770752986312	0.06522292470136887	0.0	42.44244244244244
0.9341641140424312	0.06583588595756891	0.0	42.54254254254254
0.9335458018202474	0.06645419817975269	0.0	42.64264264264264
0.9329220995845204	0.0670779004154796	0.0	42.74274274274275
0.9322929681284604	0.06770703187153966	0.0	42.84284284284285
0.9316583680860462	0.06834163191395386	0.0	42.94294294294295
0.9310182599320261	0.06898174006797395	0.0	43.04304304304305
0.9303726033296936	0.06962739667030649	0.0	43.14314314314315
0.9297213612071284	0.0702786387928716	0.0	43.24324324324325
0.9290644923059497	0.07093550769405041	0.0	43.34334334334335
0.9284019567642624	0.07159804323573771	0.0	43.44344344344345
0.9277337145670157	0.07226628543298437	0.0	43.54354354354355
0.9270597255481255	0.07294027445187454	0.0	43.64364364364365
0.9263799493925974	0.0736200506074027	0.0	43.74374374374375
0.9256943456386492	0.0743056543613509	0.0	43.84384384384385
0.9250028736798342	0.0749971263201658	0.0	43.94394394394395
0.924305492790026	0.07569450720997406	0.0	44.04404404404405
0.9236021626427485	0.07639783735725153	0.0	44.14414414414415
0.9228928426528511	0.07710715734714904	0.0	44.24424424424425
0.9221774919547909	0.07782250804520918	0.0	44.34434434434435
0.921456069588404	0.07854393041159612	0.0	44.44444444444445
0.9207285345031241	0.07927146549687604	0.0	44.54454454454455
0.9199948455622027	0.08000515443779746	0.0	44.64464464464465
0.9192549615469283	0.08074503845307174	0.0	44.74474474474475
0.9185088411608467	0.08149115883915334	0.0	44.84484484484485
0.9177564430339799	0.08224355696602029	0.0	44.94494494494495
0.9169977257270455	0.08300227427295459	0.0	45.04504504504505
0.9162326477399998	0.08376735226000033	0.0	45.14514514514515
0.9154611676476626	0.08453883235233757	0.0	45.24524524524525
0.9146832439462107	0.08531675605378937	0.0	45.34534534534535
0.9138988350378654	0.08610116496213469	0.0	45.44544544544545
0.9131078992867825	0.0868921007132176	0.0	45.54554554554555
0.9123103950238127	0.08768960497618743	0.0	45.64564564564565
0.9115062805512613	0.08849371944873886	0.0	45.74574574574575
0.9106955141476482	0.08930448585235201	0.0	45.84584584584585
0.9098780540724676	0.09012194592753257	0.0	45.94594594594595
0.9090538585709482	0.09094614142905184	0.0	46.04604604604605
0.9082228858788133	0.0917771141211869	0.0	46.14614614614615
0.9073850942265003	0.09261490577349984	0.0	46.24624624624625
0.9065404418208056	0.0934595581791945	0.0	46.34634634634635
0.9056888868755264	0.09431111312447367	0.0	46.44644644644645
0.9048303876222733	0.09516961237772684	0.0	46.54654654654655
0.9039649023051315	0.09603509769486862	0.0	46.64664664664665
0.9030923891853241	0.096907610814676	0.0	46.74674674674675
0.9022128065458747	0.09778719345412547	0.0	46.84684684684685
0.9013261126962698	0.09867388730373021	0.0	46.94694694694695
0.9004322659771228	0.09956773402287734	0.0	47.04704704704705
0.8995312247648349	0.10046877523516509	0.0	47.14714714714715
0.8986229474762601	0.10137705252373999	0.0	47.24724724724725
0.897707392576981	0.10229260742301916	0.0	47.34734734734735
0.8967845188208956	0.10321548117910453	0.0	47.44744744744745
0.8958542850121846	0.10414571498781558	0.0	47.54754754754755
0.8949166499186646	0.10508335008133553	0.0	47.64764764764765
0.8939715723909085	0.10602842760909165	0.0	47.74774774774775
0.8930190113679234	0.10698098863207677	0.0	47.84784784784785
0.8920589258828293	0.10794107411717081	0.0	47.94794794794795
0.8910912750685377	0.10890872493146242	0.0	48.04804804804805
0.8901160181634298	0.1098839818365704	0.0	48.14814814814815
0.8891331145170348	0.11086688548296537	0.0	48.24824824824825
0.8881425235957089	0.11185747640429125	0.0	48.34834834834835
0.8871442049906737	0.11285579500932648	0.0	48.44844844844845
0.8861381186851901	0.11386188131481007	0.0	48.54854854854855
0.8851242248149207	0.11487577518507949	0.0	48.64864864864865
0.8841024835341911	0.11589751646580906	0.0	48.74874874874875
0.8830728551644403	0.11692714483555983	0.0	48.84884884884885
0.8820353002010722	0.11796469979892797	0.0	48.94894894894895
0.8809897793203071	0.11901022067969314	0.0	49.04904904904905
0.8799362533860334	0.12006374661396679	0.0	49.14914914914915
0.8788746834566595	0.12112531654334065	0.0	49.24924924924925
0.8778050307919653	0.12219496920803494	0.0	49.34934934934935
0.8767272568599533	0.12327274314004684	0.0	49.44944944944945
0.8756413236040692	0.12435867639593091	0.0	49.54954954954955
0.8745471925523406	0.12545280744765958	0.0	49.64964964964965
0.87344482655411	0.12655517344589007	0.0	49.74974974974975
0.8723341881285204	0.12766581187147974	0.0	49.84984984984985
0.8712152400636443	0.12878475993635588	0.0	49.94994994994995
0.8700879454236129	0.12991205457638724	0.0	50.050050050050054
0.868952267555852	0.13104773244414816	0.0	50.150150150150154
0.8678081700984253	0.13219182990157485	0.0	50.250250250250254
0.8666556169874857	0.13334438301251447	0.0	50.350350350350354
0.865494572464834	0.13450542753516623	0.0	50.450450450450454
0.8643250010855849	0.1356749989144153	0.0	50.550550550550554
0.8631468677263056	0.1368531322736946	0.0	50.650650650650654
0.8619601378946807	0.13803986210531946	0.0	50.750750750750754
0.8607647774978658	0.13923522250213433	0.0	50.850850850850854
0.85956075258827	0.14043924741173017	0.0	50.950950950950954
0.8583480295923316	0.14165197040766864	0.0	51.051051051051054
0.8571265753202364	0.14287342467976372	0.0	51.151151151151154
0.8558963569757855	0.14410364302421472	0.0	51.251251251251254
0.8546573421664099	0.14534265783359032	0.0	51.351351351351354
0.8534094989133358	0.1465905010866643	0.0	51.451451451451454
0.8521527956618982	0.14784720433810203	0.0	51.551551551551555
0.8508872012920015	0.14911279870799865	0.0	51.651651651651655
0.8496126851287318	0.15038731487126836	0.0	51.751751751751755
0.8483292169531153	0.1516707830468849	0.0	51.851851851851855
0.8470367670130267	0.15296323298697348	0.0	51.951951951951955
0.8457353060342463	0.15426469396575385	0.0	52.052052052052055
0.8444248052316655	0.15557519476833467	0.0	52.152152152152155
0.8431052363308345	0.15689476366916566	0.0	52.252252252252255
0.8417765718731065	0.1582234281268937	0.0	52.352352352352355
0.8404387848490888	0.15956121515091135	0.0	52.452452452452455
0.8390918486819012	0.1609081513180989	0.0	52.552552552552555
0.837735737359056	0.16226426264094407	0.0	52.652652652652655
0.8363704254457012	0.16362957455429894	0.0	52.752752752752755
0.8349958880980454	0.16500411190195483	0.0	52.852852852852855
0.833612101076965	0.16638789892303507	0.0	52.952952952952955
0.8322190407617942	0.16778095923820593	0.0	53.053053053053056
0.8308166841642951	0.16918331583570512	0.0	53.153153153153156
0.8294050089428116	0.17059499105718856	0.0	53.253253253253256
0.8279839934166052	0.172016006583395	0.0	53.353353353353356
0.8265536165803717	0.17344638341962842	0.0	53.453453453453456
0.8251138581189414	0.17488614188105867	0.0	53.553553553553556
0.8236646984221604	0.17633530157783978	0.0	53.653653653653656
0.8222061185999539	0.17779388140004637	0.0	53.753753753753756
0.8207381004293184	0.17926189957068184	0.0	53.853853853853856
0.8192606257841089	0.1807393742158914	0.0	53.953953953953956
0.8177736775883631	0.1822263224116372	0.0	54.054054054054056
0.8162772396387077	0.18372276036129254	0.0	54.154154154154156
0.81477129647866	0.1852287035213402	0.0	54.254254254254256
0.8132558334106977	0.18674416658930243	0.0	54.354354354354356
0.81173083650837	0.18826916349163017	0.0	54.454454454454456
0.8101962926284493	0.18980370737155094	0.0	54.55455455455456
0.8086521894231247	0.19134781057687555	0.0	54.65465465465466
0.8070985153522363	0.1929014846477639	0.0	54.75475475475476
0.8055352596955507	0.19446474030444943	0.0	54.85485485485486
0.8039624125650776	0.1960375874349226	0.0	54.95495495495496
0.802379964917427	0.1976200350825732	0.0	55.05505505505506
0.8007879085684019	0.19921209143159843	0.0	55.15515515515516
0.7991862362301735	0.20081376376982676	0.0	55.25525525525526
0.7975749414866786	0.20242505851332163	0.0	55.35535535535536
0.7959540188116483	0.20404598118835196	0.0	55.45545545545546
0.7943234635879347	0.20567653641206554	0.0	55.55555555555556
0.7926832721202849	0.20731672787971536	0.0	55.65565565565566
0.7910334416481609	0.20896655835183933	0.0	55.75575575575576
0.7893739703586075	0.21062602964139276	0.0	55.85585585585586
0.7877048573991662	0.21229514260083404	0.0	55.95595595595596
0.7860261028908371	0.21397389710916323	0.0	56.05605605605606
0.7843377079410865	0.21566229205891377	0.0	56.15615615615616
0.7826396746569031	0.21736032534309718	0.0	56.25625625625626
0.7809320061578994	0.21906799384210093	0.0	56.35635635635636
0.77921470656729	0.22078529343271036	0.0	56.45645645645646
0.7774877806886814	0.22251221931131887	0.0	56.55655655655656
0.7757512344907221	0.2242487655092782	0.0	56.65665665665666
0.7740050750833439	0.22599492491665632	0.0	56.75675675675676
0.7722493106268516	0.22775068937314868	0.0	56.85685685685686
0.7704839503430269	0.22951604965697345	0.0	56.95695695695696
0.7687090045262011	0.2312909954737992	0.0	57.05705705705706
0.7669244845542961	0.2330755154457042	0.0	57.15715715715716
0.7651304028998326	0.23486959710016775	0.0	57.25725725725726
0.7633267731409068	0.23667322685909345	0.0	57.35735735735736
0.761513609972136	0.23848639002786426	0.0	57.45745745745746
0.7596909292155707	0.24030907078442956	0.0	57.55755755755756
0.757858747831576	0.24214125216842422	0.0	57.65765765765766
0.7560170839174958	0.2439829160825045	0.0	57.75775775775776
0.7541659564608223	0.24583404353917798	0.0	57.85785785785786
0.7523053856858998	0.2476946143141005	0.0	57.95795795795796
0.7504353930675579	0.2495646069324424	0.0	58.05805805805806
0.7485560012510276	0.2514439987489727	0.0	58.15815815815816
0.7466672340608784	0.2533327659391218	0.0	58.25825825825826
0.744769116509863	0.2552308834901373	0.0	58.35835835835836
0.7428616748076684	0.25713832519233193	0.0	58.45845845845846
0.7409449363695755	0.25905506363042485	0.0	58.55855855855856
0.7390189298250254	0.2609810701749749	0.0	58.65865865865866
0.7370836850260931	0.2629163149739071	0.0	58.75875875875876
0.7351392330558691	0.2648607669441312	0.0	58.85885885885886
0.733185606236747	0.2668143937632533	0.0	58.95895895895896
0.7312228381288645	0.26877716187113576	0.0	59.05905905905906
0.7292509632347052	0.27074903676529516	0.0	59.15915915915916
0.7272700173722529	0.2727299826277473	0.0	59.25925925925926
0.725280037727143	0.2747199622728573	0.0	59.35935935935936
0.7232810627382819	0.2767189372617185	0.0	59.45945945945946
0.721273132103483	0.2787268678965173	0.0	59.55955955955956
0.7192562867849364	0.2807437132150639	0.0	59.65965965965966
0.7172305690145123	0.2827694309854879	0.0	59.75975975975976
0.7151960222989006	0.2848039777010997	0.0	59.85985985985987
0.7131526914245834	0.28684730857541685	0.0	59.95995995995997
0.7111006224626432	0.2888993775373571	0.0	60.06006006006007
0.7090398627734048	0.2909601372265955	0.0	60.16016016016017
0.7069704610109124	0.29302953898908785	0.0	60.26026026026027
0.7048924671208447	0.29510753287915553	0.0	60.36036036036037
0.7028059320251945	0.2971940679748058	0.0	60.46046046046047
0.7007109079761763	0.2992890920238239	0.0	60.56056056056057
0.6986074486555999	0.30139255134440035	0.0	60.66066066066067
0.696495609030705	0.3035043909692953	0.0	60.76076076076077
0.6943754453553735	0.30562455464462673	0.0	60.86086086086087
0.6922470151710982	0.30775298482890207	0.0	60.96096096096097
0.6901103773077053	0.3098896226922949	0.0	61.06106106106107
0.6879655918838342	0.312034408116166	0.0	61.16116116116117
0.6858127203071718	0.3141872796928285	0.0	61.26126126126127
0.6836518252744423	0.3163481747255579	0.0	61.36136136136137
0.6814829707711539	0.3185170292288463	0.0	61.46146146146147
0.6793062220710989	0.32069377792890136	0.0	61.56156156156157
0.6771216457979823	0.32287835420201805	0.0	61.66166166166167
0.6749293093595202	0.32507069064048	0.0	61.76176176176177
0.6727292817024645	0.3272707182975358	0.0	61.86186186186187
0.6705216330712088	0.32947836692879146	0.0	61.96196196196197
0.6683064349681643	0.33169356503183595	0.0	62.06206206206207
0.6660837601494527	0.33391623985054764	0.0	62.16216216216217
0.6638536826203386	0.3361463173796617	0.0	62.26226226226227
0.6616162776303951	0.3383837223696052	0.0	62.36236236236237
0.6593716216683964	0.340628378331604	0.0	62.46246246246247
0.6571197924569327	0.34288020754306753	0.0	62.56256256256257
0.654860868946743	0.3451391310532573	0.0	62.66266266266267
0.6525949313107567	0.3474050686892435	0.0	62.76276276276277
0.6503220609378441	0.3496779390621562	0.0	62.86286286286287
0.6480423404254114	0.3519576595745889	0.0	62.96296296296297
0.6457558533672626	0.3542441466327377	0.0	63.06306306306307
0.643462684521681	0.3565373154783193	0.0	63.16316316316317
0.6411629199448672	0.35883708005513315	0.0	63.26326326326327
0.6388566468530615	0.36114335314693874	0.0	63.36336336336337
0.6365439536125029	0.3634560463874974	0.0	63.46346346346347
0.6342249297289488	0.3657750702710514	0.0	63.56356356356357
0.6318996658367516	0.36810033416324867	0.0	63.66366366366367
0.6295682536874792	0.3704317463125211	0.0	63.76376376376377
0.6272307861380756	0.37276921386192463	0.0	63.86386386386387
0.6248873571385513	0.375112642861449	0.0	63.96396396396397
0.6225380617191951	0.37746193828080515	0.0	64.06406406406407
0.6201829959773018	0.37981700402269847	0.0	64.16416416416416
0.6178222570634033	0.3821777429365969	0.0	64.26426426426427
0.6154559431670023	0.3845440568329981	0.0	64.36436436436436
0.6130841535018093	0.386915846498191	0.0	64.46446446446447
0.6107069882945654	0.389293011705435	0.0	64.56456456456456
0.6083245487656216	0.39167545123437886	0.0	64.66466466466467
0.6059369371098889	0.39406306289011145	0.0	64.76476476476476
0.6035442564824889	0.3964557435175115	0.0	64.86486486486487
0.6011466109813446	0.3988533890186558	0.0	64.96496496496496
0.5987441056292101	0.4012558943707903	0.0	65.06506506506507
0.5963368463551418	0.4036631536448586	0.0	65.16516516516516
0.5939249399753912	0.4060750600246092	0.0	65.26526526526527
0.5915084941737238	0.4084915058262766	0.0	65.36536536536536
0.5890876174811439	0.4109123825188564	0.0	65.46546546546547
0.5866624192550293	0.4133375807449711	0.0	65.56556556556556
0.5842330096576553	0.4157669903423451	0.0	65.66566566566567
0.5817994996341137	0.41820050036588663	0.0	65.76576576576576
0.5793620008896049	0.42063799911039557	0.0	65.86586586586587
0.576920625868766	0.4230793741312342	0.0	65.96596596596596
0.5744754882059278	0.4255245117940725	0.0	66.06606606606607
0.5720267022775315	0.4279732977224687	0.0	66.16616616616616
0.569574382880392	0.4304256171196083	0.0	66.26626626626627
0.5671186454939008	0.4328813545060995	0.0	66.36636636636636
0.5646596062577733	0.435340393742227	0.0	66.46646646646647
0.5621973819493641	0.43780261805063625	0.0	66.56656656656656
0.559732089960537	0.4402679100394632	0.0	66.66666666666667
0.5572638482741005	0.44273615172589975	0.0	66.76676676676676
0.5547927754397924	0.44520722456020784	0.0	66.86686686686687
0.5523189905498262	0.447681009450174	0.0	66.96696696696696
0.5498426132139833	0.45015738678601697	0.0	67.06706706706707
0.5473637635342607	0.4526362364657395	0.0	67.16716716716716
0.5448825620790626	0.45511743792093773	0.0	67.26726726726727
0.5423991298569416	0.4576008701430587	0.0	67.36736736736736
0.539913588292712	0.4600864117072882	0.0	67.46746746746747
0.5374260596421903	0.4625739403578099	0.0	67.56756756756756
0.5349366665622421	0.4650633334377581	0.0	67.66766766766767
0.5324455318194118	0.4675544681805884	0.0	67.76776776776777
0.5299527785243534	0.4700472214756467	0.0	67.86786786786787
0.5274585301068213	0.4725414698931789	0.0	67.96796796796797
0.5249629102904061	0.4750370897095941	0.0	68.06806806806807
0.5224660430670333	0.4775339569329669	0.0	68.16816816816817
0.5199680526712135	0.4800319473287866	0.0	68.26826826826827
0.5174690635540617	0.4825309364459384	0.0	68.36836836836838
0.514969200357077	0.48503079964292317	0.0	68.46846846846847
0.5124685878856924	0.4875314121143077	0.0	68.56856856856858
0.5099673510825998	0.4900326489174004	0.0	68.66866866866867
0.5074656150008451	0.49253438499915503	0.0	68.76876876876878
0.5049635047767085	0.49503649522329163	0.0	68.86886886886887
0.5024611456045418	0.4975388543954584	0.0	68.96896896896898
0.49995866300974845	0.5000413369902518	0.0	69.06906906906907
0.49745618254197665	0.5025438174580235	0.0	69.16916916916918
0.4949538295767033	0.5050461704232969	0.0	69.26926926926927
0.4924517294622812	0.507548270537719	0.0	69.36936936936938
0.48995000749427375	0.5100499925057264	0.0	69.46946946946947
0.4874487888897346	0.5125512111102656	0.0	69.56956956956958
0.4849481987614514	0.5150518012385488	0.0	69.66966966966967
0.48244836209214975	0.5175516379078504	0.0	69.76976976976978
0.47994940370867467	0.5200505962913254	0.0	69.86986986986987
0.47745144825614605	0.5225485517438542	0.0	69.96996996996998
0.474954620172106	0.5250453798278942	0.0	70.07007007007007
0.4724590436606541	0.5275409563393461	0.0	70.17017017017018
0.46996484266658883	0.5300351573334113	0.0	70.27027027027027
0.46747214084955047	0.5325278591504498	0.0	70.37037037037038
0.46498106155975427	0.535018938440246	0.0	70.47047047047047
0.46249172800463595	0.5375082719953643	0.0	70.57057057057058
0.4600042630409546	0.5399957369590456	0.0	70.67067067067067
0.4575187890452458	0.5424812109547544	0.0	70.77077077077078
0.4550354279980771	0.5449645720019232	0.0	70.87087087087087
0.45255430146010717	0.5474456985398931	0.0	70.97097097097098
0.45007553054830135	0.5499244694516988	0.0	71.07107107107107
0.44759923591230266	0.5524007640876976	0.0	71.17117117117118
0.44512553771097796	0.5548744622890223	0.0	71.27127127127127
0.44265455558913847	0.5573454444108618	0.0	71.37137137137138
0.440186408654454	0.5598135913455462	0.0	71.47147147147147
0.43772121545456	0.5622787845454402	0.0	71.57157157157158
0.43525909395437745	0.5647409060456228	0.0	71.67167167167167
0.43280016151364425	0.5671998384863559	0.0	71.77177177177178
0.4303445348646776	0.5696554651353226	0.0	71.87187187187187
0.4278923300910625	0.5721076699089378	0.0	71.97197197197198
0.4254436626823094	0.5745563373176908	0.0	72.07207207207207
0.42299864743871624	0.5770013525612839	0.0	72.17217217217218
0.42055739841099815	0.5794426015890021	0.0	72.27227227227228
0.4181200289221045	0.5818799710778957	0.0	72.37237237237238
0.4156866515472146	0.5843133484527856	0.0	72.47247247247248
0.41325737809405644	0.5867426219059438	0.0	72.57257257257258
0.41083231958356986	0.5891676804164304	0.0	72.67267267267268
0.4084115862309143	0.591588413769086	0.0	72.77277277277278
0.4059952874268411	0.5940047125731591	0.0	72.87287287287288
0.40358353171943084	0.5964164682805694	0.0	72.97297297297298
0.4011764267962159	0.5988235732037843	0.0	73.07307307307308
0.3987740794666883	0.6012259205333119	0.0	73.17317317317318
0.3963765956452141	0.6036234043547861	0.0	73.27327327327328
0.39398408033435256	0.6060159196656477	0.0	73.37337337337338
0.3915966376080165	0.6084033623919838	0.0	73.47347347347348
0.389214370537578	0.6107856294624222	0.0	73.57357357357358
0.38683738123342676	0.6131626187665735	0.0	73.67367367367368
0.38446577085823475	0.6155342291417656	0.0	73.77377377377378
0.3820996395806167	0.6179003604193836	0.0	73.87387387387388
0.37973908656061883	0.6202609134393814	0.0	73.97397397397398
0.377384209935667	0.6226157900643333	0.0	74.07407407407408
0.3750351068069745	0.6249648931930258	0.0	74.17417417417418
0.3726918732264289	0.6273081267735714	0.0	74.27427427427428
0.3703546041839567	0.6296453958160436	0.0	74.37437437437438
0.3680233935953868	0.6319766064046135	0.0	74.47447447447448
0.3656983342908109	0.6343016657091894	0.0	74.57457457457458
0.3633795180034612	0.6366204819965391	0.0	74.67467467467468
0.3610670353591053	0.638932964640895	0.0	74.77477477477478
0.3587609758659768	0.6412390241340234	0.0	74.87487487487488
0.35646142790258967	0.6435385720974106	0.0	74.97497497497498
0.35416847847432725	0.645831521525673	0.0	75.07507507507508
0.35188221345235315	0.6481177865476472	0.0	75.17517517517518
0.34960271766927936	0.6503972823307209	0.0	75.27527527527528
0.3473300747825972	0.6526699252174031	0.0	75.37537537537538
0.345064367266727	0.6549356327332733	0.0	75.47547547547548
0.3428056764056003	0.6571943235944	0.0	75.57557557557558
0.3405540822857946	0.6594459177142057	0.0	75.67567567567568
0.3383096637902169	0.6616903362097835	0.0	75.77577577577578
0.33607249859235605	0.6639275014076442	0.0	75.87587587587588
0.33384266315110145	0.6661573368488988	0.0	75.97597597597598
0.331620232706146	0.6683797672938543	0.0	76.07607607607608
0.32940528127397256	0.6705947187260277	0.0	76.17617617617618
0.32719788164444147	0.6728021183555588	0.0	76.27627627627628
0.3249981053779779	0.6750018946220224	0.0	76.37637637637638
0.3228060228033767	0.6771939771966236	0.0	76.47647647647648
0.32062170301622395	0.6793782969837764	0.0	76.57657657657658
0.31844521387795255	0.6815547861220477	0.0	76.67667667667668
0.3162766219038426	0.6837233780961577	0.0	76.77677677677679
0.3141159917972818	0.6858840082027186	0.0	76.87687687687688
0.31196338736302803	0.6880366126369722	0.0	76.97697697697699
0.30981887120554735	0.690181128794453	0.0	77.07707707707708
0.3076825046492645	0.6923174953507358	0.0	77.17717717717719
0.3055543477366664	0.694445652263334	0.0	77.27727727727728
0.30343445922681406	0.6965655407731862	0.0	77.37737737737739
0.30132289659427475	0.6986771034057255	0.0	77.47747747747748
0.2992197160284658	0.7007802839715345	0.0	77.57757757757759
0.2971249724334215	0.7028750275665788	0.0	77.67767767767768
0.2950387194279746	0.7049612805720257	0.0	77.77777777777779
0.2929610093463637	0.7070389906536366	0.0	77.87787787787788
0.29089189323925796	0.7091081067607424	0.0	77.97797797797799
0.2888314208752107	0.7111685791247896	0.0	78.07807807807808
0.28677964074253354	0.7132203592574669	0.0	78.17817817817819
0.28473660009414914	0.7152633999058512	0.0	78.27827827827828
0.2827023449285223	0.717297655071478	0.0	78.37837837837839
0.2806769199403493	0.7193230800596511	0.0	78.47847847847848
0.2786603685609838	0.7213396314390165	0.0	78.57857857857859
0.27665273296297427	0.723347267037026	0.0	78.67867867867868
0.27465405406505217	0.7253459459349482	0.0	78.77877877877879
0.27266437153758966	0.7273356284624107	0.0	78.87887887887888
0.27068372380851957	0.7293162761914808	0.0	78.97897897897899
0.26871214806972854	0.7312878519302718	0.0	79.07907907907908
0.2667496802839172	0.7332503197160831	0.0	79.17917917917919
0.2647963551919378	0.7352036448080626	0.0	79.27927927927928
0.26285220632060274	0.7371477936793976	0.0	79.37937937937939
0.2609172659909758	0.7390827340090245	0.0	79.47947947947948
0.2589915653271381	0.7410084346728623	0.0	79.57957957957959
0.25707513419957556	0.7429248658004248	0.0	79.67967967967968
0.25516800078431523	0.7448319992156851	0.0	79.77977977977979
0.25327019233862685	0.7467298076613735	0.0	79.87987987987988
0.2513817350183482	0.7486182649816522	0.0	79.97997997997999
0.24950265378958303	0.7504973462104173	0.0	80.08008008008008
0.2476329724361487	0.7523670275638517	0.0	80.18018018018019
0.24577271356728556	0.7542272864327149	0.0	80.28028028028028
0.24392189862561534	0.756078101374385	0.0	80.38038038038039
0.24208054789535385	0.7579194521046465	0.0	80.48048048048048
0.2402486805107652	0.7597513194892352	0.0	80.58058058058059
0.23842631446486248	0.7615736855351379	0.0	80.68068068068068
0.2366134666183426	0.7633865333816577	0.0	80.78078078078079
0.2348101527087597	0.7651898472912406	0.0	80.88088088088088
0.23301638735992541	0.766983612640075	0.0	80.98098098098099
0.2312321840915398	0.7687678159084606	0.0	81.08108108108108
0.22945755530860043	0.7705424446914	0.0	81.18118118118119
0.22769251231219914	0.7723074876878012	0.0	81.28128128128128
0.22593706535107672	0.7740629346489236	0.0	81.38138138138139
0.2241912236078342	0.7758087763921662	0.0	81.48148148148148
0.22245499520908704	0.7775450047909133	0.0	81.58158158158159
0.22072838723606536	0.779271612763935	0.0	81.68168168168168
0.21901140573539302	0.7809885942646073	0.0	81.78178178178179
0.2173040557300497	0.7826959442699506	0.0	81.88188188188188
0.21560634123050365	0.7843936587694967	0.0	81.98198198198199
0.21391826524601815	0.7860817347539822	0.0	82.08208208208208
0.21223982979612097	0.7877601702038795	0.0	82.18218218218219
0.21057103592223878	0.7894289640777615	0.0	82.28228228228228
0.20891188369948593	0.7910881163005145	0.0	82.38238238238239
0.20726237224861002	0.7927376277513903	0.0	82.48248248248248
0.20562249973760913	0.7943775002623913	0.0	82.58258258258259
0.2039922632727732	0.7960077367272272	0.0	82.68268268268268
0.2023716590919587	0.7976283409080417	0.0	82.78278278278279
0.20076068255061535	0.799239317449385	0.0	82.88288288288288
0.19915932810054982	0.8008406718994506	0.0	82.98298298298299
0.19756758930162105	0.8024324106983793	0.0	83.08308308308308
0.1959854588334948	0.8040145411665056	0.0	83.18318318318319
0.19441292850745906	0.8055870714925414	0.0	83.28328328328328
0.19284998927828728	0.8071500107217131	0.0	83.38338338338339
0.191296631256151	0.8087033687438494	0.0	83.48348348348348
0.18975284371856888	0.8102471562814315	0.0	83.58358358358359
0.18821861512239327	0.8117813848776071	0.0	83.68368368368368
0.186693933115822	0.8133060668841784	0.0	83.78378378378379
0.1851787845504359	0.8148212154495645	0.0	83.88388388388388
0.18367315549325025	0.8163268445067502	0.0	83.98398398398399
0.1821770312329159	0.8178229687670845	0.0	84.08408408408408
0.18069039628836428	0.8193096037116361	0.0	84.18418418418419
0.17921323443849022	0.8207867655615101	0.0	84.28428428428428
0.1777455287251399	0.8222544712748605	0.0	84.38438438438439
0.17628726146473886	0.8237127385352615	0.0	84.48448448448448
0.17483841426021185	0.8251615857397885	0.0	84.58458458458459
0.17339896801287616	0.8266010319871242	0.0	84.68468468468468
0.1719689029342961	0.8280310970657042	0.0	84.78478478478479
0.17054819855809944	0.8294518014419009	0.0	84.88488488488488
0.1691368337517429	0.8308631662482574	0.0	84.98498498498499
0.16773478672822797	0.8322652132717724	0.0	85.08508508508508
0.16634203505775377	0.8336579649422466	0.0	85.18518518518519
0.16495855567930837	0.8350414443206919	0.0	85.28528528528528
0.16358432491218572	0.8364156750878147	0.0	85.38538538538539
0.16221931846989984	0.8377806815301005	0.0	85.4854854854855
0.16086351152476047	0.8391364884752399	0.0	85.58558558558559
0.1595168786498932	0.8404831213501072	0.0	85.6856856856857
0.15817939382977225	0.8418206061702281	0.0	85.78578578578579
0.15685103049034982	0.8431489695096506	0.0	85.8858858858859
0.15553176151049783	0.8444682384895025	0.0	85.98598598598599
0.1542215592333614	0.845778440766639	0.0	86.0860860860861
0.15292039547762348	0.8470796045223769	0.0	86.18618618618619
0.1516282415486707	0.8483717584513297	0.0	86.2862862862863
0.15034506824966012	0.8496549317503402	0.0	86.38638638638639
0.14907084589247663	0.8509291541075237	0.0	86.4864864864865
0.1478055443085806	0.8521944556914197	0.0	86.58658658658659
0.14654913285973573	0.8534508671402646	0.0	86.6866866866867
0.14530158044861696	0.8546984195513834	0.0	86.78678678678679
0.14406285552928774	0.8559371444707127	0.0	86.8868868868869
0.14283292614429086	0.8571670738557094	0.0	86.98698698698699
0.14161175997268044	0.8583882400273198	0.0	87.0870870870871
0.14039932422584944	0.8596006757741509	0.0	87.18718718718719
0.13919558570933707	0.8608044142906632	0.0	87.2872872872873
0.13800051083719156	0.8619994891628088	0.0	87.38738738738739
0.1368140656422235	0.8631859343577768	0.0	87.4874874874875
0.1356362157861338	0.8643637842138665	0.0	87.58758758758759
0.13446692656950618	0.8655330734304941	0.0	87.6876876876877
0.13330616294166542	0.8666938370583349	0.0	87.78778778778779
0.13215388951039173	0.8678461104896086	0.0	87.8878878878879
0.13101007055149194	0.8689899294485084	0.0	87.98798798798799
0.12987467001821826	0.870125329981782	0.0	88.0880880880881
0.12874765155053502	0.8712523484494653	0.0	88.18818818818819
0.1276289784842246	0.8723710215157757	0.0	88.2882882882883
0.12651861386212865	0.8734813861378716	0.0	88.38838838838839
0.12541652055679936	0.8745834794432009	0.0	88.4884884884885
0.124322661148691	0.8756773388513093	0.0	88.58858858858859
0.123236997902821	0.8767630020971793	0.0	88.6886886886887
0.12215949283129664	0.8778405071687037	0.0	88.78878878878879
0.12109010770209355	0.8789098922979067	0.0	88.8888888888889
0.12002880404768332	0.879971195952317	0.0	88.988988988989
0.11897554317350201	0.8810244568264982	0.0	89.0890890890891
0.11793028616626071	0.8820697138337396	0.0	89.1891891891892
0.11689299390208997	0.8831070060979103	0.0	89.2892892892893
0.11586362705451916	0.8841363729454811	0.0	89.3893893893894
0.1148421461022827	0.8851578538977176	0.0	89.4894894894895
0.11382851133695401	0.8861714886630463	0.0	89.5895895895896
0.11282268287039944	0.8871773171296008	0.0	89.6896896896897
0.11182462064205269	0.8881753793579475	0.0	89.7897897897898
0.11083428442600222	0.889165715573998	0.0	89.8898898898899
0.10985163383789211	0.8901483661621081	0.0	89.98998998999
0.10887662840512251	0.8911233715948779	0.0	90.0900900900901
0.1079092277254943	0.8920907722745061	0.0	90.1901901901902
0.10694939109941479	0.8930506089005855	0.0	90.2902902902903
0.10599707768825219	0.8940029223117482	0.0	90.3903903903904
0.10505224654234843	0.8949477534576519	0.0	90.4904904904905
0.10411485660806698	0.8958851433919334	0.0	90.5905905905906
0.10318486673469215	0.8968151332653082	0.0	90.6906906906907
0.10226223568118206	0.8977377643188182	0.0	90.7907907907908
0.10134692212276895	0.8986530778772314	0.0	90.8908908908909
0.10043888465740901	0.8995611153425913	0.0	90.990990990991
0.09953808181207549	0.9004619181879249	0.0	91.0910910910911
0.09864447204889733	0.9013555279511031	0.0	91.1911911911912
0.09775801377113685	0.9022419862288635	0.0	91.2912912912913
0.09687866532900885	0.9031213346709915	0.0	91.3913913913914
0.0960063850253348	0.9039936149746656	0.0	91.4914914914915
0.0951411311210342	0.9048588688789662	0.0	91.5915915915916
0.0942828618412324	0.905717138158768	0.0	91.6916916916917
0.09343153551569146	0.906568464484309	0.0	91.7917917917918
0.0925871104576616	0.9074128895423388	0.0	91.8918918918919
0.09174954488620264	0.9082504551137978	0.0	91.991991991992
0.09091879701396235	0.909081202986038	0.0	92.0920920920921
0.0900948250525546	0.9099051749474457	0.0	92.1921921921922
0.08927758721780252	0.9107224127821979	0.0	92.2922922922923
0.0884670417348493	0.911532958265151	0.0	92.3923923923924
0.08766314684313231	0.9123368531568681	0.0	92.4924924924925
0.0868658608012226	0.9131341391987777	0.0	92.5925925925926
0.08607514189152576	0.9139248581084746	0.0	92.6926926926927
0.08529094842484622	0.9147090515751541	0.0	92.7927927927928
0.08451323874481073	0.9154867612551897	0.0	92.8928928928929
0.08374197123215345	0.9162580287678469	0.0	92.992992992993
0.08297710430885807	0.9170228956911423	0.0	93.0930930930931
0.08221859644215952	0.9177814035578409	0.0	93.1931931931932
0.08146640614840073	0.9185335938515996	0.0	93.2932932932933
0.08072049202687272	0.9192795079731276	0.0	93.3933933933934
0.07998081287745647	0.9200191871225439	0.0	93.4934934934935
0.07924732746656413	0.9207526725334363	0.0	93.5935935935936
0.0785199946137083	0.921480005386292	0.0	93.6936936936937
0.07779877321451376	0.9222012267854867	0.0	93.7937937937938
0.07708362224453966	0.9229163777554608	0.0	93.8938938938939
0.07637450076299522	0.9236254992370051	0.0	93.993993993994
0.07567136791634523	0.9243286320836551	0.0	94.0940940940941
0.07497418294180866	0.9250258170581918	0.0	94.1941941941942
0.0742829051707473	0.9257170948292531	0.0	94.2942942942943
0.07359749403194701	0.9264025059680534	0.0	94.3943943943944
0.07291790905478895	0.9270820909452114	0.0	94.4944944944945
0.07224410987231346	0.9277558901276869	0.0	94.5945945945946
0.07157605622417341	0.9284239437758269	0.0	94.6946946946947
0.07091370795948039	0.92908629204052	0.0	94.7947947947948
0.07025702503954001	0.9297429749604603	0.0	94.8948948948949
0.06960596754048179	0.9303940324595186	0.0	94.994994994995
0.06896049572141238	0.9310395042785881	0.0	95.0950950950951
0.06832056998422083	0.9316794300157796	0.0	95.1951951951952
0.06768615080478431	0.9323138491952161	0.0	95.2952952952953
0.06705719878903384	0.9329428012109665	0.0	95.3953953953954
0.06643367467554043	0.9335663253244599	0.0	95.4954954954955
0.06581553933801845	0.9341844606619819	0.0	95.5955955955956
0.06520275378774408	0.9347972462122563	0.0	95.6956956956957
0.06459527917589201	0.9354047208241084	0.0	95.7957957957958
0.06399307679578811	0.9360069232042123	0.0	95.8958958958959
0.06339610808508145	0.936603891914919	0.0	95.995995995996
0.06280433462783316	0.9371956653721673	0.0	96.0960960960961
0.06221771815652577	0.9377822818434746	0.0	96.1961961961962
0.06163622055399038	0.93836377944601	0.0	96.2962962962963
0.06105980385525508	0.9389401961447453	0.0	96.3963963963964
0.060488430249312504	0.9395115697506878	0.0	96.4964964964965
0.05992206208080947	0.9400779379191909	0.0	96.5965965965966
0.05936066185865805	0.9406393381413424	0.0	96.6966966966967
0.05880419229846394	0.9411958077015365	0.0	96.7967967967968
0.05825261624925737	0.9417473837507431	0.0	96.8968968968969
0.05770589671619744	0.942294103283803	0.0	96.996996996997
0.05716399687052916	0.9428360031294714	0.0	97.0970970970971
0.05662688005107924	0.9433731199489213	0.0	97.1971971971972
0.056094509765688444	0.943905490234312	0.0	97.2972972972973
0.05556684969258375	0.9444331503074167	0.0	97.3973973973974
0.05504386368168862	0.9449561363183119	0.0	97.4974974974975
0.05452551575587476	0.9454744842441257	0.0	97.5975975975976
0.05401177011215356	0.9459882298878469	0.0	97.6976976976977
0.05350259112281049	0.94649740887719	0.0	97.7977977977978
0.052997943336480995	0.9470020566635194	0.0	97.8978978978979
0.052497791479170774	0.9475022085208297	0.0	97.997997997998
0.052002100455219184	0.9479978995447813	0.0	98.0980980980981
0.05151083534820869	0.9484891646517918	0.0	98.1981981981982
0.05102396142181892	0.9489760385781816	0.0	98.2982982982983
0.05054144413467093	0.9494585558653296	0.0	98.3983983983984
0.05006324913732169	0.9499367508626787	0.0	98.4984984984985
0.04958934224863251	0.9504106577513679	0.0	98.5985985985986
0.04911968947184013	0.9508803105281604	0.0	98.6986986986987
0.04865425699536285	0.9513457430046376	0.0	98.7987987987988
0.048193011193480566	0.9518069888065199	0.0	98.8988988988989
0.04773591862697382	0.9522640813730266	0.0	98.998998998999
0.04728294604372071	0.9527170539562797	0.0	99.0990990990991
0.04683406037925456	0.9531659396207459	0.0	99.1991991991992
0.04638922875728155	0.9536107712427189	0.0	99.2992992992993
0.04594841849016081	0.9540515815098396	0.0	99.3993993993994
0.045511597079346405	0.9544884029206541	0.0	99.4994994994995
0.04507873221579373	0.9549212677842067	0.0	99.5995995995996
0.044649791780329615	0.9553502082196709	0.0	99.6996996996997
0.04422474384398877	0.9557752561560117	0.0	99.7997997997998
0.04380355666831579	0.9561964433316846	0.0	99.8998998998999
0.043386198705276546	0.9566138012947238	0.0	100.0
