0.999	0.001	0.0	0.0
0.9989746829918451	0.001025317008154851	0.0	0.1001001001001001
0.9989487260190949	0.0010512739809050242	0.0	0.2002002002002002
0.9989221135711509	0.001077886428848999	0.0	0.3003003003003003
0.9988948272172201	0.0011051727827798422	0.0	0.4004004004004004
0.998866855488623	0.001133144511376911	0.0	0.5005005005005005
0.9988381775101934	0.0011618224898065298	0.0	0.6006006006006006
0.9988087735971071	0.0011912264028929064	0.0	0.7007007007007008
0.9987786242443711	0.0012213757556287707	0.0	0.8008008008008008
0.998747711427241	0.0012522885727589573	0.0	0.9009009009009009
0.9987160165645691	0.001283983435430844	0.0	1.001001001001001
0.9986835208395387	0.0013164791604611799	0.0	1.1011011011011012
0.9986502048317356	0.0013497951682643382	0.0	1.2012012012012012
0.9986160460155236	0.0013839539844764481	0.0	1.3013013013013013
0.9985810233778839	0.0014189766221161088	0.0	1.4014014014014016
0.9985451162415011	0.0014548837584988767	0.0	1.5015015015015016
0.9985083004737357	0.0014916995262641932	0.0	1.6016016016016017
0.99847055795942	0.0015294420405799634	0.0	1.7017017017017018
0.9984318599278743	0.0015681400721255906	0.0	1.8018018018018018
0.998392184533978	0.001607815466021885	0.0	1.9019019019019021
0.9983515082797968	0.001648491720203101	0.0	2.002002002002002
0.9983098046688195	0.001690195331180392	0.0	2.1021021021021022
0.9982670480404278	0.0017329519595721038	0.0	2.2022022022022023
0.9982232119822002	0.0017767880177996687	0.0	2.3023023023023024
0.9981782692423933	0.0018217307576066282	0.0	2.4024024024024024
0.9981321917299413	0.0018678082700586338	0.0	2.5025025025025025
0.9980849509546688	0.0019150490453312035	0.0	2.6026026026026026
0.9980365179262609	0.001963482073739044	0.0	2.702702702702703
0.9979868625455924	0.0020131374544075592	0.0	2.802802802802803
0.997935953944167	0.0020640460558329363	0.0	2.902902902902903
0.9978837604843153	0.0021162395156846896	0.0	3.0030030030030033
0.9978302497601879	0.0021697502398120203	0.0	3.1031031031031033
0.9977753886391242	0.0022246113608757763	0.0	3.2032032032032034
0.9977191432225435	0.0022808567774564173	0.0	3.3033033033033035
0.9976614788321811	0.002338521167818776	0.0	3.4034034034034035
0.9976023600254265	0.002397639974573468	0.0	3.5035035035035036
0.997541750595323	0.002458249404676894	0.0	3.6036036036036037
0.9974796134584891	0.002520386541510775	0.0	3.7037037037037037
0.9974159096053655	0.002584090394634418	0.0	3.8038038038038042
0.9973505995419015	0.00264940045809839	0.0	3.9039039039039043
0.9972836431040019	0.002716356895998063	0.0	4.004004004004004
0.9972149992462052	0.0027850007537947403	0.0	4.104104104104104
0.9971446260416843	0.002855373958315657	0.0	4.2042042042042045
0.9970724810814563	0.0029275189185436028	0.0	4.3043043043043046
0.9969985172442287	0.0030014827557711585	0.0	4.404404404404405
0.9969226903990843	0.0030773096009155624	0.0	4.504504504504505
0.9968449538988954	0.0031550461011045083	0.0	4.604604604604605
0.9967652601558613	0.00323473984413857	0.0	4.704704704704705
0.9966835606188003	0.003316439381199564	0.0	4.804804804804805
0.9965998050949603	0.0034001949050396704	0.0	4.904904904904905
0.9965139412883364	0.0034860587116634983	0.0	5.005005005005005
0.9964259165734497	0.00357408342655019	0.0	5.105105105105105
0.9963356771078375	0.003664322892162333	0.0	5.205205205205205
0.9962431677695406	0.0037568322304593112	0.0	5.305305305305305
0.996148332120609	0.0038516678793908583	0.0	5.405405405405406
0.9960511123706093	0.003948887629390602	0.0	5.505505505505506
0.9959514493401302	0.004048550659869618	0.0	5.605605605605606
0.9958492821147186	0.004150717885281355	0.0	5.705705705705706
0.9957445479782596	0.004255452021740269	0.0	5.805805805805806
0.9956371829655681	0.004362817034431778	0.0	5.9059059059059065
0.9955271215064856	0.004472878493514328	0.0	6.0060060060060065
0.9954142963814054	0.004585703618594466	0.0	6.106106106106107
0.9952986386795021	0.004701361320497852	0.0	6.206206206206207
0.9951800777569596	0.0048199222430402675	0.0	6.306306306306307
0.9950585411952012	0.004941458804798623	0.0	6.406406406406407
0.994933955174337	0.005066044825662847	0.0	6.506506506506507
0.9948062442844442	0.005193755715555752	0.0	6.606606606606607
0.9946753309782719	0.0053246690217280835	0.0	6.706706706706707
0.9945411358476984	0.005458864152301529	0.0	6.806806806806807
0.9944035775878151	0.005596422412184872	0.0	6.906906906906907
0.9942625729609958	0.0057374270390041174	0.0	7.007007007007007
0.9941180367609673	0.0058819632390326145	0.0	7.107107107107107
0.9939698817748123	0.006030118225187549	0.0	7.207207207207207
0.9938180183109727	0.006181981689027149	0.0	7.307307307307307
0.9936623544630463	0.006337645536953546	0.0	7.407407407407407
0.9935027963830707	0.0064972036169291475	0.0	7.507507507507508
0.9933392480014146	0.006660751998585256	0.0	7.6076076076076085
0.9931716109855885	0.00682838901441135	0.0	7.7077077077077085
0.9929997846990555	0.007000215300944356	0.0	7.807807807807809
0.9928236661600419	0.0071763338399579175	0.0	7.907907907907909
0.992643149987248	0.0073568500127517734	0.0	8.008008008008009
0.9924581276618825	0.007541872338117342	0.0	8.108108108108109
0.9922684881304324	0.007731511869567326	0.0	8.208208208208209
0.9920741180189029	0.007925881981096875	0.0	8.308308308308309
0.9918749012952033	0.008125098704796503	0.0	8.408408408408409
0.9916707192203417	0.00832928077965811	0.0	8.508508508508509
0.9914614502996189	0.00853854970038101	0.0	8.608608608608609
0.9912469702338218	0.00875302976617796	0.0	8.70870870870871
0.9910271515771445	0.008972848422855392	0.0	8.80880880880881
0.9908018641764329	0.00919813582356689	0.0	8.90890890890891
0.9905709738106824	0.009429026189317506	0.0	9.00900900900901
0.9903343439204872	0.00966565607951262	0.0	9.10910910910911
0.990091834778152	0.00990816522184789	0.0	9.20920920920921
0.9898433034363117	0.010156696563688221	0.0	9.30930930930931
0.9895886036756174	0.010411396324382373	0.0	9.40940940940941
0.9893275859514866	0.010672414048513264	0.0	9.50950950950951
0.9890600972730738	0.010939902726926042	0.0	9.60960960960961
0.9887859802696247	0.011214019730375028	0.0	9.70970970970971
0.9885050743058279	0.011494925694171928	0.0	9.80980980980981
0.9882172153141854	0.011782784685814401	0.0	9.90990990990991
0.9879222354960979	0.012077764503901866	0.0	10.01001001001001
0.987619963250313	0.012380036749686784	0.0	10.11011011011011
0.987310223099886	0.012689776900113716	0.0	10.21021021021021
0.9869928356176536	0.013007164382346163	0.0	10.31031031031031
0.9866676173502186	0.013332382649781198	0.0	10.41041041041041
0.9863343807404479	0.013665619259551868	0.0	10.51051051051051
0.9859929340240501	0.014007065975949692	0.0	10.61061061061061
0.9856430806285543	0.014356919371445552	0.0	10.710710710710712
0.9852846197111851	0.014715380288814715	0.0	10.810810810810812
0.9849173460994153	0.015082653900584575	0.0	10.910910910910912
0.9845410500326507	0.015458949967349183	0.0	11.011011011011012
0.9841555170682448	0.015844482931755003	0.0	11.111111111111112
0.9837605279856955	0.016239472014304333	0.0	11.211211211211213
0.9833558586890234	0.0166441413109764	0.0	11.311311311311313
0.9829412801073337	0.017058719892666108	0.0	11.411411411411413
0.9825165580935593	0.017483441906440477	0.0	11.511511511511513
0.9820814533496796	0.017918546650320374	0.0	11.611611611611613
0.9816357224310425	0.018364277568957386	0.0	11.711711711711713
0.9811791164887974	0.018820883511202455	0.0	11.811811811811813
0.9807113808847956	0.019288619115204277	0.0	11.911911911911913
0.9802322555345121	0.019767744465487798	0.0	12.012012012012013
0.9797414748115173	0.02025852518848264	0.0	12.112112112112113
0.9792387674508591	0.020761232549140703	0.0	12.212212212212213
0.9787238564513568	0.021276143548643073	0.0	12.312312312312313
0.9781964589768039	0.021803541023196097	0.0	12.412412412412413
0.9776562862560831	0.02234371374391672	0.0	12.512512512512513
0.9771030434915052	0.022896956508494732	0.0	12.612612612612613
0.9765364306387072	0.02346356936129277	0.0	12.712712712712714
0.9759561415454906	0.024043858454509386	0.0	12.812812812812814
0.9753618634029871	0.024638136597012823	0.0	12.912912912912914
0.9747532770892785	0.02524672291072144	0.0	13.013013013013014
0.974130057077047	0.025869942922952957	0.0	13.113113113113114
0.9734918713407551	0.02650812865924481	0.0	13.213213213213214
0.9728383812633544	0.02716161873664554	0.0	13.313313313313314
0.9721692415425226	0.027830758457477286	0.0	13.413413413413414
0.9714841000964306	0.028515899903569317	0.0	13.513513513513514
0.9707825979709249	0.02921740202907508	0.0	13.613613613613614
0.9700643702544587	0.02993562974554124	0.0	13.713713713713714
0.9693290453412119	0.03067095465878812	0.0	13.813813813813814
0.9685762439820788	0.03142375601792119	0.0	13.913913913913914
0.9678055798431269	0.03219442015687305	0.0	14.014014014014014
0.9670166594262875	0.03298334057371255	0.0	14.114114114114114
0.9662090819903573	0.03379091800964265	0.0	14.214214214214214
0.9653824394723128	0.03461756052768715	0.0	14.314314314314315
0.9645363164089338	0.035463683591066206	0.0	14.414414414414415
0.9636702898587394	0.03632971014126064	0.0	14.514514514514515
0.9627839293242348	0.03721607067576509	0.0	14.614614614614615
0.9618767975170568	0.03812320248294311	0.0	14.714714714714715
0.960948451772602	0.039051548227397904	0.0	14.814814814814815
0.9599984410042476	0.04000155899575235	0.0	14.914914914914915
0.9590263044242744	0.04097369557572553	0.0	15.015015015015017
0.9580315749351024	0.041968425064897584	0.0	15.115115115115117
0.9570137786775759	0.04298622132242396	0.0	15.215215215215217
0.9559724337560622	0.0440275662439376	0.0	15.315315315315317
0.9549070507986449	0.045092949201354975	0.0	15.415415415415417
0.9538171330514036	0.04618286694859627	0.0	15.515515515515517
0.9527021763190867	0.047297823680913176	0.0	15.615615615615617
0.9515616690328847	0.04843833096711501	0.0	15.715715715715717
0.9503950923281621	0.049604907671837735	0.0	15.815815815815817
0.9492019200346185	0.050798079965381375	0.0	15.915915915915917
0.9479816186278227	0.052018381372177055	0.0	16.016016016016017
0.9467336473608019	0.05326635263919796	0.0	16.116116116116117
0.9454574589222092	0.05454254107779066	0.0	16.216216216216218
0.9441524986456082	0.05584750135439158	0.0	16.316316316316318
0.9428182046263666	0.05718179537363328	0.0	16.416416416416418
0.9414540085438269	0.05854599145617296	0.0	16.516516516516518
0.9400593362262822	0.05994066377371756	0.0	16.616616616616618
0.9386336060484521	0.06136639395154772	0.0	16.716716716716718
0.9371762296473115	0.06282377035268823	0.0	16.816816816816818
0.9356866140259541	0.06431338597404569	0.0	16.916916916916918
0.9341641599211592	0.0658358400788406	0.0	17.017017017017018
0.9326082612789018	0.0673917387210979	0.0	17.117117117117118
0.9310183061381748	0.06898169386182507	0.0	17.217217217217218
0.9293936810771916	0.07060631892280826	0.0	17.31731731731732
0.9277337637867733	0.07226623621322657	0.0	17.41741741741742
0.9260379274733328	0.07396207252666703	0.0	17.51751751751752
0.9243055421578463	0.07569445784215353	0.0	17.61761761761762
0.922535974857314	0.07746402514268586	0.0	17.71771771771772
0.9207285872041234	0.07927141279587642	0.0	17.81781781781782
0.9188827371776475	0.08111726282235242	0.0	17.91791791791792
0.9169977797890883	0.08300222021091154	0.0	18.01801801801802
0.9150730687548744	0.08492693124512543	0.0	18.11811811811812
0.913107955219732	0.0868920447802678	0.0	18.21821821821822
0.9111017886264186	0.0888982113735813	0.0	18.31831831831832
0.9090539172618551	0.09094608273814477	0.0	18.41841841841842
0.9069636885563959	0.09303631144360404	0.0	18.51851851851852
0.9048304495997898	0.09516955040021012	0.0	18.61861861861862
0.9026535476393592	0.09734645236064067	0.0	18.71871871871872
0.9004323304696629	0.09956766953033701	0.0	18.81881881881882
0.8981661475939973	0.10183385240600269	0.0	18.91891891891892
0.8958543520900982	0.10414564790990166	0.0	19.01901901901902
0.8934962987091651	0.10650370129083483	0.0	19.11911911911912
0.891091345243861	0.10890865475613892	0.0	19.21921921921922
0.888638853265501	0.11136114673449894	0.0	19.31931931931932
0.8861381910036353	0.11386180899636465	0.0	19.41941941941942
0.8835887319325145	0.11641126806748543	0.0	19.51951951951952
0.8809898552028639	0.11901014479713605	0.0	19.61961961961962
0.8783409467483736	0.12165905325162632	0.0	19.71971971971972
0.8756414013013443	0.12435859869865559	0.0	19.81981981981982
0.8728906235745232	0.1271093764254767	0.0	19.91991991991992
0.8700880272029319	0.129911972797068	0.0	20.02002002002002
0.8672330359429429	0.1327669640570571	0.0	20.12012012012012
0.8643250852202702	0.13567491477972973	0.0	20.22022022022022
0.8613636261831609	0.1386363738168391	0.0	20.32032032032032
0.858348121847043	0.141651878152957	0.0	20.42042042042042
0.8552780489977818	0.14472195100221819	0.0	20.52052052052052
0.8521528996281235	0.1478471003718765	0.0	20.62062062062062
0.84897218190423	0.15102781809576998	0.0	20.72072072072072
0.8457354211656154	0.1542645788343845	0.0	20.82082082082082
0.8424421610272164	0.15755783897278364	0.0	20.92092092092092
0.8390919680712998	0.16090803192870007	0.0	21.02102102102102
0.835684430650046	0.16431556934995384	0.0	21.12112112112112
0.8322191587371083	0.16778084126289167	0.0	21.22122122122122
0.8286957865779376	0.17130421342206237	0.0	21.32132132132132
0.8251139741479848	0.17488602585201513	0.0	21.421421421421424
0.8214734084739512	0.17852659152604866	0.0	21.521521521521525
0.8177737988305861	0.18222620116941377	0.0	21.621621621621625
0.814014881796293	0.18598511820370686	0.0	21.721721721721725
0.8101964241771822	0.18980357582281773	0.0	21.821821821821825
0.8063182223304274	0.19368177766957248	0.0	21.921921921921925
0.8023801036315596	0.19761989636844024	0.0	22.022022022022025
0.7983819318742869	0.20161806812571298	0.0	22.122122122122125
0.7943236040869908	0.20567639591300912	0.0	22.222222222222225
0.7902050523531076	0.20979494764689233	0.0	22.322322322322325
0.7860262457729573	0.21397375422704254	0.0	22.422422422422425
0.7817871907556067	0.21821280924439324	0.0	22.522522522522525
0.7774879290265897	0.2225120709734102	0.0	22.622622622622625
0.7731285434237357	0.22687145657626417	0.0	22.722722722722725
0.7687091575682378	0.2312908424317622	0.0	22.822822822822825
0.7642299367342581	0.23577006326574182	0.0	22.922922922922925
0.7596910884498171	0.2403089115501828	0.0	23.023023023023026
0.7550928631702811	0.24490713682971885	0.0	23.123123123123126
0.7504355560839076	0.24956444391609237	0.0	23.223223223223226
0.7457195076836185	0.25428049231638145	0.0	23.323323323323326
0.7409451046596139	0.25905489534038595	0.0	23.423423423423426
0.7361127794877209	0.26388722051227903	0.0	23.523523523523526
0.7312230116689645	0.2687769883310354	0.0	23.623623623623626
0.7262763292102669	0.27372367078973314	0.0	23.723723723723726
0.721273308818739	0.278726691181261	0.0	23.823823823823826
0.7162145763992301	0.28378542360076986	0.0	23.923923923923926
0.7111008057374324	0.28889919426256755	0.0	24.024024024024026
0.7059327205132023	0.29406727948679756	0.0	24.124124124124126
0.700711094741029	0.2992889052589709	0.0	24.224224224224226
0.6954367527055493	0.30456324729445067	0.0	24.324324324324326
0.690110568870628	0.30988943112937195	0.0	24.424424424424426
0.6847334663578951	0.3152665336421049	0.0	24.524524524524526
0.6793064189713577	0.3206935810286422	0.0	24.624624624624627
0.6738304505143246	0.3261695494856754	0.0	24.724724724724727
0.6683066345253594	0.3316933654746405	0.0	24.824824824824827
0.6627360933693395	0.3372639066306605	0.0	24.924924924924927
0.6571199969214374	0.3428800030785626	0.0	25.025025025025027
0.6514595638623096	0.34854043613769037	0.0	25.125125125125127
0.6457560603242707	0.35424393967572937	0.0	25.225225225225227
0.6400107991113384	0.35998920088866165	0.0	25.325325325325327
0.6342251388454707	0.3657748611545292	0.0	25.425425425425427
0.6284004824776185	0.37159951752238146	0.0	25.525525525525527
0.6225382762215886	0.37746172377841125	0.0	25.625625625625627
0.616640008800809	0.38335999119919084	0.0	25.725725725725727
0.6107072097586683	0.3892927902413317	0.0	25.825825825825827
0.604741447900998	0.3952585520990019	0.0	25.925925925925927
0.5987443297202739	0.40125567027972586	0.0	26.026026026026027
0.5927175007603164	0.40728249923968346	0.0	26.126126126126128
0.5866626413661064	0.4133373586338934	0.0	26.226226226226228
0.5805814642160502	0.41941853578394966	0.0	26.326326326326328
0.5744757131463777	0.42552428685362215	0.0	26.426426426426428
0.56834716107006	0.43165283892993983	0.0	26.526526526526528
0.5621976082485326	0.4378023917514673	0.0	26.626626626626628
0.5560288831363996	0.44397111686360013	0.0	26.726726726726728
0.5498428365359163	0.4501571634640836	0.0	26.826826826826828
0.5436413400134052	0.4563586599865946	0.0	26.926926926926928
0.5374262839435161	0.4625737160564837	0.0	27.027027027027028
0.5311995750957885	0.46880042490421125	0.0	27.127127127127128
0.5249631349281983	0.4750368650718015	0.0	27.227227227227228
0.5187188987344516	0.48128110126554824	0.0	27.32732732732733
0.512468810409416	0.4875311895905838	0.0	27.42742742742743
0.5062148209507733	0.4937851790492266	0.0	27.52752752752753
0.49995888602056526	0.5000411139794346	0.0	27.62762762762763
0.49370296338566994	0.5062970366143299	0.0	27.72772772772773
0.4874490114413494	0.5125509885586503	0.0	27.82782782782783
0.48119898691797325	0.5188010130820265	0.0	27.92792792792793
0.4749548408265364	0.5250451591734634	0.0	28.02802802802803
0.4687185167312878	0.531281483268712	0.0	28.12812812812813
0.4624919482768268	0.537508051723173	0.0	28.22822822822823
0.4562770567495125	0.5437229432504872	0.0	28.32832832832833
0.45007574968810604	0.5499242503118937	0.0	28.42842842842843
0.4438899178630698	0.55611008213693	0.0	28.52852852852853
0.4377214326193704	0.5622785673806294	0.0	28.62862862862863
0.4315721439522688	0.568427856047731	0.0	28.72872872872873
0.42544387832270825	0.5745561216772915	0.0	28.82882882882883
0.41933843656490355	0.5806615634350961	0.0	28.92892892892893
0.41325759212597024	0.5867424078740294	0.0	29.02902902902903
0.4072030887862838	0.5927969112137159	0.0	29.12912912912913
0.4011766388134609	0.5988233611865389	0.0	29.22922922922923
0.3951799212136468	0.6048200787863529	0.0	29.32932932932933
0.389214580033511	0.6107854199664887	0.0	29.42942942942943
0.38328222249658694	0.6167177775034127	0.0	29.52952952952953
0.3773844168168561	0.6226155831831436	0.0	29.62962962962963
0.37152269201434224	0.6284773079856575	0.0	29.72972972972973
0.3656985361767865	0.6343014638232133	0.0	29.82982982982983
0.35991339521499965	0.6400866047850001	0.0	29.929929929929934
0.3541686717977218	0.6458313282022778	0.0	30.030030030030034
0.3484657244180206	0.6515342755819791	0.0	30.130130130130134
0.34280586632097054	0.6571941336790292	0.0	30.230230230230234
0.3371903605967281	0.6628096394032718	0.0	30.330330330330334
0.33162042403097436	0.6683795759690254	0.0	30.430430430430434
0.32609722657577717	0.6739027734242227	0.0	30.530530530530534
0.320621889928271	0.6793781100717288	0.0	30.630630630630634
0.31519548722315766	0.6848045127768421	0.0	30.730730730730734
0.3098190428686323	0.6901809571313674	0.0	30.830830830830834
0.3044935325303326	0.6955064674696672	0.0	30.930930930930934
0.29921987977014153	0.7007801202298584	0.0	31.031031031031034
0.29399895563374956	0.7060010443662503	0.0	31.131131131131134
0.2888315831242943	0.7111684168757056	0.0	31.231231231231234
0.2837185349912259	0.716281465008774	0.0	31.331331331331334
0.2786605338313734	0.7213394661686265	0.0	31.431431431431434
0.27365825230408364	0.7263417476959163	0.0	31.531531531531535
0.2687123149298159	0.731287685070184	0.0	31.631631631631635
0.2638232976918624	0.7361767023081375	0.0	31.731731731731735
0.2589917279901701	0.7410082720098298	0.0	31.831831831831835
0.25421808586453676	0.7457819141354631	0.0	31.931931931931935
0.2495028048305308	0.7504971951694691	0.0	32.032032032032035
0.24484627248377858	0.7551537275162212	0.0	32.132132132132135
0.2402488269203778	0.759751173079622	0.0	32.232232232232235
0.23571076191077533	0.7642892380892246	0.0	32.332332332332335
0.23123232774728827	0.7687676722527116	0.0	32.432432432432435
0.2268137312487918	0.773186268751208	0.0	32.532532532532535
0.22245513665783392	0.7775448633421659	0.0	32.632632632632635
0.2181566666817013	0.7818433333182986	0.0	32.732732732732735
0.21391840401735396	0.7860815959826459	0.0	32.832832832832835
0.20974039172256145	0.7902596082774385	0.0	32.932932932932935
0.20562263446748394	0.7943773655325159	0.0	33.033033033033036
0.2015650997213088	0.7984349002786911	0.0	33.133133133133136
0.19756771891538302	0.8024322810846168	0.0	33.233233233233236
0.19363038831801346	0.8063696116819865	0.0	33.333333333333336
0.18975296957468507	0.8102470304253149	0.0	33.433433433433436
0.1859352919815577	0.8140647080184422	0.0	33.533533533533536
0.18217715325411987	0.81782284674588	0.0	33.633633633633636
0.17847832066213098	0.821521679337869	0.0	33.733733733733736
0.1748385321970022	0.8251614678029977	0.0	33.833833833833836
0.17125749780245358	0.8287425021975464	0.0	33.933933933933936
0.16773490056788268	0.8322650994321174	0.0	34.034034034034036
0.16427039777203395	0.835729602227966	0.0	34.134134134134136
0.16086362208032842	0.8391363779196715	0.0	34.234234234234236
0.1575141826747383	0.8424858173252616	0.0	34.334334334334336
0.1542216663678276	0.8457783336321724	0.0	34.434434434434436
0.1509856391956758	0.8490143608043241	0.0	34.53453453453454
0.14780564730804402	0.852194352691956	0.0	34.63463463463464
0.14468121774111217	0.8553187822588878	0.0	34.73473473473474
0.1416118596842022	0.8583881403157978	0.0	34.83483483483484
0.13859706551884698	0.861402934481153	0.0	34.93493493493494
0.13563631186035166	0.8643636881396484	0.0	35.03503503503504
0.13272906111685862	0.8672709388831414	0.0	35.13513513513514
0.12987476199322226	0.8701252380067778	0.0	35.23523523523524
0.12707285036549032	0.8729271496345097	0.0	35.33533533533534
0.12432275034609895	0.875677249653901	0.0	35.43543543543544
0.1216238751763724	0.8783761248236276	0.0	35.53553553553554
0.11897562824744701	0.8810243717525531	0.0	35.63563563563564
0.11637740497306018	0.88362259502694	0.0	35.73573573573574
0.11382859219348737	0.8861714078065127	0.0	35.83583583583584
0.11132856927900953	0.8886714307209905	0.0	35.93593593593594
0.10887670904268021	0.8911232909573199	0.0	36.03603603603604
0.10647237846645145	0.8935276215335486	0.0	36.13613613613614
0.10411493938854754	0.8958850606114526	0.0	36.23623623623624
0.10180374915112171	0.8981962508488783	0.0	36.33633633633634
0.09953816175258662	0.9004618382474134	0.0	36.43643643643644
0.0973175304684653	0.9026824695315349	0.0	36.53653653653654
0.09514120527924953	0.9048587947207506	0.0	36.63663663663664
0.09300853448275068	0.9069914655172494	0.0	36.73673673673674
0.09091886552158845	0.9090811344784117	0.0	36.83683683683684
0.08887154558873478	0.9111284544112653	0.0	36.93693693693694
0.08686592221810407	0.913134077781896	0.0	37.03703703703704
0.08490134386250278	0.9150986561374973	0.0	37.13713713713714
0.08297715998800002	0.917022840012	0.0	37.23723723723724
0.08109272061146829	0.9189072793885317	0.0	37.33733733733734
0.07924737871480793	0.9207526212851921	0.0	37.43743743743744
0.07744048998404705	0.9225595100159529	0.0	37.53753753753754
0.07567141318431311	0.9243285868156869	0.0	37.63763763763764
0.07393951059354507	0.9260604894064549	0.0	37.73773773773774
0.07224414842874101	0.9277558515712591	0.0	37.83783783783784
0.07058469726743193	0.9294153027325681	0.0	37.93793793793794
0.06896053153605815	0.9310394684639418	0.0	38.03803803803804
0.06737102892251692	0.932628971077483	0.0	38.13813813813814
0.06581557326802226	0.9341844267319777	0.0	38.23823823823824
0.06429355374054811	0.9357064462594519	0.0	38.33833833833834
0.06280436507111935	0.9371956349288806	0.0	38.43843843843844
0.061347407823294585	0.9386525921767054	0.0	38.53853853853854
0.05992208865654022	0.9400779113434597	0.0	38.63863863863864
0.05852782058557431	0.9414721794144256	0.0	38.73873873873874
0.05716402229098186	0.9428359777090182	0.0	38.83883883883884
0.05583011807736025	0.9441698819226397	0.0	38.93893893893894
0.054525539724787526	0.9454744602752124	0.0	39.03903903903904
0.053249725804425954	0.946750274195574	0.0	39.13913913913914
0.05200212181550515	0.9479978781844949	0.0	39.23923923923924
0.050782180320893024	0.949217819679107	0.0	39.33933933933934
0.049589361076490424	0.9504106389235095	0.0	39.43943943943944
0.04842313115537034	0.9515768688446297	0.0	39.53953953953954
0.04728296428805316	0.9527170357119469	0.0	39.63963963963964
0.04616834117508491	0.9538316588249152	0.0	39.73973973973974
0.04507875032891374	0.9549212496710863	0.0	39.83983983983984
0.04401368765233971	0.9559863123476603	0.0	39.93993993993994
0.042972656474591725	0.9570273435254083	0.0	40.04004004004004
0.041955167579788025	0.958044832420212	0.0	40.14014014014014
0.04096073922847448	0.9590392607715256	0.0	40.24024024024024
0.03998889717160228	0.9600111028283977	0.0	40.34034034034034
0.03903917454957891	0.9609608254504212	0.0	40.44044044044044
0.03811111196494507	0.961888888035055	0.0	40.54054054054054
0.03720425753247562	0.9627957424675244	0.0	40.64064064064064
0.036318166822294405	0.9636818331777056	0.0	40.74074074074074
0.03545240284443782	0.9645475971555623	0.0	40.84084084084084
0.03460653603016374	0.9653934639698364	0.0	40.94094094094094
0.033780144210651855	0.9662198557893482	0.0	41.04104104104104
0.03297281257837031	0.9670271874216297	0.0	41.14114114114114
0.03218413324313204	0.967815866756868	0.0	41.24124124124124
0.031413705567301824	0.9685862944326982	0.0	41.34134134134134
0.030661136194247034	0.969338863805753	0.0	41.44144144144144
0.02992603886907506	0.970073961130925	0.0	41.54154154154154
0.02920803437881648	0.9707919656211835	0.0	41.64164164164164
0.02850675048968424	0.9714932495103158	0.0	41.74174174174174
0.027821821881690443	0.9721781781183096	0.0	41.84184184184184
0.027152890076724768	0.9728471099232753	0.0	41.94194194194194
0.02649960331355407	0.9735003966864461	0.0	42.04204204204204
0.025861616534392513	0.9741383834656075	0.0	42.14214214214214
0.02523859130568489	0.9747614086943152	0.0	42.24224224224224
0.024630195727523854	0.9753698042724762	0.0	42.34234234234234
0.024036104353030746	0.9759638956469693	0.0	42.44244244244244
0.023455998106141924	0.9765440018938581	0.0	42.54254254254254
0.022889564197948818	0.9771104358020513	0.0	42.64264264264264
0.022336496047439203	0.9776635039525609	0.0	42.74274274274275
0.021796493237676413	0.9782035067623236	0.0	42.84284284284285
0.021269261376058647	0.9787307386239414	0.0	42.94294294294295
0.02075451201893578	0.9792454879810643	0.0	43.04304304304305
0.0202519625923355	0.9797480374076646	0.0	43.14314314314315
0.019761336305800934	0.9802386636941991	0.0	43.24324324324325
0.019282362065978303	0.9807176379340218	0.0	43.34334334334335
0.018814774390044968	0.9811852256099551	0.0	43.44344344344345
0.018358313305795737	0.9816416866942044	0.0	43.54354354354355
0.017912724207022147	0.9820872757929779	0.0	43.64364364364365
0.017477757850411155	0.9825222421495889	0.0	43.74374374374375
0.017053170240454458	0.9829468297595456	0.0	43.84384384384385
0.016638722531708214	0.9833612774682919	0.0	43.94394394394395
0.01623418093690657	0.9837658190630936	0.0	44.04404404404405
0.015839316634495716	0.9841606833655044	0.0	44.14414414414415
0.015453905675533354	0.9845460943244667	0.0	44.24424424424425
0.015077728946889716	0.9849222710531104	0.0	44.34434434434435
0.014710572212916325	0.9852894277870837	0.0	44.44444444444445
0.014352225787280808	0.9856477742127193	0.0	44.54454454454455
0.014002484529453567	0.9859975154705465	0.0	44.64464464464465
0.013661147775731644	0.9863388522242684	0.0	44.74474474474475
0.013328019256959586	0.9866719807430405	0.0	44.84484484484485
0.01300290701712829	0.9869970929828719	0.0	44.94494494494495
0.012685623332841811	0.9873143766671583	0.0	45.04504504504505
0.012375984621526002	0.9876240153784741	0.0	45.14514514514515
0.012073811347885297	0.9879261886521148	0.0	45.24524524524525
0.011778927983241545	0.9882210720167586	0.0	45.34534534534535
0.011491162910802984	0.9885088370891971	0.0	45.44544544544545
0.011210348347183955	0.9887896516528162	0.0	45.54554554554555
0.010936320265399476	0.9890636797346006	0.0	45.64564564564565
0.010668918318522234	0.9893310816814779	0.0	45.74574574574575
0.010407985763986419	0.9895920142360137	0.0	45.84584584584585
0.010153369401006898	0.9898466305989931	0.0	45.94594594594595
0.009904919544087513	0.9900950804559125	0.0	46.04604604604605
0.00966248987164362	0.9903375101283565	0.0	46.14614614614615
0.0094259373791137	0.9905740626208863	0.0	46.24624624624625
0.009195122314159199	0.9908048776858409	0.0	46.34634634634635
0.008969908107299274	0.9910300918927007	0.0	46.44644644644645
0.008750161303341879	0.9912498386966582	0.0	46.54654654654655
0.008535751493606365	0.9914642485063937	0.0	46.64664664664665
0.008326551258747004	0.9916734487412531	0.0	46.74674674674675
0.008122436206814427	0.9918775637931856	0.0	46.84684684684685
0.00792328478107485	0.9920767152189252	0.0	46.94694694694695
0.007728978213531912	0.9922710217864681	0.0	47.04704704704705
0.0075394004868843	0.9924605995131157	0.0	47.14714714714715
0.007354438276529278	0.9926455617234707	0.0	47.24724724724725
0.0071739808938066085	0.9928260191061934	0.0	47.34734734734735
0.006997920230498249	0.9930020797695018	0.0	47.44744744744745
0.006826150703346612	0.9931738492966533	0.0	47.54754754754755
0.006658569145132037	0.9933414308548679	0.0	47.64764764764765
0.006495074799386863	0.9935049252006131	0.0	47.74774774774775
0.006335569286588629	0.9936644307134114	0.0	47.84784784784785
0.00617995653208994	0.99382004346791	0.0	47.94794794794795
0.0060281427155844825	0.9939718572844155	0.0	48.04804804804805
0.00588003622166177	0.9941199637783382	0.0	48.14814814814815
0.005735547591454405	0.9942644524085456	0.0	48.24824824824825
0.005594589475381642	0.9944054105246183	0.0	48.34834834834835
0.005457076572022183	0.9945429234279778	0.0	48.44844844844845
0.005322925585394826	0.9946770744146052	0.0	48.54854854854855
0.005192055199446914	0.994807944800553	0.0	48.64864864864865
0.00506438602334441	0.9949356139766555	0.0	48.74874874874875
0.004939840548728885	0.9950601594512711	0.0	48.84884884884885
0.004818343107998287	0.9951816568920017	0.0	48.94894894894895
0.0046998198336082025	0.9953001801663918	0.0	49.04904904904905
0.004584198618393212	0.9954158013816068	0.0	49.14914914914915
0.0044714090608167275	0.9955285909391833	0.0	49.24924924924925
0.0043613824085815475	0.9956386175914185	0.0	49.34934934934935
0.0042540515705623595	0.9957459484294376	0.0	49.44944944944945
0.004149351058177831	0.9958506489418222	0.0	49.54954954954955
0.004047216948061147	0.9959527830519389	0.0	49.64964964964965
0.003947586846569598	0.9960524131534304	0.0	49.74974974974975
0.003850399855134099	0.996149600144866	0.0	49.84984984984985
0.003755596536440959	0.996244403463559	0.0	49.94994994994995
0.0036631188749319515	0.996336881125068	0.0	50.050050050050054
0.0035729102203206327	0.9964270897796793	0.0	50.150150150150154
0.0034849152958627244	0.9965150847041373	0.0	50.250250250250254
0.003399080154142833	0.9966009198458572	0.0	50.350350350350354
0.0033153521433370884	0.9966846478566629	0.0	50.450450450450454
0.0032336798768071158	0.9967663201231929	0.0	50.550550550550554
0.003154013203340181	0.9968459867966598	0.0	50.650650650650654
0.0030763031780223185	0.9969236968219777	0.0	50.750750750750754
0.0030005020307286895	0.9969994979692712	0.0	50.850850850850854
0.0029265631664324157	0.9970734368335675	0.0	50.950950950950954
0.002854441093210572	0.9971455589067894	0.0	51.051051051051054
0.002784091424165713	0.9972159085758343	0.0	51.151151151151154
0.0027154708447045496	0.9972845291552954	0.0	51.251251251251254
0.00264853708758173	0.9973514629124183	0.0	51.351351351351354
0.0025832489084759913	0.997416751091524	0.0	51.451451451451454
0.0025195660620987064	0.9974804339379013	0.0	51.551551551551555
0.0024574492784956094	0.9975425507215043	0.0	51.651651651651655
0.0023968602266059257	0.997603139773394	0.0	51.751751751751755
0.002337761505998983	0.9976622384940009	0.0	51.851851851851855
0.0022801166286121276	0.9977198833713878	0.0	51.951951951951955
0.002223889991923028	0.997776110008077	0.0	52.052052052052055
0.002169046858046117	0.9978309531419538	0.0	52.152152152152155
0.002115553333352359	0.9978844466666476	0.0	52.252252252252255
0.0020633763486123296	0.9979366236513876	0.0	52.352352352352355
0.0020124836396626183	0.9979875163603373	0.0	52.452452452452455
0.0019628437285955495	0.9980371562714044	0.0	52.552552552552555
0.0019144259050437797	0.9980855740949562	0.0	52.652652652652655
0.0018672001816733195	0.9981327998183267	0.0	52.752752752752755
0.0018211373019760254	0.998178862698024	0.0	52.852852852852855
0.0017762087339959264	0.9982237912660041	0.0	52.952952952952955
0.0017323866417462538	0.9982676133582538	0.0	53.053053053053056
0.001689643869120913	0.9983103561308792	0.0	53.153153153153156
0.0016479539243108758	0.9983520460756892	0.0	53.253253253253256
0.0016072909647254937	0.9983927090352746	0.0	53.353353353353356
0.0015676297824187334	0.9984323702175812	0.0	53.453453453453456
0.0015289457900203337	0.9984710542099797	0.0	53.553553553553556
0.0014912150065886955	0.9985087849934112	0.0	53.653653653653656
0.0014544139797599608	0.99854558602024	0.0	53.753753753753756
0.0014185198270130397	0.998581480172987	0.0	53.853853853853856
0.0013835102589041513	0.9986164897410958	0.0	53.953953953953956
0.0013493635335115749	0.9986506364664884	0.0	54.054054054054056
0.0013160584443413087	0.9986839415556586	0.0	54.154154154154156
0.0012835743086911536	0.9987164256913088	0.0	54.254254254254256
0.0012518909564732188	0.9987481090435267	0.0	54.354354354354356
0.0012209887194948503	0.9987790112805052	0.0	54.454454454454456
0.0011908484211979819	0.998809151578802	0.0	54.55455455455456
0.0011614513664267596	0.9988385486335732	0.0	54.65465465465466
0.0011327792212083593	0.9988672207787916	0.0	54.75475475475476
0.0011048140826091265	0.9988951859173909	0.0	54.85485485485486
0.0010775385508090065	0.9989224614491911	0.0	54.95495495495496
0.0010509356547128545	0.9989490643452872	0.0	55.05505505505506
0.0010249888425398386	0.9989750111574602	0.0	55.15515515515516
0.0009996819727873568	0.9990003180272127	0.0	55.25525525525526
0.0009749993055694689	0.9990250006944306	0.0	55.35535535535536
0.000950925494329845	0.9990490745056702	0.0	55.45545545545546
0.0009274455779292293	0.9990725544220708	0.0	55.55555555555556
0.0009045449730345967	0.9990954550269654	0.0	55.65565565565566
0.0008822093756921334	0.9991177906243078	0.0	55.75575575575576
0.0008604248064397302	0.9991395751935602	0.0	55.85585585585586
0.0008391776901037148	0.9991608223098963	0.0	55.95595595595596
0.0008184547868056192	0.9991815452131944	0.0	56.05605605605606
0.0007982431846296264	0.9992017568153704	0.0	56.15615615615616
0.0007785302925908005	0.9992214697074092	0.0	56.25625625625626
0.0007593038339041003	0.9992406961660959	0.0	56.35635635635636
0.0007405518395541752	0.9992594481604459	0.0	56.45645645645646
0.0007222626421659447	0.9992777373578341	0.0	56.55655655655656
0.0007044248701759607	0.999295575129824	0.0	56.65665665665666
0.0006870273719405567	0.9993129726280595	0.0	56.75675675675676
0.000670059238510606	0.9993299407614894	0.0	56.85685685685686
0.0006535098841102422	0.9993464901158898	0.0	56.95695695695696
0.0006373689850211746	0.9993626310149789	0.0	57.05705705705706
0.0006216264738641068	0.9993783735261359	0.0	57.15715715715716
0.0006062725341238573	0.9993937274658762	0.0	57.25725725725726
0.000591297594913704	0.9994087024050863	0.0	57.35735735735736
0.0005766923259789575	0.9994233076740211	0.0	57.45745745745746
0.0005624476329397588	0.9994375523670602	0.0	57.55755755755756
0.0005485546527731032	0.999451445347227	0.0	57.65765765765766
0.0005350046949871507	0.9994649953050129	0.0	57.75775775775776
0.0005217892486545788	0.9994782107513455	0.0	57.85785785785786
0.0005089000615008134	0.9994910999384993	0.0	57.95795795795796
0.0004963290857219137	0.9995036709142782	0.0	58.05805805805806
0.0004840684733688668	0.9995159315266312	0.0	58.15815815815816
0.0004721105720402875	0.9995278894279598	0.0	58.25825825825826
0.0004604479207622992	0.9995395520792377	0.0	58.35835835835836
0.0004490732460555964	0.9995509267539444	0.0	58.45845845845846
0.00043797945818968743	0.9995620205418103	0.0	58.55855855855856
0.0004271596476243184	0.9995728403523757	0.0	58.65865865865866
0.0004166070450214384	0.9995833929549787	0.0	58.75875875875876
0.0004063150174742865	0.9995936849825259	0.0	58.85885885885886
0.00039627713338327307	0.9996037228666168	0.0	58.95895895895896
0.0003864871209113247	0.9996135128790888	0.0	59.05905905905906
0.000376938864196174	0.9996230611358039	0.0	59.15915915915916
0.00036762640000544247	0.9996323735999947	0.0	59.25925925925926
0.0003585439145400559	0.9996414560854601	0.0	59.35935935935936
0.00034968574038599093	0.9996503142596141	0.0	59.45945945945946
0.00034104635361435504	0.9996589536463858	0.0	59.55955955955956
0.0003326203710297978	0.9996673796289703	0.0	59.65965965965966
0.00032440251757443004	0.9996755974824257	0.0	59.75975975975976
0.0003163876236474108	0.9996836123763527	0.0	59.85985985985987
0.0003085706780027082	0.9996914293219974	0.0	59.95995995995997
0.00030094679401217205	0.999699053205988	0.0	60.06006006006007
0.0002935112067125306	0.9997064887932876	0.0	60.16016016016017
0.0002862592702013861	0.9997137407297988	0.0	60.26026026026027
0.00027918645514983113	0.9997208135448503	0.0	60.36036036036037
0.000272288346431685	0.9997277116535684	0.0	60.46046046046047
0.0002655606408693503	0.9997344393591308	0.0	60.56056056056057
0.00025899914509628936	0.9997410008549039	0.0	60.66066066066067
0.0002525997492102426	0.9997474002507899	0.0	60.76076076076077
0.0002463584248921034	0.999753641575108	0.0	60.86086086086087
0.00024027126807640232	0.9997597287319238	0.0	60.96096096096097
0.0002343344717889651	0.9997656655282112	0.0	61.06106106106107
0.0002285443238365265	0.9997714556761637	0.0	61.16116116116117
0.00022289720476881486	0.9997771027952314	0.0	61.26126126126127
0.0002173895859316247	0.9997826104140686	0.0	61.36136136136137
0.00021201802761087655	0.9997879819723893	0.0	61.46146146146147
0.00020677917726766545	0.9997932208227325	0.0	61.56156156156157
0.00020166976786429656	0.9997983302321358	0.0	61.66166166166167
0.00019668659793256572	0.9998033134020676	0.0	61.76176176176177
0.00019182653025402334	0.9998081734697462	0.0	61.86186186186187
0.00018708652375595594	0.9998129134762442	0.0	61.96196196196197
0.00018246361306453092	0.9998175363869357	0.0	62.06206206206207
0.00017795490672216658	0.999822045093278	0.0	62.16216216216217
0.00017355758560835485	0.9998264424143919	0.0	62.26226226226227
0.00016926890143220363	0.999830731098568	0.0	62.36236236236237
0.00016508617529669903	0.9998349138247035	0.0	62.46246246246247
0.00016100679633468707	0.9998389932036655	0.0	62.56256256256257
0.00015702822041657554	0.9998429717795836	0.0	62.66266266266267
0.00015314795376149878	0.9998468520462388	0.0	62.76276276276277
0.00014936355205829032	0.999850636447942	0.0	62.86286286286287
0.00014567264671828028	0.9998543273532821	0.0	62.96296296296297
0.00014207292812520585	0.999857927071875	0.0	63.06306306306307
0.00013856214424096228	0.9998614378557593	0.0	63.16316316316317
0.0001351380993719304	0.9998648619006284	0.0	63.26326326326327
0.00013179865299114973	0.9998682013470092	0.0	63.36336336336337
0.0001285417186163376	0.9998714582813839	0.0	63.46346346346347
0.000125365262743754	0.9998746347372566	0.0	63.56356356356357
0.00012226730383791234	0.9998777326961624	0.0	63.66366366366367
0.00011924589965781697	0.9998807541003424	0.0	63.76376376376377
0.0001162991466649053	0.9998837008533353	0.0	63.86386386386387
0.00011342520014546161	0.9998865747998548	0.0	63.96396396396397
0.00011062226131696015	0.9998893777386832	0.0	64.06406406406407
0.00010788857624524132	0.999892111423755	0.0	64.16416416416416
0.0001052224348830791	0.9998947775651171	0.0	64.26426426426427
0.00010262217015237432	0.9998973778298479	0.0	64.36436436436436
0.00010008615706996653	0.9998999138429303	0.0	64.46446446446447
9.761281191707434e-05	0.9999023871880832	0.0	64.56456456456456
9.520059145235336e-05	0.9999047994085479	0.0	64.66466466466467
9.284795652599674e-05	0.9999071520434742	0.0	64.76476476476476
9.05534912792007e-05	0.999909446508721	0.0	64.86486486486487
8.831571304129658e-05	0.9999116842869589	0.0	64.96496496496496
8.613322352058766e-05	0.9999138667764796	0.0	65.06506506506507
8.400465851433332e-05	0.9999159953414859	0.0	65.16516516516516
8.19286873870917e-05	0.9999180713126131	0.0	65.26526526526527
7.990401254906696e-05	0.9999200959874511	0.0	65.36536536536536
7.792936893445195e-05	0.9999220706310658	0.0	65.46546546546547
7.60035234797755e-05	0.9999239964765204	0.0	65.56556556556556
7.412527460224512e-05	0.999925874725398	0.0	65.66566566566567
7.229343964346415e-05	0.9999277065603568	0.0	65.76576576576576
7.050685734144228e-05	0.9999294931426588	0.0	65.86586586586587
6.876440866117267e-05	0.999931235591339	0.0	65.96596596596596
6.70650030257926e-05	0.9999329349969744	0.0	66.06606606606607
6.540757767069878e-05	0.9999345924223295	0.0	66.16616616616616
6.379109707459818e-05	0.9999362089029257	0.0	66.26626626626627
6.221455239056235e-05	0.9999377854476097	0.0	66.36636636636636
6.0676960877078343e-05	0.9999393230391231	0.0	66.46646646646647
5.917736532910302e-05	0.9999408226346711	0.0	66.56656656656656
5.771483350911399e-05	0.9999422851664911	0.0	66.66666666666667
5.628845757816392e-05	0.999943711542422	0.0	66.76676676676676
5.489735352693142e-05	0.9999451026464733	0.0	66.86686686686687
5.3540660606775383e-05	0.9999464593393934	0.0	66.96696696696696
5.221752304348327e-05	0.9999477824769567	0.0	67.06706706706707
5.092709424499708e-05	0.9999490729057552	0.0	67.16716716716716
4.9668567046698035e-05	0.9999503314329535	0.0	67.26726726726727
4.844115389179497e-05	0.9999515588461084	0.0	67.36736736736736
4.724408609210557e-05	0.9999527559139081	0.0	67.46746746746747
4.607661319009698e-05	0.9999539233868101	0.0	67.56756756756756
4.493800232092371e-05	0.9999550619976793	0.0	67.66766766766767
4.3827537574468134e-05	0.9999561724624257	0.0	67.76776776776777
4.274451935737848e-05	0.9999572554806428	0.0	67.86786786786787
4.168826375510928e-05	0.999958311736245	0.0	67.96796796796797
4.0658101893959364e-05	0.9999593418981062	0.0	68.06806806806807
3.965337930311234e-05	0.9999603466206971	0.0	68.16816816816817
3.8673455276674576e-05	0.9999613265447236	0.0	68.26826826826827
3.771773079245251e-05	0.9999622822692078	0.0	68.36836836836838
3.678563958581752e-05	0.9999632143604144	0.0	68.46846846846847
3.587659883612018e-05	0.9999641234011641	0.0	68.56856856856858
3.499003915310431e-05	0.9999650099608471	0.0	68.66866866866867
3.4125404194286754e-05	0.9999658745958059	0.0	68.76876876876878
3.328215013726252e-05	0.9999667178498629	0.0	68.86886886886887
3.245974515200789e-05	0.9999675402548482	0.0	68.96896896896898
3.165766887318557e-05	0.999968342331127	0.0	69.06906906906907
3.087541187244784e-05	0.9999691245881278	0.0	69.16916916916918
3.0112475130741628e-05	0.9999698875248695	0.0	69.26926926926927
2.936836951061173e-05	0.9999706316304896	0.0	69.36936936936938
2.8642615228505827e-05	0.9999713573847717	0.0	69.46946946946947
2.793474132707777e-05	0.9999720652586731	0.0	69.56956956956958
2.7244324211990136e-05	0.9999727556757882	0.0	69.66966966966967
2.6570974988870375e-05	0.9999734290250114	0.0	69.76976976976978
2.5914273692159078e-05	0.9999740857263081	0.0	69.86986986986987
2.5273810100558968e-05	0.9999747261898997	0.0	69.96996996996998
2.4649183534174895e-05	0.9999753508164662	0.0	70.07007007007007
2.4040002476344088e-05	0.999975959997524	0.0	70.17017017017018
2.3445884195467897e-05	0.9999765541158048	0.0	70.27027027027027
2.28664543668421e-05	0.9999771335456334	0.0	70.37037037037038
2.2301346694488583e-05	0.9999776986533058	0.0	70.47047047047047
2.17502025329857e-05	0.9999782497974673	0.0	70.57057057057058
2.1212670509299917e-05	0.999978787329491	0.0	70.67067067067067
2.0688406144616195e-05	0.9999793115938557	0.0	70.77077077077078
2.0177071476169605e-05	0.9999798229285242	0.0	70.87087087087087
1.9678358949718192e-05	0.9999803216410506	0.0	70.97097097097098
1.919198301145176e-05	0.9999808080169889	0.0	71.07107107107107
1.8717640021015397e-05	0.9999812823599793	0.0	71.17117117117118
1.825503321974324e-05	0.9999817449667806	0.0	71.27127127127127
1.780387254012019e-05	0.9999821961274602	0.0	71.37137137137138
1.7363874319709625e-05	0.9999826361256806	0.0	71.47147147147147
1.693476101508016e-05	0.9999830652389852	0.0	71.57157157157158
1.6516260915733327e-05	0.9999834837390845	0.0	71.67167167167167
1.6108107858030313e-05	0.9999838918921423	0.0	71.77177177177178
1.5710040939119665e-05	0.9999842899590612	0.0	71.87187187187187
1.5321804230864038e-05	0.9999846781957694	0.0	71.97197197197198
1.4943146493767867e-05	0.9999850568535066	0.0	72.07207207207207
1.4573820890904142e-05	0.9999854261791093	0.0	72.17217217217218
1.4213180854885353e-05	0.9999857868191453	0.0	72.27227227227228
1.3862027494442916e-05	0.9999861379725058	0.0	72.37237237237238
1.3519519422323614e-05	0.9999864804805779	0.0	72.47247247247248
1.3185453241765218e-05	0.9999868145467584	0.0	72.57257257257258
1.2859628412970573e-05	0.9999871403715872	0.0	72.67267267267268
1.2541847253107213e-05	0.9999874581527471	0.0	72.77277277277278
1.2231914936307742e-05	0.999987768085064	0.0	72.87287287287288
1.192963949366946e-05	0.9999880703605065	0.0	72.97297297297298
1.163483181325473e-05	0.999988365168187	0.0	73.07307307307308
1.134730564009062e-05	0.9999886526943601	0.0	73.17317317317318
1.1066877576169247e-05	0.9999889331224241	0.0	73.27327327327328
1.0793367080447448e-05	0.9999892066329198	0.0	73.37337337337338
1.0526596468847096e-05	0.9999894734035314	0.0	73.47347347347348
1.0266410726339778e-05	0.9999897335892739	0.0	73.57357357357358
1.0012667779493093e-05	0.9999899873322208	0.0	73.67367367367368
9.765207704669992e-06	0.9999902347922955	0.0	73.77377377377378
9.523873930611895e-06	0.9999904761260696	0.0	73.87387387387388
9.288513298549913e-06	0.9999907114867017	0.0	73.97397397397398
9.05897606220513e-06	0.999990941023938	0.0	74.07407407407408
8.835115887788338e-06	0.9999911648841124	0.0	74.17417417417418
8.616789854000286e-06	0.9999913832101462	0.0	74.27427427427428
8.403858452031439e-06	0.9999915961415482	0.0	74.37437437437438
8.196185585562217e-06	0.9999918038144147	0.0	74.47447447447448
7.993638570762758e-06	0.9999920063614295	0.0	74.57457457457458
7.79608813629315e-06	0.9999922039118639	0.0	74.67467467467468
7.6034084233032036e-06	0.9999923965915769	0.0	74.77477477477478
7.415476985432679e-06	0.9999925845230148	0.0	74.87487487487488
7.232174788811061e-06	0.9999927678252114	0.0	74.97497497497498
7.053385323983616e-06	0.9999929466146762	0.0	75.07507507507508
6.8789950944845205e-06	0.9999931210049057	0.0	75.17517517517518
6.708894903536645e-06	0.9999932911050966	0.0	75.27527527527528
6.542978944170219e-06	0.999993457021056	0.0	75.37537537537538
6.381144797655995e-06	0.9999936188552025	0.0	75.47547547547548
6.223293433505065e-06	0.9999937767065666	0.0	75.57557557557558
6.069329209469038e-06	0.9999939306707907	0.0	75.67567567567568
5.919159871539862e-06	0.9999940808401286	0.0	75.77577577577578
5.772696553950005e-06	0.9999942273034462	0.0	75.87587587587588
5.6298537791722766e-06	0.999994370146221	0.0	75.97597597597598
5.490549457919996e-06	0.9999945094505422	0.0	76.07607607607608
5.354704889146834e-06	0.9999946452951111	0.0	76.17617617617618
5.222244760046966e-06	0.9999947777552401	0.0	76.27627627627628
5.093097146054922e-06	0.9999949069028541	0.0	76.37637637637638
4.967193510845734e-06	0.9999950328064893	0.0	76.47647647647648
4.844430043770683e-06	0.9999951555699564	0.0	76.57657657657658
4.724691145202315e-06	0.9999952753088549	0.0	76.67667667667668
4.6079014845780545e-06	0.9999953920985156	0.0	76.77677677677679
4.4939881242739535e-06	0.9999955060118759	0.0	76.87687687687688
4.382880486503799e-06	0.9999956171195137	0.0	76.97697697697699
4.274510353319244e-06	0.9999957254896469	0.0	77.07707707707708
4.1688118666096844e-06	0.9999958311881335	0.0	77.17717717717719
4.065721528102377e-06	0.999995934278472	0.0	77.27727727727728
3.965178199362321e-06	0.9999960348218008	0.0	77.37737737737739
3.867123101792377e-06	0.9999961328768984	0.0	77.47747747747748
3.7714998166331516e-06	0.9999962285001835	0.0	77.57757757757759
3.6782542849631084e-06	0.9999963217457152	0.0	77.67767767767768
3.5873348076984597e-06	0.9999964126651925	0.0	77.77777777777779
3.4986920455932724e-06	0.9999965013079546	0.0	77.87787787787788
3.4122790192393645e-06	0.9999965877209809	0.0	77.97797797797799
3.3280222064963774e-06	0.9999966719777936	0.0	78.07807807807808
3.2458407035664358e-06	0.9999967541592966	0.0	78.17817817817819
3.1656822633957344e-06	0.9999968343177367	0.0	78.27827827827828
3.0874962578069085e-06	0.9999969125037423	0.0	78.37837837837839
3.0112336693114313e-06	0.9999969887663308	0.0	78.47847847847848
2.9368470911095292e-06	0.999997063152909	0.0	78.57857857857859
2.8642907270902664e-06	0.9999971357092731	0.0	78.67867867867868
2.793520391831462e-06	0.9999972064796083	0.0	78.77877877877879
2.72449351059977e-06	0.9999972755064895	0.0	78.87887887887888
2.6571691193506022e-06	0.9999973428308807	0.0	78.97897897897899
2.591507864728203e-06	0.9999974084921354	0.0	79.07907907907908
2.527472004065576e-06	0.9999974725279961	0.0	79.17917917917919
2.465025405384556e-06	0.9999975349745948	0.0	79.27927927927928
2.4041335473957395e-06	0.9999975958664528	0.0	79.37937937937939
2.344763519498551e-06	0.9999976552364807	0.0	79.47947947947948
2.285001072606898e-06	0.9999977149989274	0.0	79.57957957957959
2.2290036420253505e-06	0.999997770996358	0.0	79.67967967967968
2.1742929871436082e-06	0.9999978257070129	0.0	79.77977977977979
2.1208494882260088e-06	0.9999978791505119	0.0	79.87987987987988
2.068653525536858e-06	0.9999979313464745	0.0	79.97997997997999
2.0176854793404925e-06	0.9999979823145208	0.0	80.08008008008008
1.96792572990122e-06	0.9999980320742702	0.0	80.18018018018019
1.919354657483376e-06	0.9999980806453426	0.0	80.28028028028028
1.8719526423512681e-06	0.9999981280473577	0.0	80.38038038038039
1.8257000647692317e-06	0.9999981742999353	0.0	80.48048048048048
1.7805773050015752e-06	0.9999982194226951	0.0	80.58058058058059
1.736564743312633e-06	0.9999982634352568	0.0	80.68068068068068
1.6936427599667144e-06	0.9999983063572401	0.0	80.78078078078079
1.6517917352281534e-06	0.9999983482082648	0.0	80.88088088088088
1.6109920487495376e-06	0.9999983890079512	0.0	80.98098098098099
1.5712123674396045e-06	0.9999984287876326	0.0	81.08108108108108
1.5324200462655163e-06	0.9999984675799537	0.0	81.18118118118119
1.4945930051098767e-06	0.9999985054069949	0.0	81.28128128128128
1.4577091638552667e-06	0.9999985422908362	0.0	81.38138138138139
1.4217464423842893e-06	0.9999985782535576	0.0	81.48148148148148
1.3866827605795265e-06	0.9999986133172394	0.0	81.58158158158159
1.3524960383235803e-06	0.9999986475039617	0.0	81.68168168168168
1.319164195499033e-06	0.9999986808358046	0.0	81.78178178178179
1.2866651519884866e-06	0.999998713334848	0.0	81.88188188188188
1.2549768276745238e-06	0.9999987450231723	0.0	81.98198198198199
1.2240771424397458e-06	0.9999987759228576	0.0	82.08208208208208
1.193944016166736e-06	0.9999988060559838	0.0	82.18218218218219
1.1645553687380951e-06	0.9999988354446313	0.0	82.28228228228228
1.135889120036407e-06	0.99999886411088	0.0	82.38238238238239
1.107923189944272e-06	0.99999889207681	0.0	82.48248248248248
1.0806354983442745e-06	0.9999989193645017	0.0	82.58258258258259
1.0540039651190141e-06	0.9999989459960349	0.0	82.68268268268268
1.0280065101510756e-06	0.9999989719934899	0.0	82.78278278278279
1.002642207554964e-06	0.9999989973577924	0.0	82.88288288288288
9.779217924538308e-07	0.9999990220782076	0.0	82.98298298298299
9.538288117811614e-07	0.9999990461711882	0.0	83.08308308308308
9.303466231708283e-07	0.9999990696533768	0.0	83.18318318318319
9.074585842567178e-07	0.9999990925414157	0.0	83.28328328328328
8.851480526727026e-07	0.9999991148519473	0.0	83.38338338338339
8.633983860526689e-07	0.9999991366016139	0.0	83.48348348348348
8.421929420304899e-07	0.999999157807058	0.0	83.58358358358359
8.215150782400511e-07	0.9999991784849217	0.0	83.68368368368368
8.013481523152261e-07	0.9999991986518477	0.0	83.78378378378379
7.816755218899003e-07	0.9999992183244781	0.0	83.88388388388388
7.624805445979475e-07	0.9999992375194554	0.0	83.98398398398399
7.437465780732528e-07	0.9999992562534219	0.0	84.08408408408408
7.254569799496903e-07	0.9999992745430201	0.0	84.18418418418419
7.075951078611446e-07	0.9999992924048922	0.0	84.28428428428428
6.901443194414903e-07	0.9999993098556805	0.0	84.38438438438439
6.730879723246119e-07	0.9999993269120276	0.0	84.48448448448448
6.564094241443839e-07	0.9999993435905759	0.0	84.58458458458459
6.401128849343087e-07	0.9999993598871151	0.0	84.68468468468468
6.242260032368237e-07	0.9999993757739968	0.0	84.78478478478479
6.087398536683935e-07	0.9999993912601464	0.0	84.88488488488488
5.936445001372058e-07	0.9999994063554999	0.0	84.98498498498499
5.789300065514562e-07	0.9999994210699934	0.0	85.08508508508508
5.645864368193327e-07	0.9999994354135632	0.0	85.18518518518519
5.50603854849031e-07	0.9999994493961452	0.0	85.28528528528528
5.369723245487388e-07	0.9999994630276755	0.0	85.38538538538539
5.236819098266499e-07	0.9999994763180902	0.0	85.4854854854855
5.107226745909579e-07	0.9999994892773254	0.0	85.58558558558559
4.980846827498508e-07	0.9999995019153173	0.0	85.6856856856857
4.85757998211524e-07	0.9999995142420018	0.0	85.78578578578579
4.7373268488416564e-07	0.9999995262673151	0.0	85.8858858858859
4.6199880667597103e-07	0.9999995380011933	0.0	85.98598598598599
4.5054642749512853e-07	0.9999995494535725	0.0	86.0860860860861
4.393656112498331e-07	0.9999995606343888	0.0	86.18618618618619
4.284464218482734e-07	0.9999995715535781	0.0	86.2862862862863
4.1777892319864424e-07	0.9999995822210768	0.0	86.38638638638639
4.0173018996562135e-07	0.99999959826981	0.0	86.4864864864865
3.9249513336407475e-07	0.9999996075048666	0.0	86.58658658658659
3.8341407918269033e-07	0.9999996165859207	0.0	86.6866866866867
3.7448702742147065e-07	0.9999996255129725	0.0	86.78678678678679
3.657139780804131e-07	0.9999996342860218	0.0	86.8868868868869
3.5709493115952026e-07	0.9999996429050687	0.0	86.98698698698699
3.486298866587896e-07	0.9999996513701133	0.0	87.0870870870871
3.4031884457822356e-07	0.9999996596811553	0.0	87.18718718718719
3.321618049178198e-07	0.999999667838195	0.0	87.2872872872873
3.2415876767758066e-07	0.9999996758412323	0.0	87.38738738738739
3.1630973285750374e-07	0.999999683690267	0.0	87.4874874874875
3.0861470045759146e-07	0.9999996913852994	0.0	87.58758758758759
3.0107367047784147e-07	0.9999996989263295	0.0	87.6876876876877
2.93686642918256e-07	0.999999706313357	0.0	87.78778778778779
2.864536177788329e-07	0.9999997135463822	0.0	87.8878878878879
2.7937459505957425e-07	0.9999997206254049	0.0	87.98798798798799
2.7244957476047806e-07	0.9999997275504252	0.0	88.0880880880881
2.656785568815463e-07	0.9999997343214431	0.0	88.18818818818819
2.5905734694160603e-07	0.999999740942653	0.0	88.2882882882883
2.5257024619383193e-07	0.9999997474297537	0.0	88.38838838838839
2.462157613206206e-07	0.9999997537842387	0.0	88.4884884884885
2.3999389232197396e-07	0.9999997600061077	0.0	88.58858858858859
2.3390463919789013e-07	0.9999997660953608	0.0	88.6886886886887
2.2794800194837088e-07	0.999999772051998	0.0	88.78878878878879
2.2212398057341454e-07	0.9999997778760193	0.0	88.8888888888889
2.1643257507302275e-07	0.9999997835674249	0.0	88.988988988989
2.1087378544719385e-07	0.9999997891262146	0.0	89.0890890890891
2.054476116959295e-07	0.9999997945523883	0.0	89.1891891891892
2.0015405381922807e-07	0.9999997998459461	0.0	89.2892892892893
1.9499311181709114e-07	0.9999998050068881	0.0	89.3893893893894
1.8996478568951717e-07	0.9999998100352143	0.0	89.4894894894895
1.8506907543650766e-07	0.9999998149309245	0.0	89.5895895895896
1.8030598105806118e-07	0.9999998196940189	0.0	89.6896896896897
1.756755025541791e-07	0.9999998243244974	0.0	89.7897897897898
1.711776399248601e-07	0.99999982882236	0.0	89.8898898898899
1.6681239317010544e-07	0.9999998331876068	0.0	89.98998998999
1.625797622899139e-07	0.9999998374202377	0.0	90.0900900900901
1.5847974728428666e-07	0.9999998415202527	0.0	90.1901901901902
1.545123481532226e-07	0.9999998454876519	0.0	90.2902902902903
1.5067756489672279e-07	0.999999849322435	0.0	90.3903903903904
1.4697539751478617e-07	0.9999998530246025	0.0	90.4904904904905
1.433933203472644e-07	0.9999998566066797	0.0	90.5905905905906
1.398880906814337e-07	0.9999998601119093	0.0	90.6906906906907
1.3645605409055944e-07	0.9999998635439459	0.0	90.7907907907908
1.3309721057464064e-07	0.9999998669027894	0.0	90.8908908908909
1.2981156013367828e-07	0.9999998701884398	0.0	90.990990990991
1.2659910276767145e-07	0.9999998734008972	0.0	91.0910910910911
1.23459838476621e-07	0.9999998765401615	0.0	91.1911911911912
1.203937672605261e-07	0.9999998796062327	0.0	91.2912912912913
1.1740088911938755e-07	0.9999998825991109	0.0	91.3913913913914
1.1448120405320458e-07	0.9999998855187959	0.0	91.4914914914915
1.1163471206197796e-07	0.999999888365288	0.0	91.5915915915916
1.0886141314570693e-07	0.9999998911385869	0.0	91.6916916916917
1.0616130730439222e-07	0.9999998938386927	0.0	91.7917917917918
1.0353439453803311e-07	0.9999998964656055	0.0	91.8918918918919
1.0098067484663033e-07	0.9999998990193252	0.0	91.991991991992
9.850014823018316e-08	0.9999999014998517	0.0	92.0920920920921
9.609281468869229e-08	0.9999999039071853	0.0	92.1921921921922
9.375867422215706e-08	0.9999999062413258	0.0	92.2922922922923
9.14977268305781e-08	0.9999999085022732	0.0	92.3923923923924
8.930997251395479e-08	0.9999999106900275	0.0	92.4924924924925
8.719541127228776e-08	0.9999999128045888	0.0	92.5925925925926
8.515404310557639e-08	0.999999914845957	0.0	92.6926926926927
8.318586801382127e-08	0.999999916814132	0.0	92.7927927927928
8.128228932993438e-08	0.9999999187177107	0.0	92.8928928928929
7.94159047060373e-08	0.9999999205840954	0.0	92.992992992993
7.758467126129804e-08	0.9999999224153288	0.0	93.0930930930931
7.578858899571709e-08	0.999999924211411	0.0	93.1931931931932
7.402765790929398e-08	0.9999999259723421	0.0	93.2932932932933
7.230187800202918e-08	0.9999999276981221	0.0	93.3933933933934
7.06112492739222e-08	0.9999999293887507	0.0	93.4934934934935
6.895577172497353e-08	0.9999999310442284	0.0	93.5935935935936
6.73354453551827e-08	0.9999999326645547	0.0	93.6936936936937
6.575027016455017e-08	0.9999999342497299	0.0	93.7937937937938
6.420024615307549e-08	0.9999999357997539	0.0	93.8938938938939
6.26853733207591e-08	0.9999999373146267	0.0	93.993993993994
6.120565166760055e-08	0.9999999387943483	0.0	94.0940940940941
5.976108119360029e-08	0.9999999402389188	0.0	94.1941941941942
5.83516618987579e-08	0.9999999416483382	0.0	94.2942942942943
5.697739378307378e-08	0.9999999430226062	0.0	94.3943943943944
5.563827684654754e-08	0.9999999443617232	0.0	94.4944944944945
5.4334311089179545e-08	0.999999945665689	0.0	94.5945945945946
5.306549651096945e-08	0.9999999469345036	0.0	94.6946946946947
5.1831833111917597e-08	0.999999948168167	0.0	94.7947947947948
5.063332089202364e-08	0.9999999493666791	0.0	94.8948948948949
4.946995985128793e-08	0.9999999505300402	0.0	94.994994994995
4.834174998971012e-08	0.9999999516582501	0.0	95.0950950950951
4.7244877770080554e-08	0.9999999527551222	0.0	95.1951951951952
4.616811119087153e-08	0.9999999538318889	0.0	95.2952952952953
4.5110717651762013e-08	0.9999999548892824	0.0	95.3953953953954
4.40726971527517e-08	0.9999999559273028	0.0	95.4954954954955
4.305404969384088e-08	0.9999999569459503	0.0	95.5955955955956
4.2054775275029275e-08	0.9999999579452248	0.0	95.6956956956957
4.1074873896317154e-08	0.9999999589251262	0.0	95.7957957957958
4.011434555770425e-08	0.9999999598856545	0.0	95.8958958958959
3.917319025919084e-08	0.9999999608268098	0.0	95.995995995996
3.825140800077665e-08	0.9999999617485921	0.0	96.0960960960961
3.734899878246194e-08	0.9999999626510012	0.0	96.1961961961962
3.6465962604246456e-08	0.9999999635340374	0.0	96.2962962962963
3.5602299466130446e-08	0.9999999643977006	0.0	96.3963963963964
3.475800936811367e-08	0.9999999652419906	0.0	96.4964964964965
3.393309231019636e-08	0.9999999660669078	0.0	96.5965965965966
3.3127548292378295e-08	0.9999999668724517	0.0	96.6966966966967
3.2341377314659686e-08	0.9999999676586228	0.0	96.7967967967968
3.157457937704032e-08	0.9999999684254206	0.0	96.8968968968969
3.0827154479520424e-08	0.9999999691728455	0.0	96.996996996997
3.009910262209977e-08	0.9999999699008975	0.0	97.0970970970971
2.939042380477857e-08	0.9999999706095762	0.0	97.1971971971972
2.870111802755662e-08	0.999999971298882	0.0	97.2972972972973
2.8031185290434122e-08	0.9999999719688147	0.0	97.3973973973974
2.7378716543335986e-08	0.9999999726212835	0.0	97.4974974974975
2.6738513745935713e-08	0.9999999732614863	0.0	97.5975975975976
2.611028317755237e-08	0.9999999738897168	0.0	97.6976976976977
2.549402483818613e-08	0.9999999745059751	0.0	97.7977977977978
2.488973872783682e-08	0.9999999751102613	0.0	97.8978978978979
2.429742484650461e-08	0.9999999757025752	0.0	97.997997997998
2.371708319418933e-08	0.9999999762829168	0.0	98.0980980980981
2.314871377089115e-08	0.9999999768512862	0.0	98.1981981981982
2.2592316576609906e-08	0.9999999774076834	0.0	98.2982982982983
2.2047891611345753e-08	0.9999999779521084	0.0	98.3983983983984
2.1515438875098542e-08	0.9999999784845611	0.0	98.4984984984985
2.0994958367868418e-08	0.9999999790050417	0.0	98.5985985985986
2.0486450089655238e-08	0.9999999795135499	0.0	98.6986986986987
1.9989914040459146e-08	0.9999999800100859	0.0	98.7987987987988
1.9505350220279998e-08	0.9999999804946498	0.0	98.8988988988989
1.9032758629117934e-08	0.9999999809672414	0.0	98.998998998999
1.857213926697282e-08	0.9999999814278607	0.0	99.0990990990991
1.8123492133844786e-08	0.9999999818765078	0.0	99.1991991991992
1.7686817229733705e-08	0.9999999823131828	0.0	99.2992992992993
1.7262114554639698e-08	0.9999999827378855	0.0	99.3993993993994
1.684938410856265e-08	0.9999999831506159	0.0	99.4994994994995
1.6448625891502673e-08	0.9999999835513741	0.0	99.5995995995996
1.605983990345966e-08	0.9999999839401601	0.0	99.6996996996997
1.568170078292104e-08	0.9999999843182993	0.0	99.7997997997998
1.5310871212036354e-08	0.9999999846891288	0.0	99.8998998998999
1.494718971270708e-08	0.9999999850528103	0.0	100.0
