0.999	0.001	0.0	0.0
0.9989989995001964	0.0010010004998036268	0.0	0.1001001001001001
0.998997998000416	0.0010020019995841596	0.0	0.2002002002002002
0.9989969954996987	0.0010030045003014147	0.0	0.3003003003003003
0.998995991996935	0.0010040080030651176	0.0	0.4004004004004004
0.99899498749152	0.0010050125084801	0.0	0.5005005005005005
0.998993981982335	0.001006018017665103	0.0	0.6006006006006006
0.9989929754683291	0.0010070245316710755	0.0	0.7007007007007008
0.9989919679484511	0.001008032051548967	0.0	0.8008008008008008
0.9989909594216504	0.0010090405783497265	0.0	0.9009009009009009
0.9989899498868758	0.0010100501131243035	0.0	1.001001001001001
0.9989889393430765	0.0010110606569236472	0.0	1.1011011011011012
0.9989879277892014	0.001012072210798707	0.0	1.2012012012012012
0.9989869152241997	0.0010130847758004317	0.0	1.3013013013013013
0.9989859016470204	0.001014098352979771	0.0	1.4014014014014016
0.9989848870566125	0.0010151129433876738	0.0	1.5015015015015016
0.9989838714519271	0.0010161285480730416	0.0	1.6016016016016017
0.998982854832069	0.0010171451679311645	0.0	1.7017017017017018
0.9989818371961121	0.001018162803888089	0.0	1.8018018018018018
0.9989808185430444	0.0010191814569556984	0.0	1.9019019019019021
0.9989797988718543	0.0010202011281458755	0.0	2.002002002002002
0.9989787781815297	0.0010212218184705033	0.0	2.1021021021021022
0.9989777564710587	0.001022243528941465	0.0	2.2022022022022023
0.9989767337394295	0.0010232662605706435	0.0	2.3023023023023024
0.9989757099856302	0.0010242900143699217	0.0	2.4024024024024024
0.998974685208649	0.001025314791351183	0.0	2.5025025025025025
0.9989736594074738	0.00102634059252631	0.0	2.6026026026026026
0.9989726325810929	0.0010273674189071862	0.0	2.702702702702703
0.9989716047284944	0.001028395271505694	0.0	2.802802802802803
0.9989705758486329	0.001029424151367288	0.0	2.902902902902903
0.9989695459404438	0.0010304540595563402	0.0	3.0030030030030033
0.998968515002903	0.0010314849970972295	0.0	3.1031031031031033
0.9989674830349861	0.001032516965014117	0.0	3.2032032032032034
0.9989664500356691	0.0010335499643311637	0.0	3.3033033033033035
0.9989654160039276	0.0010345839960725304	0.0	3.4034034034034035
0.9989643809387379	0.0010356190612623782	0.0	3.5035035035035036
0.9989633448390753	0.001036655160924868	0.0	3.6036036036036037
0.998962307703916	0.0010376922960841613	0.0	3.7037037037037037
0.9989612695322357	0.0010387304677644184	0.0	3.8038038038038042
0.9989602303230104	0.0010397696769898007	0.0	3.9039039039039043
0.9989591900752157	0.001040809924784469	0.0	4.004004004004004
0.9989581487870639	0.0010418512129361816	0.0	4.104104104104104
0.9989571064591826	0.0010428935408175347	0.0	4.2042042042042045
0.9989560630895054	0.001043936910494729	0.0	4.3043043043043046
0.998955018677006	0.0010449813229941938	0.0	4.404404404404405
0.9989539732206567	0.001046026779343381	0.0	4.504504504504505
0.9989529267194294	0.0010470732805707669	0.0	4.604604604604605
0.9989518791722943	0.0010481208277058499	0.0	4.704704704704705
0.998950830578221	0.001049169421779152	0.0	4.804804804804805
0.9989497809361779	0.001050219063822219	0.0	4.904904904904905
0.9989487302451325	0.0010512697548676194	0.0	5.005005005005005
0.9989476785040512	0.0010523214959489455	0.0	5.105105105105105
0.9989466257118993	0.001053374288100812	0.0	5.205205205205205
0.9989455718676	0.0010544281324001282	0.0	5.305305305305305
0.9989445169698752	0.0010554830301250158	0.0	5.405405405405406
0.9989434610176412	0.0010565389823589595	0.0	5.505505505505506
0.9989424040098516	0.001057595990148579	0.0	5.605605605605606
0.9989413459454586	0.0010586540545415807	0.0	5.705705705705706
0.9989402868234134	0.001059713176586759	0.0	5.805805805805806
0.9989392266426662	0.0010607733573339943	0.0	5.9059059059059065
0.998938165402166	0.0010618345978342548	0.0	6.0060060060060065
0.9989371031008606	0.001062896899139595	0.0	6.106106106106107
0.9989360397376971	0.0010639602623031571	0.0	6.206206206206207
0.998934975311621	0.00106502468837917	0.0	6.306306306306307
0.9989339098215773	0.0010660901784229496	0.0	6.406406406406407
0.9989328432665093	0.001067156733490899	0.0	6.506506506506507
0.9989317756453596	0.001068224354640508	0.0	6.606606606606607
0.9989307069570699	0.001069293042930354	0.0	6.706706706706707
0.99892963720058	0.001070362799420101	0.0	6.806806806806807
0.9989285663748296	0.0010714336251704997	0.0	6.906906906906907
0.9989274944787568	0.0010725055212433888	0.0	7.007007007007007
0.9989264215112985	0.0010735784887016934	0.0	7.107107107107107
0.9989253474713907	0.0010746525286094255	0.0	7.207207207207207
0.9989242723579684	0.0010757276420316846	0.0	7.307307307307307
0.9989231961699655	0.0010768038300346568	0.0	7.407407407407407
0.9989221189063145	0.0010778810936856154	0.0	7.507507507507508
0.9989210405659472	0.0010789594340529208	0.0	7.6076076076076085
0.9989199611477941	0.0010800388522060203	0.0	7.7077077077077085
0.9989188806507847	0.0010811193492154486	0.0	7.807807807807809
0.9989177990738474	0.0010822009261528267	0.0	7.907907907907909
0.9989167164159093	0.0010832835840908636	0.0	8.008008008008009
0.9989156326758968	0.001084367324103354	0.0	8.108108108108109
0.998914547852735	0.0010854521472651812	0.0	8.208208208208209
0.9989134619453479	0.0010865380546523143	0.0	8.308308308308309
0.9989123749526584	0.0010876250473418102	0.0	8.408408408408409
0.9989112868735883	0.0010887131264118123	0.0	8.508508508508509
0.9989101977070586	0.0010898022929415512	0.0	8.608608608608609
0.9989091074519888	0.0010908925480113446	0.0	8.70870870870871
0.9989080161072976	0.0010919838927025975	0.0	8.80880880880881
0.9989069236719024	0.0010930763280978012	0.0	8.90890890890891
0.9989058301447197	0.0010941698552805349	0.0	9.00900900900901
0.9989047355246647	0.001095264475335464	0.0	9.10910910910911
0.9989036398106518	0.0010963601893483415	0.0	9.20920920920921
0.9989025430015942	0.0010974569984060073	0.0	9.30930930930931
0.9989014450964038	0.0010985549035963883	0.0	9.40940940940941
0.9989003460939917	0.0010996539060084984	0.0	9.50950950950951
0.9988992459932677	0.0011007540067324386	0.0	9.60960960960961
0.9988981447931408	0.0011018552068593967	0.0	9.70970970970971
0.9988970424925185	0.0011029575074816477	0.0	9.80980980980981
0.9988959390903076	0.001104060909692554	0.0	9.90990990990991
0.9988948345854136	0.0011051654145865643	0.0	10.01001001001001
0.998893728976741	0.0011062710232592147	0.0	10.11011011011011
0.9988926222631931	0.0011073777368071286	0.0	10.21021021021021
0.9988915144436722	0.0011084855563280162	0.0	10.31031031031031
0.9988904055170795	0.0011095944829206744	0.0	10.41041041041041
0.9988892954823152	0.0011107045176849874	0.0	10.51051051051051
0.9988881843382782	0.001111815661721927	0.0	10.61061061061061
0.9988870720838666	0.0011129279161335508	0.0	10.710710710710712
0.9988859587179771	0.0011140412820230044	0.0	10.810810810810812
0.9988848442395056	0.0011151557604945203	0.0	10.910910910910912
0.9988837286473468	0.0011162713526534178	0.0	11.011011011011012
0.9988826119403941	0.0011173880596061032	0.0	11.111111111111112
0.9988814941175401	0.00111850588246007	0.0	11.211211211211213
0.9988803751776762	0.0011196248223238985	0.0	11.311311311311313
0.9988792551196929	0.0011207448803072565	0.0	11.411411411411413
0.9988781339424793	0.0011218660575208984	0.0	11.511511511511513
0.9988770116449235	0.0011229883550766657	0.0	11.611611611611613
0.9988758882259127	0.001124111774087487	0.0	11.711711711711713
0.9988747636843328	0.001125236315667378	0.0	11.811811811811813
0.9988736380190687	0.0011263619809314413	0.0	11.911911911911913
0.9988725112290043	0.0011274887709958668	0.0	12.012012012012013
0.9988713833130223	0.0011286166869779307	0.0	12.112112112112113
0.9988702542700042	0.0011297457299959974	0.0	12.212212212212213
0.9988691240988307	0.001130875901169517	0.0	12.312312312312313
0.9988679927983811	0.0011320072016190279	0.0	12.412412412412413
0.998866860367534	0.0011331396324661546	0.0	12.512512512512513
0.9988657268051666	0.001134273194833609	0.0	12.612612612612613
0.998864592110155	0.0011354078898451899	0.0	12.712712712712714
0.9988634562813744	0.0011365437186257835	0.0	12.812812812812814
0.9988623193176989	0.0011376806823013626	0.0	12.912912912912914
0.9988611812180012	0.0011388187819989873	0.0	13.013013013013014
0.9988600419811534	0.0011399580188468045	0.0	13.113113113113114
0.9988589016060261	0.0011410983939740482	0.0	13.213213213213214
0.9988577600914892	0.0011422399085110396	0.0	13.313313313313314
0.998856617436411	0.0011433825635891867	0.0	13.413413413413414
0.9988554736396592	0.0011445263603409848	0.0	13.513513513513514
0.9988543287001002	0.001145671299900016	0.0	13.613613613613614
0.9988531826165993	0.0011468173834009495	0.0	13.713713713713714
0.9988520353880206	0.0011479646119795413	0.0	13.813813813813814
0.9988508870132276	0.001149112986772635	0.0	13.913913913913914
0.998849737491082	0.0011502625089181609	0.0	14.014014014014014
0.9988485868204451	0.001151413179555136	0.0	14.114114114114114
0.9988474350001765	0.0011525649998236649	0.0	14.214214214214214
0.9988462820291353	0.001153717970864939	0.0	14.314314314314315
0.998845127906179	0.0011548720938212365	0.0	14.414414414414415
0.9988439726301642	0.0011560273698359232	0.0	14.514514514514515
0.9988428161999467	0.0011571838000534512	0.0	14.614614614614615
0.9988416586143808	0.0011583413856193602	0.0	14.714714714714715
0.9988404998723199	0.0011595001276802767	0.0	14.814814814814815
0.9988393399726163	0.0011606600273839144	0.0	14.914914914914915
0.9988381789141211	0.0011618210858790735	0.0	15.015015015015017
0.9988370166956845	0.0011629833043156422	0.0	15.115115115115117
0.9988358533161555	0.0011641466838445947	0.0	15.215215215215217
0.9988346887743822	0.0011653112256179929	0.0	15.315315315315317
0.9988335230692111	0.0011664769307889854	0.0	15.415415415415417
0.9988323561994884	0.0011676438005118082	0.0	15.515515515515517
0.9988311881640584	0.0011688118359417837	0.0	15.615615615615617
0.9988300189617648	0.001169981038235322	0.0	15.715715715715717
0.9988288485914503	0.00117115140854992	0.0	15.815815815815817
0.998827677051956	0.0011723229480441614	0.0	15.915915915915917
0.9988265043421225	0.001173495657877717	0.0	16.016016016016017
0.9988253304607888	0.0011746695392113448	0.0	16.116116116116117
0.9988241554067933	0.00117584459320689	0.0	16.216216216216218
0.9988229791789729	0.0011770208210272843	0.0	16.316316316316318
0.9988218017761636	0.0011781982238365468	0.0	16.416416416416418
0.9988206231972004	0.0011793768027997839	0.0	16.516516516516518
0.998819443440917	0.001180556559083188	0.0	16.616616616616618
0.9988182625061461	0.0011817374938540399	0.0	16.716716716716718
0.9988170803917195	0.0011829196082807063	0.0	16.816816816816818
0.9988158970964676	0.0011841029035326417	0.0	16.916916916916918
0.9988147126192198	0.0011852873807803872	0.0	17.017017017017018
0.9988135269588047	0.0011864730411955708	0.0	17.117117117117118
0.9988123401140493	0.0011876598859509079	0.0	17.217217217217218
0.99881115208378	0.0011888479162202009	0.0	17.31731731731732
0.9988099628668219	0.0011900371331783391	0.0	17.41741741741742
0.9988087724619649	0.0011912275380353218	0.0	17.51751751751752
0.9988075808677654	0.0011924191322347257	0.0	17.61761761761762
0.9988063880829817	0.00119361191701853	0.0	17.71771771771772
0.9988051941064254	0.0011948058935747565	0.0	17.81781781781782
0.9988039989369076	0.0011960010630925847	0.0	17.91791791791792
0.9988028025732378	0.0011971974267623521	0.0	18.01801801801802
0.9988016050142247	0.001198394985775554	0.0	18.11811811811812
0.9988004062586754	0.0011995937413248436	0.0	18.21821821821822
0.9987992063053962	0.0012007936946040318	0.0	18.31831831831832
0.9987980051531921	0.0012019948468080877	0.0	18.41841841841842
0.998796802800867	0.0012031971991331375	0.0	18.51851851851852
0.9987955992472237	0.0012044007527764664	0.0	18.61861861861862
0.9987943944910637	0.0012056055089365166	0.0	18.71871871871872
0.9987931885311873	0.0012068114688128886	0.0	18.81881881881882
0.9987919813663939	0.0012080186336063405	0.0	18.91891891891892
0.9987907729954814	0.0012092270045187883	0.0	19.01901901901902
0.9987895634172469	0.0012104365827533062	0.0	19.11911911911912
0.998788352630486	0.0012116473695141256	0.0	19.21921921921922
0.9987871406339935	0.0012128593660066366	0.0	19.31931931931932
0.9987859274265628	0.0012140725734373866	0.0	19.41941941941942
0.9987847130069861	0.0012152869930140808	0.0	19.51951951951952
0.9987834973740546	0.0012165026259455829	0.0	19.61961961961962
0.9987822805265583	0.0012177194734419134	0.0	19.71971971971972
0.9987810624632859	0.0012189375367142518	0.0	19.81981981981982
0.9987798431830253	0.001220156816974935	0.0	19.91991991991992
0.9987786226845627	0.0012213773154374575	0.0	20.02002002002002
0.9987774009666838	0.001222599033316472	0.0	20.12012012012012
0.9987761780281724	0.0012238219718277888	0.0	20.22022022022022
0.9987749538678118	0.0012250461321883766	0.0	20.32032032032032
0.9987737284843838	0.0012262715156163612	0.0	20.42042042042042
0.9987725018766692	0.0012274981233310269	0.0	20.52052052052052
0.9987712740434473	0.0012287259565528154	0.0	20.62062062062062
0.9987700449834969	0.0012299550165033267	0.0	20.72072072072072
0.9987688146955949	0.0012311853044053185	0.0	20.82082082082082
0.9987675831785174	0.0012324168214827061	0.0	20.92092092092092
0.9987663504310397	0.0012336495689605632	0.0	21.02102102102102
0.9987651164519351	0.0012348835480651208	0.0	21.12112112112112
0.9987638812399764	0.0012361187600237681	0.0	21.22122122122122
0.9987626447939352	0.0012373552060650523	0.0	21.32132132132132
0.9987614071125815	0.0012385928874186778	0.0	21.421421421421424
0.9987601681946847	0.0012398318053155077	0.0	21.521521521521525
0.9987589280390127	0.0012410719609875624	0.0	21.621621621621625
0.9987576866443322	0.0012423133556680203	0.0	21.721721721721725
0.998756444009409	0.001243555990591218	0.0	21.821821821821825
0.9987552001330076	0.0012447998669926493	0.0	21.921921921921925
0.9987539550138912	0.0012460449861089666	0.0	22.022022022022025
0.9987527086508222	0.0012472913491779795	0.0	22.122122122122125
0.9987514610425615	0.0012485389574386561	0.0	22.222222222222225
0.9987502121878691	0.001249787812131122	0.0	22.322322322322325
0.9987489620855036	0.0012510379144966602	0.0	22.422422422422425
0.9987477107342225	0.0012522892657777127	0.0	22.522522522522525
0.9987464581327823	0.0012535418672178786	0.0	22.622622622622625
0.9987452042799383	0.0012547957200619148	0.0	22.722722722722725
0.9987439491744444	0.0012560508255557365	0.0	22.822822822822825
0.9987426928150538	0.0012573071849464163	0.0	22.922922922922925
0.9987414352005181	0.0012585647994821853	0.0	23.023023023023026
0.9987401763295878	0.0012598236704124315	0.0	23.123123123123126
0.9987389162010125	0.0012610837989877018	0.0	23.223223223223226
0.9987376548135405	0.0012623451864597003	0.0	23.323323323323326
0.9987363921659189	0.0012636078340812894	0.0	23.423423423423426
0.9987351282568937	0.0012648717431064888	0.0	23.523523523523526
0.9987338630852097	0.0012661369147904766	0.0	23.623623623623626
0.9987325966496106	0.0012674033503895885	0.0	23.723723723723726
0.9987313289488389	0.001268671051161318	0.0	23.823823823823826
0.9987300599816359	0.001269940018364317	0.0	23.923923923923926
0.9987287897467418	0.0012712102532583943	0.0	24.024024024024026
0.9987275182428956	0.0012724817571045178	0.0	24.124124124124126
0.9987262454688354	0.001273754531164812	0.0	24.224224224224226
0.9987249714232976	0.0012750285767025602	0.0	24.324324324324326
0.998723696105018	0.001276303894982203	0.0	24.424424424424426
0.9987224195127309	0.0012775804872693392	0.0	24.524524524524526
0.9987211416451695	0.0012788583548307255	0.0	24.624624624624627
0.9987198625010659	0.001280137498934276	0.0	24.724724724724727
0.9987185820791511	0.0012814179208490634	0.0	24.824824824824827
0.9987173003781549	0.0012826996218453174	0.0	24.924924924924927
0.9987160173968058	0.0012839826031944264	0.0	25.025025025025027
0.9987147331338313	0.001285266866168936	0.0	25.125125125125127
0.9987134475879577	0.0012865524120425503	0.0	25.225225225225227
0.99871216075791	0.0012878392420901305	0.0	25.325325325325327
0.9987108726424125	0.0012891273575876964	0.0	25.425425425425427
0.9987095832401878	0.001290416759812425	0.0	25.525525525525527
0.9987082925499575	0.001291707450042652	0.0	25.625625625625627
0.9987070005704424	0.0012929994295578701	0.0	25.725725725725727
0.9987057073003615	0.0012942926996387303	0.0	25.825825825825827
0.9987044127384331	0.0012955872615670416	0.0	25.925925925925927
0.9987031168833744	0.0012968831166257704	0.0	26.026026026026027
0.9987018197339012	0.0012981802660990416	0.0	26.126126126126128
0.9987005212887281	0.0012994787112721373	0.0	26.226226226226228
0.9986992215465686	0.001300778453431498	0.0	26.326326326326328
0.9986979205061355	0.0013020794938647215	0.0	26.426426426426428
0.9986966181661396	0.001303381833860564	0.0	26.526526526526528
0.9986953145252913	0.0013046854747089396	0.0	26.626626626626628
0.9986940095822993	0.0013059904177009198	0.0	26.726726726726728
0.9986927033358715	0.001307296664128734	0.0	26.826826826826828
0.9986913957847144	0.0013086042152857702	0.0	26.926926926926928
0.9986900869275336	0.0013099130724665733	0.0	27.027027027027028
0.9986887767630334	0.0013112232369668466	0.0	27.127127127127128
0.9986874652899167	0.0013125347100834512	0.0	27.227227227227228
0.9986861525068857	0.001313847493114406	0.0	27.32732732732733
0.9986848384126413	0.001315161587358888	0.0	27.42742742742743
0.9986835230058829	0.0013164769941172315	0.0	27.52752752752753
0.9986822062853092	0.0013177937146909293	0.0	27.62762762762763
0.9986808882496175	0.0013191117503826317	0.0	27.72772772772773
0.9986795688975041	0.001320431102496147	0.0	27.82782782782783
0.9986782482276637	0.0013217517723364412	0.0	27.92792792792793
0.9986769262387906	0.0013230737612096384	0.0	28.02802802802803
0.9986756029295771	0.0013243970704230204	0.0	28.12812812812813
0.9986742782987151	0.0013257217012850272	0.0	28.22822822822823
0.998672952344895	0.0013270476551052559	0.0	28.32832832832833
0.9986716250668057	0.0013283749331944622	0.0	28.42842842842843
0.9986702964631357	0.0013297035368645595	0.0	28.52852852852853
0.9986689665325715	0.001331033467428619	0.0	28.62862862862863
0.9986676352737993	0.0013323647262008696	0.0	28.72872872872873
0.9986663026855035	0.0013336973144966982	0.0	28.82882882882883
0.9986649687663676	0.0013350312336326497	0.0	28.92892892892893
0.9986636335150738	0.0013363664849264266	0.0	29.02902902902903
0.9986622969303033	0.0013377030696968897	0.0	29.12912912912913
0.9986609590107361	0.001339040989264057	0.0	29.22922922922923
0.9986596197550511	0.0013403802449491052	0.0	29.32932932932933
0.9986582791619258	0.001341720838074368	0.0	29.42942942942943
0.9986569372300369	0.0013430627699633376	0.0	29.52952952952953
0.9986555939580596	0.0013444060419406636	0.0	29.62962962962963
0.9986542493446371	0.00134575065536306	0.0	29.72972972972973
0.9986529033881058	0.0013470966118944922	0.0	29.82982982982983
0.9986515560870358	0.0013484439129643308	0.0	29.929929929929934
0.998650207440087	0.0013497925599131803	0.0	30.030030030030034
0.9986488574459174	0.0013511425540828942	0.0	30.130130130130134
0.9986475061031836	0.0013524938968165758	0.0	30.230230230230234
0.9986461534105416	0.0013538465894585771	0.0	30.330330330330334
0.9986447993666457	0.0013552006333545	0.0	30.430430430430434
0.998643443970149	0.0013565560298511943	0.0	30.530530530530534
0.9986420872197035	0.0013579127802967605	0.0	30.630630630630634
0.9986407291139596	0.0013592708860405479	0.0	30.730730730730734
0.9986393696515671	0.0013606303484331543	0.0	30.830830830830834
0.9986380088311738	0.0013619911688264276	0.0	30.930930930930934
0.9986366466514267	0.0013633533485734642	0.0	31.031031031031034
0.9986352831109716	0.001364716889028611	0.0	31.131131131131134
0.9986339182084527	0.0013660817915474622	0.0	31.231231231231234
0.9986325519425133	0.001367448057486863	0.0	31.331331331331334
0.9986311843117953	0.001368815688204907	0.0	31.431431431431434
0.9986298153149392	0.0013701846850609366	0.0	31.531531531531535
0.9986284449505847	0.0013715550494155446	0.0	31.631631631631635
0.9986270732173697	0.0013729267826305721	0.0	31.731731731731735
0.9986257001139311	0.0013742998860691098	0.0	31.831831831831835
0.9986243256389047	0.0013756743610954976	0.0	31.931931931931935
0.9986229497909249	0.0013770502090753244	0.0	32.032032032032035
0.9986215725686248	0.0013784274313754286	0.0	32.132132132132135
0.9986201939706363	0.0013798060293638977	0.0	32.232232232232235
0.9986188139955902	0.0013811860044100684	0.0	32.332332332332335
0.9986174326421157	0.0013825673578845266	0.0	32.432432432432435
0.9986160499088411	0.001383950091159108	0.0	32.532532532532535
0.9986146657943933	0.0013853342056068963	0.0	32.632632632632635
0.9986132802973979	0.0013867197026022255	0.0	32.732732732732735
0.9986118934164795	0.0013881065835206787	0.0	32.832832832832835
0.9986105051502611	0.0013894948497390877	0.0	32.932932932932935
0.9986091154973646	0.0013908845026355339	0.0	33.033033033033036
0.9986077244564109	0.001392275543589348	0.0	33.133133133133136
0.9986063320260191	0.0013936679739811094	0.0	33.233233233233236
0.9986049382048076	0.0013950617951926478	0.0	33.333333333333336
0.9986035429913932	0.001396457008607041	0.0	33.433433433433436
0.9986021463843916	0.0013978536156086163	0.0	33.533533533533536
0.9986007483824173	0.0013992516175829507	0.0	33.633633633633636
0.9985993489840833	0.0014006510159168702	0.0	33.733733733733736
0.9985979481880017	0.0014020518119984497	0.0	33.833833833833836
0.9985965459927832	0.0014034540072170138	0.0	33.933933933933936
0.9985951423970371	0.0014048576029631358	0.0	34.034034034034036
0.9985937373993715	0.001406262600628639	0.0	34.134134134134136
0.9985923309983936	0.001407669001606595	0.0	34.234234234234236
0.9985909231927089	0.0014090768072913254	0.0	34.334334334334336
0.9985895139809218	0.0014104860190784004	0.0	34.434434434434436
0.9985881033616356	0.0014118966383646402	0.0	34.53453453453454
0.9985866913334521	0.0014133086665481134	0.0	34.63463463463464
0.9985852778949721	0.0014147221050281383	0.0	34.73473473473474
0.998583863044795	0.0014161369552052824	0.0	34.83483483483484
0.9985824467815189	0.0014175532184813621	0.0	34.93493493493494
0.9985810291037408	0.0014189708962594437	0.0	35.03503503503504
0.9985796100100564	0.001420389989943842	0.0	35.13513513513514
0.9985781894990601	0.0014218105009401213	0.0	35.23523523523524
0.9985767675693451	0.0014232324306550953	0.0	35.33533533533534
0.9985753442195033	0.0014246557804968266	0.0	35.43543543543544
0.9985739194481256	0.0014260805518746275	0.0	35.53553553553554
0.9985724932538012	0.0014275067461990592	0.0	35.63563563563564
0.9985710656351183	0.001428934364881932	0.0	35.73573573573574
0.9985696365906639	0.0014303634093363056	0.0	35.83583583583584
0.9985682061190237	0.0014317938809764888	0.0	35.93593593593594
0.9985667742187821	0.0014332257812180401	0.0	36.03603603603604
0.9985653408885224	0.0014346591114777667	0.0	36.13613613613614
0.9985639061268264	0.0014360938731737252	0.0	36.23623623623624
0.9985624699322749	0.0014375300677252213	0.0	36.33633633633634
0.9985610323034474	0.0014389676965528104	0.0	36.43643643643644
0.998559593238922	0.0014404067610782963	0.0	36.53653653653654
0.9985581527372754	0.001441847262724733	0.0	36.63663663663664
0.9985567107970837	0.001443289202916423	0.0	36.73673673673674
0.9985552674169212	0.001444732583078918	0.0	36.83683683683684
0.9985538225953612	0.0014461774046390197	0.0	36.93693693693694
0.9985523763309754	0.0014476236690247782	0.0	37.03703703703704
0.9985509286223347	0.0014490713776654932	0.0	37.13713713713714
0.9985494794680085	0.0014505205319917138	0.0	37.23723723723724
0.998548028866565	0.0014519711334352375	0.0	37.33733733733734
0.9985465768165711	0.0014534231834291123	0.0	37.43743743743744
0.9985451233165926	0.0014548766834076344	0.0	37.53753753753754
0.9985436683651938	0.0014563316348063496	0.0	37.63763763763764
0.9985422119609382	0.001457788039062053	0.0	37.73773773773774
0.9985407541023874	0.0014592458976127889	0.0	37.83783783783784
0.9985392947881023	0.0014607052118978505	0.0	37.93793793793794
0.9985378340166424	0.0014621659833577807	0.0	38.03803803803804
0.9985363717865658	0.0014636282134343711	0.0	38.13813813813814
0.9985349080964295	0.0014650919035706633	0.0	38.23823823823824
0.9985334429447893	0.0014665570552109474	0.0	38.33833833833834
0.9985319763301994	0.0014680236698007632	0.0	38.43843843843844
0.9985305082512133	0.0014694917487868993	0.0	38.53853853853854
0.9985290387063828	0.0014709612936173939	0.0	38.63863863863864
0.9985275676942587	0.001472432305741534	0.0	38.73873873873874
0.9985260952133903	0.0014739047866098563	0.0	38.83883883883884
0.9985246212623261	0.0014753787376741467	0.0	38.93893893893894
0.9985231458396128	0.0014768541603874398	0.0	39.03903903903904
0.9985216689437962	0.00147833105620402	0.0	39.13913913913914
0.9985201905734208	0.0014798094265794208	0.0	39.23923923923924
0.9985187107270298	0.0014812892729704247	0.0	39.33933933933934
0.9985172294031651	0.0014827705968350636	0.0	39.43943943943944
0.9985157466003676	0.0014842533996326185	0.0	39.53953953953954
0.9985142623171765	0.00148573768282362	0.0	39.63963963963964
0.9985127765521303	0.001487223447869847	0.0	39.73973973973974
0.9985112893037659	0.0014887106962343292	0.0	39.83983983983984
0.9985098005706189	0.0014901994293813438	0.0	39.93993993993994
0.9985083103512238	0.0014916896487764185	0.0	40.04004004004004
0.9985068186441138	0.0014931813558863294	0.0	40.14014014014014
0.9985053254478211	0.0014946745521791024	0.0	40.24024024024024
0.9985038307608762	0.0014961692391240126	0.0	40.34034034034034
0.9985023345818086	0.0014976654181915838	0.0	40.44044044044044
0.9985008369091466	0.0014991630908535894	0.0	40.54054054054054
0.9984993377414172	0.0015006622585830522	0.0	40.64064064064064
0.998497837077146	0.0015021629228542438	0.0	40.74074074074074
0.9984963349148576	0.0015036650851426854	0.0	40.84084084084084
0.998494831253075	0.001505168746925147	0.0	40.94094094094094
0.9984933260903206	0.0015066739096796485	0.0	41.04104104104104
0.9984918194251148	0.0015081805748854585	0.0	41.14114114114114
0.9984903112559771	0.0015096887440230946	0.0	41.24124124124124
0.9984888015814258	0.0015111984185743243	0.0	41.34134134134134
0.9984872903999781	0.001512709600022164	0.0	41.44144144144144
0.9984857777101493	0.0015142222898508794	0.0	41.54154154154154
0.9984842635104543	0.001515736489545985	0.0	41.64164164164164
0.9984827477994059	0.0015172522005942454	0.0	41.74174174174174
0.9984812305755165	0.0015187694244836734	0.0	41.84184184184184
0.9984797118372617	0.0015202881627384528	0.0	41.94194194194194
0.998478191582588	0.0015218084174121588	0.0	42.04204204204204
0.9984766698097921	0.0015233301902080898	0.0	42.14214214214214
0.9984751465173614	0.0015248534826388163	0.0	42.24224224224224
0.9984736217037818	0.001526378296218316	0.0	42.34234234234234
0.9984720953675382	0.0015279046324619735	0.0	42.44244244244244
0.9984705675071136	0.0015294324928865806	0.0	42.54254254254254
0.9984690381209899	0.0015309618790103363	0.0	42.64264264264264
0.9984675072076473	0.0015324927923528468	0.0	42.74274274274275
0.9984659747655651	0.0015340252344351252	0.0	42.84284284284285
0.9984644407932206	0.001535559206779592	0.0	42.94294294294295
0.9984629052890901	0.0015370947109100746	0.0	43.04304304304305
0.9984613682516484	0.0015386317483518078	0.0	43.14314314314315
0.9984598296793687	0.0015401703206314333	0.0	43.24324324324325
0.9984582895707232	0.0015417104292770002	0.0	43.34334334334335
0.9984567479241823	0.0015432520758179645	0.0	43.44344344344345
0.998455204738215	0.001544795261785189	0.0	43.54354354354355
0.9984536600112892	0.0015463399887109448	0.0	43.64364364364365
0.9984521137418713	0.001547886258128909	0.0	43.74374374374375
0.9984505659284261	0.001549434071574166	0.0	43.84384384384385
0.998449016569417	0.0015509834305832081	0.0	43.94394394394395
0.9984474656633062	0.0015525343366939337	0.0	44.04404404404405
0.9984459132085546	0.0015540867914456491	0.0	44.14414414414415
0.9984443592036212	0.0015556407963790676	0.0	44.24424424424425
0.9984428036469639	0.0015571963530363092	0.0	44.34434434434435
0.9984412465370393	0.0015587534629609013	0.0	44.44444444444445
0.9984396878723024	0.0015603121276977791	0.0	44.54454454454455
0.9984381276512069	0.0015618723487932837	0.0	44.64464464464465
0.9984365658722051	0.0015634341277951643	0.0	44.74474474474475
0.9984350025337476	0.0015649974662525767	0.0	44.84484484484485
0.9984334376342842	0.0015665623657160844	0.0	44.94494494494495
0.9984318711722625	0.0015681288277376573	0.0	45.04504504504505
0.9984303031461296	0.001569696853870673	0.0	45.14514514514515
0.9984287335543303	0.001571266445669916	0.0	45.24524524524525
0.9984271623953086	0.0015728376046915782	0.0	45.34534534534535
0.9984255896675069	0.001574410332493258	0.0	45.44544544544545
0.9984240153693662	0.0015759846306339616	0.0	45.54554554554555
0.9984224394993261	0.0015775605006741024	0.0	45.64564564564565
0.9984208620558247	0.0015791379441755004	0.0	45.74574574574575
0.9984192830372989	0.0015807169627013828	0.0	45.84584584584585
0.9984177024421839	0.0015822975578163843	0.0	45.94594594594595
0.9984161202689137	0.0015838797310865466	0.0	46.04604604604605
0.9984145365159209	0.0015854634840793186	0.0	46.14614614614615
0.9984129511816366	0.0015870488183635561	0.0	46.24624624624625
0.9984113642644907	0.0015886357355095221	0.0	46.34634634634635
0.9984097757629113	0.001590224237088887	0.0	46.44644644644645
0.9984081856753255	0.001591814324674728	0.0	46.54654654654655
0.9984065940001586	0.0015934059998415297	0.0	46.64664664664665
0.998405000735835	0.0015949992641651838	0.0	46.74674674674675
0.9984034058807773	0.0015965941192229887	0.0	46.84684684684685
0.9984018094334065	0.0015981905665936507	0.0	46.94694694694695
0.998400211392143	0.0015997886078572827	0.0	47.04704704704705
0.9983986117554048	0.001601388244595405	0.0	47.14714714714715
0.9983970105216092	0.0016029894783909447	0.0	47.24724724724725
0.998395407689172	0.0016045923108282364	0.0	47.34734734734735
0.9983938032565072	0.0016061967434930215	0.0	47.44744744744745
0.9983921972220278	0.001607802777972449	0.0	47.54754754754755
0.9983905895841452	0.0016094104158550747	0.0	47.64764764764765
0.9983889803412693	0.0016110196587308617	0.0	47.74774774774775
0.9983873694918091	0.0016126305081911798	0.0	47.84784784784785
0.9983857570341714	0.0016142429658288066	0.0	47.94794794794795
0.9983841429667623	0.0016158570332379266	0.0	48.04804804804805
0.998382527287986	0.0016174727120141308	0.0	48.14814814814815
0.9983809099962457	0.0016190900037544185	0.0	48.24824824824825
0.998379291089943	0.0016207089100571954	0.0	48.34834834834835
0.998377670567478	0.0016223294325222746	0.0	48.44844844844845
0.9983760484272494	0.0016239515727508756	0.0	48.54854854854855
0.9983744246676546	0.0016255753323456263	0.0	48.64864864864865
0.9983727992870897	0.0016272007129105608	0.0	48.74874874874875
0.9983711722839491	0.0016288277160511208	0.0	48.84884884884885
0.998369543656626	0.0016304563433741546	0.0	48.94894894894895
0.9983679134035123	0.0016320865964879186	0.0	49.04904904904905
0.9983662815229981	0.0016337184770020751	0.0	49.14914914914915
0.9983646480134725	0.0016353519865276946	0.0	49.24924924924925
0.998363012873323	0.0016369871266772543	0.0	49.34934934934935
0.9983613761009356	0.0016386238990646384	0.0	49.44944944944945
0.9983597376946951	0.0016402623053051383	0.0	49.54954954954955
0.9983580976529848	0.0016419023470154528	0.0	49.64964964964965
0.9983564559741865	0.0016435440258136878	0.0	49.74974974974975
0.9983548126566808	0.001645187343319356	0.0	49.84984984984985
0.9983531676988469	0.0016468323011533774	0.0	49.94994994994995
0.9983515210990621	0.0016484789009380794	0.0	50.050050050050054
0.998349872855703	0.001650127144297196	0.0	50.150150150150154
0.9983482229671443	0.0016517770328558692	0.0	50.250250250250254
0.9983465714317595	0.001653428568240647	0.0	50.350350350350354
0.9983449182479207	0.0016550817520794856	0.0	50.450450450450454
0.9983432634139985	0.0016567365860017476	0.0	50.550550550550554
0.998341606928362	0.001658393071638203	0.0	50.650650650650654
0.9983399487893792	0.001660051210621029	0.0	50.750750750750754
0.9983382889954164	0.00166171100458381	0.0	50.850850850850854
0.9983366275448387	0.0016633724551615374	0.0	50.950950950950954
0.9983349644360096	0.0016650355639906095	0.0	51.051051051051054
0.9983332996672913	0.0016667003327088324	0.0	51.151151151151154
0.9983316332370448	0.0016683667629554186	0.0	51.251251251251254
0.9983299651436293	0.0016700348563709884	0.0	51.351351351351354
0.9983282953854027	0.0016717046145975686	0.0	51.451451451451454
0.9983266239607216	0.0016733760392785937	0.0	51.551551551551555
0.9983249508679413	0.001675049132058905	0.0	51.651651651651655
0.9983232761054155	0.0016767238945847509	0.0	51.751751751751755
0.9983215996714964	0.0016784003285037871	0.0	51.851851851851855
0.9983199215645351	0.0016800784354650765	0.0	51.951951951951955
0.9983182417828811	0.0016817582171190892	0.0	52.052052052052055
0.9983165603248825	0.001683439675117702	0.0	52.152152152152155
0.998314877188886	0.0016851228111141993	0.0	52.252252252252255
0.9983131923732369	0.0016868076267632724	0.0	52.352352352352355
0.9983115058762791	0.0016884941237210196	0.0	52.452452452452455
0.9983098176963553	0.0016901823036449468	0.0	52.552552552552555
0.9983081278318062	0.0016918721681939669	0.0	52.652652652652655
0.9983064362809718	0.0016935637190283992	0.0	52.752752752752755
0.9983047430421902	0.0016952569578099713	0.0	52.852852852852855
0.9983030481137984	0.0016969518862018174	0.0	52.952952952952955
0.9983013514941317	0.0016986485058684785	0.0	53.053053053053056
0.9982996531815242	0.001700346818475903	0.0	53.153153153153156
0.9982979531743088	0.001702046825691447	0.0	53.253253253253256
0.9982962514708164	0.0017037485291838729	0.0	53.353353353353356
0.9982945480693769	0.0017054519306233507	0.0	53.453453453453456
0.9982928429683188	0.001707157031681457	0.0	53.553553553553556
0.998291136165969	0.0017088638340311767	0.0	53.653653653653656
0.9982894276606533	0.0017105723393469005	0.0	53.753753753753756
0.9982877174506958	0.001712282549304427	0.0	53.853853853853856
0.9982860055344193	0.0017139944655809615	0.0	53.953953953953956
0.9982842919101451	0.0017157080898551173	0.0	54.054054054054056
0.9982825769035829	0.0017174230964171532	0.0	54.154154154154156
0.9982808598444028	0.0017191401555972745	0.0	54.254254254254256
0.9982791410716971	0.0017208589283030076	0.0	54.354354354354356
0.9982774205837488	0.001722579416251299	0.0	54.454454454454456
0.9982756983788396	0.0017243016211605058	0.0	54.55455455455456
0.9982739744552497	0.0017260255447503969	0.0	54.65465465465466
0.998272248811258	0.0017277511887421545	0.0	54.75475475475476
0.9982705214451417	0.0017294785548583758	0.0	54.85485485485486
0.9982687923551771	0.0017312076448230739	0.0	54.95495495495496
0.9982670615396384	0.0017329384603616798	0.0	55.05505505505506
0.9982653289967991	0.0017346710032010437	0.0	55.15515515515516
0.9982635947249306	0.0017364052750694365	0.0	55.25525525525526
0.9982618587223036	0.0017381412776965512	0.0	55.35535535535536
0.9982601209871866	0.001739879012813504	0.0	55.45545545545546
0.9982583815178473	0.0017416184821528364	0.0	55.55555555555556
0.9982566403125516	0.0017433596874485168	0.0	55.65565565565566
0.9982548973695642	0.0017451026304359408	0.0	55.75575575575576
0.9982531526871482	0.0017468473128519335	0.0	55.85585585585586
0.9982514062635653	0.0017485937364347518	0.0	55.95595595595596
0.998249658097076	0.001750341902924084	0.0	56.05605605605606
0.998247908185939	0.0017520918140610522	0.0	56.15615615615616
0.9982461565284119	0.0017538434715882146	0.0	56.25625625625626
0.9982444031227505	0.0017555968772495652	0.0	56.35635635635636
0.9982426479672095	0.0017573520327905368	0.0	56.45645645645646
0.9982408910600421	0.0017591089399580015	0.0	56.55655655655656
0.9982391323994998	0.0017608676005002727	0.0	56.65665665665666
0.998237371983833	0.0017626280161671067	0.0	56.75675675675676
0.9982356098112904	0.001764390188709703	0.0	56.85685685685686
0.9982338458801194	0.0017661541198807074	0.0	56.95695695695696
0.9982320801885659	0.0017679198114342125	0.0	57.05705705705706
0.9982303127348744	0.001769687265125759	0.0	57.15715715715716
0.9982285435172877	0.0017714564827123378	0.0	57.25725725725726
0.9982267725340477	0.0017732274659523913	0.0	57.35735735735736
0.9982249997833943	0.0017750002166058141	0.0	57.45745745745746
0.9982232252635661	0.001776774736433956	0.0	57.55755755755756
0.9982214489728005	0.0017785510271996219	0.0	57.65765765765766
0.9982196709093331	0.0017803290906670739	0.0	57.75775775775776
0.998217891071398	0.001782108928602033	0.0	57.85785785785786
0.9982161094572284	0.0017838905427716807	0.0	57.95795795795796
0.9982143260650554	0.0017856739349446592	0.0	58.05805805805806
0.9982125408931091	0.001787459106891075	0.0	58.15815815815816
0.9982107539396176	0.0017892460603824974	0.0	58.25825825825826
0.9982089652028081	0.0017910347971919634	0.0	58.35835835835836
0.9982071746809061	0.0017928253190939768	0.0	58.45845845845846
0.9982053823721356	0.00179461762786451	0.0	58.55855855855856
0.9982035882747191	0.0017964117252810064	0.0	58.65865865865866
0.9982017923868777	0.0017982076131223806	0.0	58.75875875875876
0.9981999947068311	0.0018000052931690209	0.0	58.85885885885886
0.9981981952327973	0.0018018047672027904	0.0	58.95895895895896
0.9981963939629931	0.0018036060370070284	0.0	59.05905905905906
0.9981945908956336	0.0018054091043665519	0.0	59.15915915915916
0.9981927860289325	0.0018072139710676566	0.0	59.25925925925926
0.998190979361102	0.0018090206388981197	0.0	59.35935935935936
0.9981891708903529	0.0018108291096471997	0.0	59.45945945945946
0.9981873606148944	0.0018126393851056392	0.0	59.55955955955956
0.9981855485329344	0.0018144514670656656	0.0	59.65965965965966
0.9981837346426791	0.0018162653573209925	0.0	59.75975975975976
0.9981819189423333	0.001818081057666822	0.0	59.85985985985987
0.9981801014301003	0.0018198985698998453	0.0	59.95995995995997
0.9981782821041819	0.0018217178958182443	0.0	60.06006006006007
0.9981764609627785	0.0018235390372216935	0.0	60.16016016016017
0.9981746380040888	0.0018253619959113611	0.0	60.26026026026027
0.9981728132263102	0.0018271867736899107	0.0	60.36036036036037
0.9981709866276386	0.0018290133723615023	0.0	60.46046046046047
0.9981691582062683	0.0018308417937317944	0.0	60.56056056056057
0.9981673279603922	0.0018326720396079452	0.0	60.66066066066067
0.9981654958882015	0.0018345041117986134	0.0	60.76076076076077
0.9981636619878862	0.001836338012113961	0.0	60.86086086086087
0.9981618262576345	0.0018381737423656533	0.0	60.96096096096097
0.9981599886956333	0.0018400113043668623	0.0	61.06106106106107
0.9981581493000679	0.0018418506999322657	0.0	61.16116116116117
0.998156308069122	0.0018436919308780502	0.0	61.26126126126127
0.9981544650009782	0.001845534999021912	0.0	61.36136136136137
0.998152620093817	0.0018473799061830597	0.0	61.46146146146147
0.9981507733458179	0.0018492266541822134	0.0	61.56156156156157
0.9981489247551585	0.0018510752448416083	0.0	61.66166166166167
0.9981470743200151	0.001852925679984995	0.0	61.76176176176177
0.9981452220385625	0.0018547779614376415	0.0	61.86186186186187
0.9981433679089737	0.001856632091026334	0.0	61.96196196196197
0.9981415119294207	0.0018584880705793797	0.0	62.06206206206207
0.9981396540980735	0.0018603459019266065	0.0	62.16216216216217
0.9981377944131007	0.0018622055868993662	0.0	62.26226226226227
0.9981359328726696	0.0018640671273305342	0.0	62.36236236236237
0.9981340694749457	0.0018659305250545127	0.0	62.46246246246247
0.9981322042180929	0.0018677957819072306	0.0	62.56256256256257
0.998130337100274	0.0018696628997261465	0.0	62.66266266266267
0.9981284681196498	0.0018715318803502487	0.0	62.76276276276277
0.99812659727438	0.0018734027256200579	0.0	62.86286286286287
0.9981247245626225	0.0018752754373776274	0.0	62.96296296296297
0.9981228499825335	0.001877150017466546	0.0	63.06306306306307
0.9981209735322681	0.0018790264677319383	0.0	63.16316316316317
0.9981190952099797	0.0018809047900204667	0.0	63.26326326326327
0.9981172150138198	0.0018827849861803327	0.0	63.36336336336337
0.9981153329419389	0.0018846670580612785	0.0	63.46346346346347
0.9981134489924856	0.0018865510075145881	0.0	63.56356356356357
0.998111563163607	0.0018884368363930894	0.0	63.66366366366367
0.998109675453449	0.0018903245465511553	0.0	63.76376376376377
0.9981077858601554	0.001892214139844705	0.0	63.86386386386387
0.9981058943818689	0.0018941056181312056	0.0	63.96396396396397
0.9981040010167305	0.0018959989832696734	0.0	64.06406406406407
0.9981021057628794	0.0018978942371206762	0.0	64.16416416416416
0.9981002086184537	0.0018997913815463337	0.0	64.26426426426427
0.9980983095815897	0.001901690418410319	0.0	64.36436436436436
0.9980964086504223	0.0019035913495778613	0.0	64.46446446446447
0.9980945058230843	0.0019054941769157457	0.0	64.56456456456456
0.9980926010977078	0.0019073989022923162	0.0	64.66466466466467
0.9980906944724226	0.0019093055275774757	0.0	64.76476476476476
0.9980887859453574	0.0019112140546426889	0.0	64.86486486486487
0.9980868755146391	0.0019131244853609825	0.0	64.96496496496496
0.9980849631783931	0.0019150368216069476	0.0	65.06506506506507
0.9980830489347434	0.0019169510652567402	0.0	65.16516516516516
0.998081132781812	0.0019188672181880845	0.0	65.26526526526527
0.9980792147177199	0.0019207852822802714	0.0	65.36536536536536
0.9980772947405859	0.0019227052594141631	0.0	65.46546546546547
0.9980753728485279	0.0019246271514721924	0.0	65.56556556556556
0.9980734490396618	0.0019265509603383654	0.0	65.66566566566567
0.9980715233121018	0.0019284766878982617	0.0	65.76576576576576
0.998069595663961	0.0019304043360390375	0.0	65.86586586586587
0.9980676660933507	0.0019323339066494255	0.0	65.96596596596596
0.9980657345983803	0.0019342654016197378	0.0	66.06606606606607
0.9980638011771582	0.0019361988228418655	0.0	66.16616616616616
0.9980618658277908	0.0019381341722092826	0.0	66.26626626626627
0.9980599285483666	0.0019400714516334767	0.0	66.36636636636636
0.9980579893361415	0.00194201066385853	0.0	66.46646646646647
0.9980560481887233	0.0019439518112767352	0.0	66.56656656656656
0.9980541051041881	0.0019458948958119145	0.0	66.66666666666667
0.9980521600806104	0.0019478399193896675	0.0	66.76676676676676
0.9980502131160627	0.0019497868839373751	0.0	66.86686686686687
0.9980482642086159	0.0019517357913842004	0.0	66.96696696696696
0.998046313356339	0.001953686643661092	0.0	67.06706706706707
0.9980443605572993	0.0019556394427007835	0.0	67.16716716716716
0.9980424058095623	0.0019575941904378005	0.0	67.26726726726727
0.9980404491111916	0.001959550888808457	0.0	67.36736736736736
0.9980384904602492	0.0019615095397508605	0.0	67.46746746746747
0.9980365298547952	0.0019634701452049146	0.0	67.56756756756756
0.9980345672928878	0.0019654327071123192	0.0	67.66766766766767
0.9980326027725835	0.0019673972274165735	0.0	67.76776776776777
0.9980306362919371	0.0019693637080629794	0.0	67.86786786786787
0.9980286678490015	0.0019713321509986395	0.0	67.96796796796797
0.9980266974418276	0.001973302558172465	0.0	68.06806806806807
0.998024725068465	0.001975274931535172	0.0	68.16816816816817
0.9980227507269608	0.0019772492730392877	0.0	68.26826826826827
0.998020774415361	0.0019792255846391516	0.0	68.36836836836838
0.9980187961317092	0.001981203868290915	0.0	68.46846846846847
0.9980168158740476	0.0019831841259525464	0.0	68.56856856856858
0.9980148336404162	0.001985166359583832	0.0	68.66866866866867
0.9980128494288537	0.0019871505711463785	0.0	68.76876876876878
0.9980108632373964	0.001989136762603613	0.0	68.86886886886887
0.9980088750640793	0.001991124935920789	0.0	68.96896896896898
0.9980068849069351	0.0019931150930649847	0.0	69.06906906906907
0.998004892763995	0.0019951072360051073	0.0	69.16916916916918
0.9980028986332882	0.001997101366711893	0.0	69.26926926926927
0.9980009025128421	0.0019990974871579126	0.0	69.36936936936938
0.9979989044006825	0.00200109559931757	0.0	69.46946946946947
0.997996904294833	0.002003095705167106	0.0	69.56956956956958
0.9979949021933154	0.0020050978066845997	0.0	69.66966966966967
0.9979928980941501	0.0020071019058499717	0.0	69.76976976976978
0.9979908919953551	0.002009108004644985	0.0	69.86986986986987
0.9979888838949468	0.0020111161050532468	0.0	69.96996996996998
0.9979868737909399	0.0020131262090602123	0.0	70.07007007007007
0.9979848616813469	0.002015138318653186	0.0	70.17017017017018
0.9979828475641788	0.002017152435821322	0.0	70.27027027027027
0.9979808314374444	0.0020191685625556284	0.0	70.37037037037038
0.9979788132991511	0.0020211867008489686	0.0	70.47047047047047
0.997976793147304	0.002023206852696064	0.0	70.57057057057058
0.9979747709799066	0.002025229020093493	0.0	70.67067067067067
0.9979727467949604	0.002027253205039699	0.0	70.77077077077078
0.9979707205904651	0.002029279409534985	0.0	70.87087087087087
0.9979686923644185	0.0020313076355815236	0.0	70.97097097097098
0.9979666621148168	0.0020333378851833516	0.0	71.07107107107107
0.9979646298396537	0.002035370160346378	0.0	71.17117117117118
0.9979625955369217	0.0020374044630783817	0.0	71.27127127127127
0.997960559204611	0.0020394407953890172	0.0	71.37137137137138
0.9979585208407102	0.002041479159289814	0.0	71.47147147147147
0.9979564804432058	0.00204351955679418	0.0	71.57157157157158
0.9979544380100827	0.002045561989917403	0.0	71.67167167167167
0.9979523935393234	0.002047606460676653	0.0	71.77177177177178
0.9979503470289091	0.0020496529710909844	0.0	71.87187187187187
0.9979482984768188	0.0020517015231813376	0.0	71.97197197197198
0.9979462478810295	0.002053752118970542	0.0	72.07207207207207
0.9979441952395167	0.0020558047604833174	0.0	72.17217217217218
0.9979421405502538	0.0020578594497462754	0.0	72.27227227227228
0.9979400838112121	0.002059916188787923	0.0	72.37237237237238
0.9979380250203614	0.0020619749796386634	0.0	72.47247247247248
0.9979359641756693	0.002064035824330799	0.0	72.57257257257258
0.9979339012751015	0.002066098724898533	0.0	72.67267267267268
0.9979318363166221	0.002068163683377971	0.0	72.77277277277278
0.997929769298193	0.002070230701807124	0.0	72.87287287287288
0.9979277002177742	0.0020722997822259105	0.0	72.97297297297298
0.9979256290733239	0.002074370926676157	0.0	73.07307307307308
0.9979235558627985	0.0020764441372016023	0.0	73.17317317317318
0.9979214805841522	0.002078519415847898	0.0	73.27327327327328
0.9979194032353375	0.0020805967646626107	0.0	73.37337337337338
0.9979173238143049	0.002082676185695225	0.0	73.47347347347348
0.997915242319003	0.002084757680997146	0.0	73.57357357357358
0.9979131587473784	0.0020868412526216973	0.0	73.67367367367368
0.9979110730973759	0.002088926902624129	0.0	73.77377377377378
0.9979089853669385	0.002091014633061616	0.0	73.87387387387388
0.9979068955540068	0.002093104445993261	0.0	73.97397397397398
0.99790480365652	0.0020951963434800965	0.0	74.07407407407408
0.997902709672415	0.0020972903275850866	0.0	74.17417417417418
0.9979006135996269	0.00209938640037313	0.0	74.27427427427428
0.997898515436089	0.0021014845639110618	0.0	74.37437437437438
0.9978964151797324	0.002103584820267654	0.0	74.47447447447448
0.9978943128284865	0.00210568717151362	0.0	74.57457457457458
0.9978922083802785	0.0021077916197216142	0.0	74.67467467467468
0.9978901018330338	0.0021098981669662375	0.0	74.77477477477478
0.997887993184676	0.0021120068153240353	0.0	74.87487487487488
0.9978858824331266	0.002114117566873502	0.0	74.97497497497498
0.997883769576305	0.0021162304236950836	0.0	75.07507507507508
0.9978816546121289	0.0021183453878711772	0.0	75.17517517517518
0.997879537538514	0.002120462461486136	0.0	75.27527527527528
0.9978774183533738	0.0021225816466262687	0.0	75.37537537537538
0.9978752970546202	0.002124702945379844	0.0	75.47547547547548
0.997873173640163	0.002126826359837091	0.0	75.57557557557558
0.9978710481079098	0.0021289518920902025	0.0	75.67567567567568
0.9978689204557667	0.002131079544233336	0.0	75.77577577577578
0.9978667906816374	0.0021332093183626154	0.0	75.87587587587588
0.9978646587834239	0.002135341216576135	0.0	75.97597597597598
0.9978625247590261	0.0021374752409739593	0.0	76.07607607607608
0.997860388606342	0.002139611393658128	0.0	76.17617617617618
0.9978582503232675	0.002141749676732654	0.0	76.27627627627628
0.9978561099076966	0.00214389009230353	0.0	76.37637637637638
0.9978539673575213	0.002146032642478726	0.0	76.47647647647648
0.9978518226706319	0.002148177329368196	0.0	76.57657657657658
0.9978496758449162	0.002150324155083876	0.0	76.67667667667668
0.9978475268782604	0.002152473121739689	0.0	76.77677677677679
0.9978453757685485	0.0021546242314515445	0.0	76.87687687687688
0.9978432225136628	0.0021567774863373436	0.0	76.97697697697699
0.9978410671114831	0.0021589328885169784	0.0	77.07707707707708
0.9978389095598877	0.002161090440112336	0.0	77.17717717717719
0.9978367498567527	0.0021632501432472984	0.0	77.27727727727728
0.9978345879999523	0.002165412000047747	0.0	77.37737737737739
0.9978324239873585	0.002167576012641563	0.0	77.47747747747748
0.9978302578168414	0.002169742183158631	0.0	77.57757757757759
0.9978280894862692	0.0021719105137308382	0.0	77.67767767767768
0.997825918993508	0.0021740810064920803	0.0	77.77777777777779
0.9978237463364218	0.00217625366357826	0.0	77.87787787787788
0.9978215715128728	0.002178428487127292	0.0	77.97797797797799
0.997819394520721	0.0021806054792791033	0.0	78.07807807807808
0.9978172153578244	0.0021827846421756357	0.0	78.17817817817819
0.9978150340220392	0.002184965977960848	0.0	78.27827827827828
0.9978128505112194	0.0021871494887807175	0.0	78.37837837837839
0.9978106648232168	0.0021893351767832436	0.0	78.47847847847848
0.9978084769558816	0.0021915230441184484	0.0	78.57857857857859
0.9978062869070617	0.0021937130929383787	0.0	78.67867867867868
0.997804094674603	0.0021959053253971096	0.0	78.77877877877879
0.9978019002563493	0.002198099743650744	0.0	78.87887887887888
0.9977997036501427	0.0022002963498574182	0.0	78.97897897897899
0.9977975048538228	0.0022024951461773004	0.0	79.07907907907908
0.9977953038652275	0.0022046961347725953	0.0	79.17917917917919
0.9977931006821925	0.002206899317807545	0.0	79.27927927927928
0.9977908953025516	0.0022091046974484314	0.0	79.37937937937939
0.9977886877241365	0.002211312275863578	0.0	79.47947947947948
0.9977864779447767	0.0022135220552233523	0.0	79.57957957957959
0.9977842659622999	0.0022157340377001677	0.0	79.67967967967968
0.9977820517745316	0.002217948225468486	0.0	79.77977977977979
0.9977798353792953	0.002220164620704818	0.0	79.87987987987988
0.9977776167744123	0.0022223832255877287	0.0	79.97997997997999
0.9977753959577023	0.0022246040422978348	0.0	80.08008008008008
0.9977731729269823	0.002226827073017811	0.0	80.18018018018019
0.9977709476800677	0.0022290523199323905	0.0	80.28028028028028
0.9977687202147717	0.0022312797852283663	0.0	80.38038038038039
0.9977664905289055	0.0022335094710945933	0.0	80.48048048048048
0.9977642586202781	0.002235741379721993	0.0	80.58058058058059
0.9977620244866965	0.0022379755133035513	0.0	80.68068068068068
0.9977597881259658	0.0022402118740343247	0.0	80.78078078078079
0.9977575495358887	0.002242450464111439	0.0	80.88088088088088
0.997755308714266	0.002244691285734095	0.0	80.98098098098099
0.9977530656588965	0.0022469343411035654	0.0	81.08108108108108
0.9977508203675769	0.002249179632423203	0.0	81.18118118118119
0.9977485728381016	0.0022514271618984372	0.0	81.28128128128128
0.9977463230682633	0.0022536769317367815	0.0	81.38138138138139
0.9977440710558523	0.0022559289441478293	0.0	81.48148148148148
0.9977418167986568	0.002258183201343262	0.0	81.58158158158159
0.9977395602944632	0.0022604397055368468	0.0	81.68168168168168
0.9977373015410557	0.002262698458944441	0.0	81.78178178178179
0.9977350405362161	0.002264959463783994	0.0	81.88188188188188
0.9977327772777246	0.002267222722275548	0.0	81.98198198198199
0.9977305117633588	0.0022694882366412405	0.0	82.08208208208208
0.9977282439908948	0.0022717560091053087	0.0	82.18218218218219
0.997725973958106	0.0022740260418940873	0.0	82.28228228228228
0.997723701662764	0.0022762983372360147	0.0	82.38238238238239
0.9977214271026384	0.0022785728973616325	0.0	82.48248248248248
0.9977191502754965	0.002280849724503588	0.0	82.58258258258259
0.9977168711791035	0.0022831288208966373	0.0	82.68268268268268
0.9977145898112224	0.002285410188777647	0.0	82.78278278278279
0.9977123061696145	0.002287693830385595	0.0	82.88288288288288
0.9977100202520385	0.0022899797479615743	0.0	82.98298298298299
0.9977077320562513	0.0022922679437487937	0.0	83.08308308308308
0.9977054415800075	0.0022945584199925814	0.0	83.18318318318319
0.9977031488210597	0.0022968511789403854	0.0	83.28328328328328
0.9977008537771583	0.0022991462228417773	0.0	83.38338338338339
0.9976985564460517	0.0023014435539484516	0.0	83.48348348348348
0.9976962568254858	0.002303743174514232	0.0	83.58358358358359
0.997693954913205	0.0023060450867950686	0.0	83.68368368368368
0.997691650706951	0.0023083492930490446	0.0	83.78378378378379
0.9976893442044636	0.0023106557955363746	0.0	83.88388388388388
0.9976870354034807	0.0023129645965194096	0.0	83.98398398398399
0.9976847243017375	0.0023152756982626364	0.0	84.08408408408408
0.9976824108969674	0.0023175891030326828	0.0	84.18418418418419
0.9976800951869017	0.002319904813098316	0.0	84.28428428428428
0.9976777771692696	0.0023222228307304476	0.0	84.38438438438439
0.9976754568417979	0.0023245431582021346	0.0	84.48448448448448
0.9976731342022115	0.0023268657977885817	0.0	84.58458458458459
0.9976708092482329	0.002329190751767142	0.0	84.68468468468468
0.9976684819775827	0.0023315180224173226	0.0	84.78478478478479
0.9976661523879793	0.0023338476120207817	0.0	84.88488488488488
0.9976638204771388	0.0023361795228613357	0.0	84.98498498498499
0.9976614862427751	0.0023385137572249563	0.0	85.08508508508508
0.9976591496826003	0.002340850317399778	0.0	85.18518518518519
0.997656810794324	0.0023431892056760954	0.0	85.28528528528528
0.9976544695756537	0.0023455304243463677	0.0	85.38538538538539
0.9976521260242949	0.0023478739757052205	0.0	85.4854854854855
0.9976497801379506	0.002350219862049447	0.0	85.58558558558559
0.997647431914322	0.002352568085678012	0.0	85.6856856856857
0.9976450813511081	0.0023549186488920513	0.0	85.78578578578579
0.9976427284460052	0.0023572715539948766	0.0	85.8858858858859
0.9976403731967081	0.0023596268032919743	0.0	85.98598598598599
0.997638015600909	0.0023619843990910112	0.0	86.0860860860861
0.9976356556562982	0.0023643443437018335	0.0	86.18618618618619
0.9976332933605636	0.0023667066394364718	0.0	86.2862862862863
0.9976309287113909	0.0023690712886091387	0.0	86.38638638638639
0.9976285617064639	0.0023714382935362374	0.0	86.4864864864865
0.9976261923434637	0.002373807656536357	0.0	86.58658658658659
0.9976238206200698	0.002376179379930279	0.0	86.6866866866867
0.9976214465339591	0.002378553466040978	0.0	86.78678678678679
0.9976190700828065	0.002380929917193624	0.0	86.8868868868869
0.9976166912642427	0.0023833087357573693	0.0	86.98698698698699
0.997614310075192	0.0023856899248081405	0.0	87.0870870870871
0.9976119265130325	0.0023880734869675246	0.0	87.18718718718719
0.9976095405754115	0.002390459424588527	0.0	87.2872872872873
0.9976071522599735	0.0023928477400265093	0.0	87.38738738738739
0.9976047615643608	0.002395238435639192	0.0	87.4874874874875
0.9976023684862134	0.002397631513786655	0.0	87.58758758758759
0.9975999730231687	0.0024000269768313437	0.0	87.6876876876877
0.997597575172862	0.002402424827138068	0.0	87.78778778778779
0.997595174932926	0.002404825067074007	0.0	87.8878878878879
0.9975927723009914	0.0024072276990087117	0.0	87.98798798798799
0.997590367274686	0.0024096327253141057	0.0	88.0880880880881
0.9975879598516356	0.002412040148364489	0.0	88.18818818818819
0.9975855500294636	0.0024144499705365413	0.0	88.2882882882883
0.9975831378057908	0.0024168621942093223	0.0	88.38838838838839
0.9975807231782358	0.002419276821764278	0.0	88.4884884884885
0.9975783061444149	0.002421693855585238	0.0	88.58858858858859
0.9975758867019416	0.002424113298058423	0.0	88.6886886886887
0.9975734648484277	0.0024265351515724448	0.0	88.78878878878879
0.9975710405814817	0.00242895941851831	0.0	88.8888888888889
0.9975686138987107	0.0024313861012894194	0.0	88.988988988989
0.9975661847977185	0.002433815202281577	0.0	89.0890890890891
0.9975637532761071	0.0024362467238929855	0.0	89.1891891891892
0.9975613193314758	0.0024386806685242537	0.0	89.2892892892893
0.9975588829614217	0.0024411170385783957	0.0	89.3893893893894
0.9975564441635393	0.0024435558364608377	0.0	89.4894894894895
0.9975540029354206	0.0024459970645794157	0.0	89.5895895895896
0.9975515592746557	0.0024484407253443814	0.0	89.6896896896897
0.9975491131788317	0.0024508868211684026	0.0	89.7897897897898
0.9975466646455335	0.002453335354466569	0.0	89.8898898898899
0.9975442136723437	0.00245578632765639	0.0	89.98998998999
0.9975417602568423	0.0024582397431578023	0.0	90.0900900900901
0.9975393043966069	0.0024606956033931676	0.0	90.1901901901902
0.9975368460892128	0.00246315391078728	0.0	90.2902902902903
0.9975343853322327	0.0024656146677673636	0.0	90.3903903903904
0.997531922123237	0.00246807787676308	0.0	90.4904904904905
0.9975294564597935	0.0024705435402065266	0.0	90.5905905905906
0.9975269883394678	0.0024730116605322424	0.0	90.6906906906907
0.9975245177598229	0.002475482240177208	0.0	90.7907907907908
0.9975220447184192	0.0024779552815808502	0.0	90.8908908908909
0.997519569212815	0.0024804307871850425	0.0	90.990990990991
0.997517091240566	0.00248290875943411	0.0	91.0910910910911
0.9975146107992252	0.0024853892007748305	0.0	91.1911911911912
0.9975121278863437	0.002487872113656437	0.0	91.2912912912913
0.9975096424994695	0.0024903575005306208	0.0	91.3913913913914
0.9975071546361486	0.0024928453638515336	0.0	91.4914914914915
0.9975046642939243	0.0024953357060757903	0.0	91.5915915915916
0.9975021714703376	0.0024978285296624724	0.0	91.6916916916917
0.9974996761629269	0.0025003238370731283	0.0	91.7917917917918
0.9974971783692284	0.0025028216307717783	0.0	91.8918918918919
0.9974946780867752	0.002505321913224916	0.0	91.991991991992
0.9974921753130985	0.0025078246869015106	0.0	92.0920920920921
0.9974896700457271	0.00251032995427301	0.0	92.1921921921922
0.9974871622821867	0.0025128377178133435	0.0	92.2922922922923
0.9974846520200011	0.002515347979998923	0.0	92.3923923923924
0.9974821392566914	0.0025178607433086484	0.0	92.4924924924925
0.9974796239897762	0.0025203760102239067	0.0	92.5925925925926
0.9974771062167715	0.002522893783228577	0.0	92.6926926926927
0.997474585935191	0.002525414064809032	0.0	92.7927927927928
0.9974720631425459	0.0025279368574541413	0.0	92.8928928928929
0.9974695378363448	0.002530462163655272	0.0	92.992992992993
0.9974670100140938	0.0025329899859062952	0.0	93.0930930930931
0.9974644796732965	0.0025355203267035838	0.0	93.1931931931932
0.9974619468114541	0.002538053188546019	0.0	93.2932932932933
0.9974594114260651	0.0025405885739349897	0.0	93.3933933933934
0.9974568735146256	0.002543126485374398	0.0	93.4934934934935
0.9974543330746294	0.002545666925370659	0.0	93.5935935935936
0.9974517901035673	0.002548209896432706	0.0	93.6936936936937
0.9974492445989281	0.0025507554010719908	0.0	93.7937937937938
0.9974466965581976	0.0025533034418024876	0.0	93.8938938938939
0.9974441459788593	0.0025558540211406944	0.0	93.993993993994
0.9974415928583944	0.0025584071416056378	0.0	94.0940940940941
0.9974390371942812	0.0025609628057188722	0.0	94.1941941941942
0.9974364789839956	0.0025635210160044855	0.0	94.2942942942943
0.9974339182250109	0.0025660817749891002	0.0	94.3943943943944
0.9974313549147982	0.0025686450852018764	0.0	94.4944944944945
0.9974287890508255	0.002571210949174512	0.0	94.5945945945946
0.9974262206305589	0.002573779369441251	0.0	94.6946946946947
0.9974236496514612	0.002576350348538878	0.0	94.7947947947948
0.9974210761109934	0.00257892388900673	0.0	94.8948948948949
0.9974185000066134	0.0025814999933866894	0.0	94.994994994995
0.9974159213357768	0.0025840786642231947	0.0	95.0950950950951
0.9974133400959369	0.0025866599040632377	0.0	95.1951951951952
0.9974107562845437	0.0025892437154563692	0.0	95.2952952952953
0.9974081698990453	0.0025918301009546993	0.0	95.3953953953954
0.9974055809368871	0.0025944190631129018	0.0	95.4954954954955
0.9974029893955119	0.0025970106044882145	0.0	95.5955955955956
0.9974003952723597	0.002599604727640446	0.0	95.6956956956957
0.9973977985648681	0.0026022014351319714	0.0	95.7957957957958
0.9973951992704724	0.0026048007295277438	0.0	95.8958958958959
0.9973925973866048	0.002607402613395287	0.0	95.995995995996
0.9973899929106954	0.002610007089304707	0.0	96.0960960960961
0.9973873858401714	0.0026126141598286877	0.0	96.1961961961962
0.9973847761724576	0.002615223827542499	0.0	96.2962962962963
0.9973821639049761	0.002617836095023994	0.0	96.3963963963964
0.9973795490351465	0.002620450964853616	0.0	96.4964964964965
0.9973769315603856	0.0026230684396143984	0.0	96.5965965965966
0.9973743114781081	0.0026256885218919695	0.0	96.6966966966967
0.9973716887857256	0.0026283112142745516	0.0	96.7967967967968
0.9973690634806471	0.0026309365193529677	0.0	96.8968968968969
0.9973664355602795	0.0026335644397206407	0.0	96.996996996997
0.9973638050220265	0.0026361949779735976	0.0	97.0970970970971
0.9973611718632897	0.002638828136710472	0.0	97.1971971971972
0.9973585360814675	0.0026414639185325067	0.0	97.2972972972973
0.9973558976739565	0.0026441023260435547	0.0	97.3973973973974
0.99735325663815	0.0026467433618500846	0.0	97.4974974974975
0.9973506129714389	0.0026493870285611795	0.0	97.5975975975976
0.9973479666712115	0.0026520333287885444	0.0	97.6976976976977
0.9973453177348536	0.002654682265146503	0.0	97.7977977977978
0.9973426661597481	0.0026573338402520056	0.0	97.8978978978979
0.9973400119432755	0.002659988056724628	0.0	97.997997997998
0.9973373550828135	0.002662644917186576	0.0	98.0980980980981
0.9973346955757374	0.0026653044242626856	0.0	98.1981981981982
0.9973320334194197	0.0026679665805804304	0.0	98.2982982982983
0.9973293686112301	0.0026706313887699183	0.0	98.3983983983984
0.9973267011485362	0.002673298851463898	0.0	98.4984984984985
0.9973240310287024	0.002675968971297759	0.0	98.5985985985986
0.9973213582490905	0.002678641750909538	0.0	98.6986986986987
0.9973186828070602	0.0026813171929399157	0.0	98.7987987987988
0.9973160046999678	0.0026839953000322263	0.0	98.8988988988989
0.9973133239251676	0.002686676074832452	0.0	98.998998998999
0.9973106404800108	0.002689359519989234	0.0	99.0990990990991
0.9973079543618462	0.0026920456381538684	0.0	99.1991991991992
0.9973052655680198	0.0026947344319803125	0.0	99.2992992992993
0.9973025740958749	0.002697425904125185	0.0	99.3993993993994
0.9972998799427523	0.002700120057247771	0.0	99.4994994994995
0.99729718310599	0.0027028168940100225	0.0	99.5995995995996
0.9972944835829235	0.0027055164170765623	0.0	99.6996996996997
0.9972917813708854	0.0027082186291146853	0.0	99.7997997997998
0.9972890764672058	0.0027109235327943625	0.0	99.8998998998999
0.9972863688692118	0.0027136311307882416	0.0	100.0
