0.999	0.001	0.0	0.0
0.9988948216097703	0.0011051783902296984	0.0	0.1001001001001001
0.9987786161516004	0.001221383848399594	0.0	0.2002002002002002
0.9986501976096742	0.0013498023903257314	0.0	0.3003003003003003
0.9985082948776371	0.0014917051223627905	0.0	0.4004004004004004
0.9983514990933622	0.001648500906637861	0.0	0.5005005005005005
0.9981782586252689	0.0018217413747312154	0.0	0.6006006006006006
0.9979868506968919	0.0020131493031081004	0.0	0.7007007007007008
0.9977753763935379	0.0022246236064621676	0.0	0.8008008008008008
0.9975417375788075	0.0024582624211924547	0.0	0.9009009009009009
0.9972836289960123	0.002716371003987681	0.0	1.001001001001001
0.9969985016595615	0.003001498340438501	0.0	1.1011011011011012
0.9966835433727154	0.003316456627284597	0.0	1.2012012012012012
0.9963356584832249	0.003664341516775133	0.0	1.3013013013013013
0.9959514278541126	0.00404857214588734	0.0	1.4014014014014016
0.9955270969920412	0.004472903007958799	0.0	1.5015015015015016
0.9950585146601773	0.0049414853398227765	0.0	1.6016016016016017
0.9945411070217142	0.005458892978285928	0.0	1.7017017017017018
0.9939698498240357	0.0060301501759644285	0.0	1.8018018018018018
0.993339213093449	0.00666078690655118	0.0	1.9019019019019021
0.9926431109714855	0.007356889028514699	0.0	2.002002002002002
0.9918748585809276	0.008125141419072583	0.0	2.1021021021021022
0.9910271043309029	0.008972895669097267	0.0	2.2022022022022023
0.9900917828335363	0.009908217166463873	0.0	2.3023023023023024
0.9890600395351274	0.010939960464872707	0.0	2.4024024024024024
0.9879221724939481	0.012077827506052092	0.0	2.5025025025025025
0.9866675478197335	0.01333245218026665	0.0	2.6026026026026026
0.9852845419853854	0.014715458014614807	0.0	2.702702702702703
0.9837604417922734	0.016239558207726733	0.0	2.802802802802803
0.982081359466398	0.01791864053360221	0.0	2.902902902902903
0.9802321517969056	0.019767848203094573	0.0	3.0030030030030033
0.9781963449524834	0.021803655047516777	0.0	3.1031031031031033
0.9759560167392131	0.02404398326078717	0.0	3.2032032032032034
0.9734917336429653	0.026508266357034904	0.0	3.3033033033033035
0.9707824474251063	0.029217552574893918	0.0	3.4034034034034035
0.9678054133797865	0.03219458662021372	0.0	3.5035035035035036
0.9645361335133594	0.0354638664866408	0.0	3.6036036036036037
0.960948252945252	0.039051747054748204	0.0	3.7037037037037037
0.9570135605666844	0.04298643943331564	0.0	3.8038038038038042
0.9527019374117248	0.04729806258827514	0.0	3.9039039039039043
0.9479813571033773	0.0520186428966227	0.0	4.004004004004004
0.9428179185530187	0.05718208144698134	0.0	4.104104104104104
0.937175916961736	0.06282408303826396	0.0	4.2042042042042045
0.9310179648967026	0.0689820351032974	0.0	4.3043043043043046
0.9243051698505265	0.07569483014947355	0.0	4.404404404404405
0.9169973746407869	0.08300262535921316	0.0	4.504504504504505
0.9090534773307677	0.09094652266923245	0.0	4.604604604604605
0.9004318534003041	0.09956814659969604	0.0	4.704704704704705
0.8910908290194866	0.10890917098051353	0.0	4.804804804804805
0.8809892975966803	0.11901070240331975	0.0	4.904904904904905
0.8700874260995661	0.12991257390043395	0.0	5.005005005005005
0.8583474763300158	0.14165252366998426	0.0	5.105105105105105
0.845734726106422	0.15426527389357814	0.0	5.205205205205205
0.8322184109945434	0.16778158900545664	0.0	5.305305305305305
0.8177730059990242	0.1822269940009759	0.0	5.405405405405406
0.8023792577865341	0.19762074221346604	0.0	5.505505505505506
0.7860253491183365	0.21397465088166354	0.0	5.605605605605606
0.7687082096710246	0.23129179032897548	0.0	5.705705705705706
0.7504345574048334	0.2495654425951666	0.0	5.805805805805806
0.7312219635733632	0.26877803642663683	0.0	5.9059059059059065
0.711099710283763	0.2889002897162372	0.0	6.0060060060060065
0.6901094285302174	0.3098905714697828	0.0	6.106106106106107
0.6683054524680677	0.33169454753193245	0.0	6.206206206206207
0.6457548397261554	0.35424516027384473	0.0	6.306306306306307
0.6225370228001506	0.37746297719984956	0.0	6.406406406406407
0.5987430486686234	0.40125695133137684	0.0	6.506506506506507
0.5744744105219091	0.4255255894780912	0.0	6.606606606606607
0.549841517916547	0.4501584820834532	0.0	6.706706706706707
0.5249618069520117	0.47503819304798856	0.0	6.806806806806807
0.4999575550685643	0.5000424449314359	0.0	6.906906906906907
0.4749535134528775	0.5250464865471226	0.0	7.007007007007007
0.4500744326385223	0.5499255673614779	0.0	7.107107107107107
0.4254425776363573	0.5745574223636428	0.0	7.207207207207207
0.40117536062002007	0.5988246393799802	0.0	7.307307307307307
0.37738316678852524	0.622616833211475	0.0	7.407407407407407
0.3541674549533619	0.6458325450466383	0.0	7.507507507507508
0.3316192439379083	0.6683807560620919	0.0	7.6076076076076085
0.30981790418291355	0.6901820958170867	0.0	7.7077077077077085
0.28883048525013216	0.7111695147498681	0.0	7.807807807807809
0.2687112678568214	0.7312887321431788	0.0	7.907907907907909
0.24950180727861485	0.7504981927213854	0.0	8.008008008008009
0.23123137885006848	0.7687686211499317	0.0	8.108108108108109
0.21391750738876208	0.7860824926112381	0.0	8.208208208208209
0.19756687366414177	0.8024331263358584	0.0	8.308308308308309
0.182176358716078	0.8178236412839222	0.0	8.408408408408409
0.1677341560370672	0.832265843962933	0.0	8.508508508508509
0.15422097088410547	0.8457790291158948	0.0	8.608608608608609
0.1416112113892373	0.858388788610763	0.0	8.70870870870871
0.12987415928997692	0.8701258407100233	0.0	8.80880880880881
0.11897506931715193	0.8810249306828484	0.0	8.90890890890891
0.10887618891962672	0.8911238110803735	0.0	9.00900900900901
0.099537678441923	0.9004623215580773	0.0	9.10910910910911
0.09091842030716596	0.9090815796928343	0.0	9.20920920920921
0.08297675178058361	0.9170232482194166	0.0	9.30930930930931
0.07567103996908209	0.9243289600309181	0.0	9.40940940940941
0.06896019215828539	0.9310398078417148	0.0	9.50950950950951
0.06280405349570341	0.9371959465042968	0.0	9.60960960960961
0.057163738627081	0.9428362613729193	0.0	9.70970970970971
0.05200186226705167	0.9479981377329486	0.0	9.80980980980981
0.04728272895867119	0.9527172710413291	0.0	9.90990990990991
0.04297244096838036	0.95702755903162	0.0	10.01001001001001
0.03903897693806148	0.9609610230619389	0.0	10.11011011011011
0.03545222256868221	0.9645477774313181	0.0	10.21021021021021
0.03218396995344961	0.9678160300465507	0.0	10.31031031031031
0.02920788599677647	0.9707921140032238	0.0	10.41041041041041
0.026499468231702357	0.973500531768298	0.0	10.51051051051051
0.02403598094186047	0.9759640190581399	0.0	10.61061061061061
0.021796380690195676	0.9782036193098047	0.0	10.710710710710712
0.019761234541796208	0.9802387654582041	0.0	10.810810810810812
0.017912632433053764	0.9820873675669466	0.0	10.910910910910912
0.01623409692655022	0.9837659030734501	0.0	11.011011011011012
0.014710495387724593	0.9852895046122757	0.0	11.111111111111112
0.013327949710309263	0.9866720502896911	0.0	11.211211211211213
0.012073748593436294	0.9879262514065641	0.0	11.311311311311313
0.010936263551499476	0.9890637364485009	0.0	11.411411411411413
0.009904868437870239	0.9900951315621301	0.0	11.511511511511513
0.008969861195887281	0.9910301388041132	0.0	11.611611611611613
0.008122393133030995	0.9918776068669695	0.0	11.711711711711713
0.007354399424980166	0.9926456005750203	0.0	11.811811811811813
0.006658534007310899	0.9933414659926896	0.0	11.911911911911913
0.006028110958704727	0.9939718890412957	0.0	12.012012012012013
0.005457047690466319	0.9945429523095342	0.0	12.112112112112113
0.004939814400408889	0.9950601855995915	0.0	12.212212212212213
0.004471385329347635	0.9955286146706528	0.0	12.312312312312313
0.004047195546898855	0.9959528044531015	0.0	12.412412412412413
0.003663099625930816	0.9963369003740696	0.0	12.512512512512513
0.0033153346650121106	0.9966846653349883	0.0	12.612612612612613
0.003000486107079749	0.9969995138929206	0.0	12.712712712712714
0.002715456415343677	0.9972845435846567	0.0	12.812812812812814
0.002457436146385742	0.9975425638536146	0.0	12.912912912912914
0.002223878037295183	0.9977761219627052	0.0	13.013013013013014
0.0020124728733077442	0.9979875271266926	0.0	13.113113113113114
0.0018211272702836465	0.9981788727297166	0.0	13.213213213213214
0.0016479449040401727	0.9983520550959601	0.0	13.313313313313314
0.001491206597504475	0.9985087934024959	0.0	13.413413413413414
0.0013493555719043886	0.9986506444280959	0.0	13.513513513513514
0.0012209820991777533	0.9987790179008227	0.0	13.613613613613614
0.0011048077437787905	0.9988951922562216	0.0	13.713713713713714
0.0009996764914924896	0.999000323508508	0.0	13.813813813813814
0.0009045401658057462	0.9990954598341948	0.0	13.913913913913914
0.0008184500993312615	0.9991815499006692	0.0	14.014014014014014
0.0007405479584672889	0.9992594520415332	0.0	14.114114114114114
0.000670055421474455	0.999329944578526	0.0	14.214214214214214
0.0006062692061012728	0.9993937307938993	0.0	14.314314314314315
0.000548551779390527	0.9994514482206099	0.0	14.414414414414415
0.000496326256696989	0.9995036737433035	0.0	14.514514514514515
0.0004490709206811296	0.9995509290793193	0.0	14.614614614614615
0.0004063127394775524	0.9995936872605229	0.0	14.714714714714715
0.00036762439021351286	0.999632375609787	0.0	14.814814814814815
0.00033261860954932493	0.9996673813904512	0.0	14.914914914914915
0.00030094504807149204	0.999699054951929	0.0	15.015015015015017
0.0002722869318442066	0.9997277130681563	0.0	15.115115115115117
0.00024635704762399166	0.9997536429523765	0.0	15.215215215215217
0.00022289599240798633	0.9997771040075925	0.0	15.315315315315317
0.00020166870482789213	0.9997983312951726	0.0	15.415415415415417
0.00018246255523438084	0.9998175374447661	0.0	15.515515515515517
0.0001650853153437519	0.9998349146846567	0.0	15.615615615615617
0.00014936270902962779	0.9998506372909708	0.0	15.715715715715717
0.0001351373607585314	0.9998648626392419	0.0	15.815815815815817
0.00012226666374079298	0.9998777333362596	0.0	15.915915915915917
0.0001106216250776949	0.9998893783749228	0.0	16.016016016016017
0.00010008563272345546	0.9998999143672769	0.0	16.116116116116117
9.055299140336218e-05	0.9999094470085971	0.0	16.216216216216218
8.192822589722822e-05	0.9999180717741032	0.0	16.316316316316318
7.412471116462676e-05	0.9999258752888358	0.0	16.416416416416418
6.706425070628892e-05	0.9999329357492941	0.0	16.516516516516518
6.067645363029076e-05	0.9999393235463702	0.0	16.616616616616618
5.4897357704403546e-05	0.999945102642296	0.0	16.716716716716718
4.966886718446558e-05	0.999950331132816	0.0	16.816816816816818
4.4938292341178225e-05	0.9999550617076592	0.0	16.916916916916918
4.065818852463107e-05	0.9999593418114757	0.0	17.017017017017018
3.6785966431820375e-05	0.9999632140335686	0.0	17.117117117117118
3.3282433969174734e-05	0.9999667175660313	0.0	17.217217217217218
3.011215503289866e-05	0.9999698878449674	0.0	17.31731731731732
2.724395762518317e-05	0.9999727560423752	0.0	17.41741741741742
2.4648988597286182e-05	0.9999753510114031	0.0	17.51751751751752
2.230098958642903e-05	0.9999776990104139	0.0	17.61761761761762
2.017679904519113e-05	0.9999798232009551	0.0	17.71771771771772
1.8255051359519557e-05	0.9999817449486408	0.0	17.81781781781782
1.6515875051479742e-05	0.9999834841249489	0.0	17.91791791791792
1.4942933477929375e-05	0.9999850570665224	0.0	18.01801801801802
1.351969511245502e-05	0.9999864803048879	0.0	18.11811811811812
1.2231874490488287e-05	0.9999877681255099	0.0	18.21821821821822
1.106677961060039e-05	0.9999889332203898	0.0	18.31831831831832
1.001274336677359e-05	0.9999899872566337	0.0	18.41841841841842
9.059019547905887e-06	0.9999909409804525	0.0	18.51851851851852
8.195905189386902e-06	0.999991804094811	0.0	18.61861861861862
7.4146916295743395e-06	0.9999925853083709	0.0	18.71871871871872
6.707741929961571e-06	0.9999932922580705	0.0	18.81881881881882
6.068466459913306e-06	0.9999939315335405	0.0	18.91891891891892
5.490346279901215e-06	0.9999945096537205	0.0	19.01901901901902
4.967142269906482e-06	0.9999950328577305	0.0	19.11911911911912
4.493809827040305e-06	0.9999955061901734	0.0	19.21921921921922
4.065939446627981e-06	0.9999959340605538	0.0	19.31931931931932
3.678814478079985e-06	0.9999963211855223	0.0	19.41941941941942
3.328432516639362e-06	0.9999966715674837	0.0	19.51951951951952
3.011439453021201e-06	0.9999969885605474	0.0	19.61961961961962
2.7247486308363205e-06	0.9999972752513696	0.0	19.71971971971972
2.4652115121534717e-06	0.9999975347884883	0.0	19.81981981981982
2.2303107300875034e-06	0.9999977696892703	0.0	19.91991991991992
2.0179008691924555e-06	0.9999979820991313	0.0	20.02002002002002
1.8256772388360223e-06	0.9999981743227616	0.0	20.12012012012012
1.6515751529755698e-06	0.9999983484248475	0.0	20.22022022022022
1.4939849484532387e-06	0.999998506015052	0.0	20.32032032032032
1.3515732115108759e-06	0.9999986484267889	0.0	20.42042042042042
1.2230726777337572e-06	0.9999987769273228	0.0	20.52052052052052
1.1067852553752944e-06	0.9999988932147451	0.0	20.62062062062062
1.0015186917454807e-06	0.9999989984813087	0.0	20.72072072072072
9.062779267958155e-07	0.9999990937220736	0.0	20.82082082082082
8.202226525808903e-07	0.9999991797773479	0.0	20.92092092092092
7.423745564765838e-07	0.999999257625444	0.0	21.02102102102102
6.718482021359793e-07	0.9999993281517984	0.0	21.12112112112112
6.079640698628034e-07	0.9999993920359306	0.0	21.22122122122122
5.501507085492196e-07	0.9999994498492919	0.0	21.32132132132132
4.978789169509133e-07	0.9999995021210836	0.0	21.421421421421424
4.505135393672246e-07	0.9999995494864611	0.0	21.521521521521525
4.0759811949575523e-07	0.999999592401881	0.0	21.621621621621625
3.687595943993423e-07	0.999999631240406	0.0	21.721721721721725
3.3309839162233377e-07	0.9999996669016088	0.0	21.821821821821825
3.017863039622278e-07	0.9999996982136965	0.0	21.921921921921925
2.7323600919829936e-07	0.9999997267639912	0.0	22.022022022022025
2.4729082393843496e-07	0.9999997527091765	0.0	22.122122122122125
2.2379406479052091e-07	0.9999997762059356	0.0	22.222222222222225
2.0256799656104808e-07	0.999999797432004	0.0	22.322322322322325
1.8338173650153926e-07	0.999999816618264	0.0	22.422422422422425
1.6604668886546908e-07	0.9999998339533117	0.0	22.522522522522525
1.5037759571429178e-07	0.9999998496224048	0.0	22.622622622622625
1.361891991094616e-07	0.9999998638108014	0.0	22.722722722722725
1.232995246476155e-07	0.9999998767004759	0.0	22.822822822822825
1.1163684610461353e-07	0.9999998883631545	0.0	22.922922922922925
1.0111127157274415e-07	0.999999898888729	0.0	23.023023023023026
9.159118201662357e-08	0.9999999084088185	0.0	23.123123123123126
8.294495840086796e-08	0.9999999170550421	0.0	23.223223223223226
7.504098169009353e-08	0.9999999249590188	0.0	23.323323323323326
6.779661865625527e-08	0.9999999322033819	0.0	23.423423423423426
6.12471130228094e-08	0.9999999387528875	0.0	23.523523523523526
5.533220847721344e-08	0.9999999446677921	0.0	23.623623623623626
4.9984665343495765e-08	0.9999999500153351	0.0	23.723723723723726
4.513724394568475e-08	0.9999999548627566	0.0	23.823823823823826
3.972599334964839e-08	0.9999999602740072	0.0	23.923923923923926
3.6204284264706533e-08	0.9999999637957162	0.0	24.024024024024026
3.2911305362780026e-08	0.9999999670886951	0.0	24.124124124124126
2.9847056643868866e-08	0.9999999701529438	0.0	24.224224224224226
2.7011538107973052e-08	0.9999999729884624	0.0	24.324324324324326
2.4404749755092582e-08	0.9999999755952508	0.0	24.424424424424426
2.201885857478869e-08	0.9999999779811418	0.0	24.524524524524526
1.983301833448079e-08	0.9999999801669821	0.0	24.624624624624627
1.7846101783112634e-08	0.9999999821538986	0.0	24.724724724724727
1.6058108920684224e-08	0.9999999839418915	0.0	24.824824824824827
1.446903974719556e-08	0.9999999855309607	0.0	24.924924924924927
1.3078894262646643e-08	0.9999999869211061	0.0	25.025025025025027
1.1842868171298811e-08	0.9999999881571322	0.0	25.125125125125127
1.071261779105252e-08	0.9999999892873825	0.0	25.225225225225227
9.688125817399937e-09	0.9999999903118746	0.0	25.325325325325327
8.769392250341064e-09	0.9999999912306081	0.0	25.425425425425427
7.956417089875896e-09	0.9999999920435833	0.0	25.525525525525527
7.247627125800043e-09	0.9999999927523733	0.0	25.625625625625627
6.604730525344518e-09	0.9999999933952699	0.0	25.725725725725727
6.011326740471732e-09	0.9999999939886737	0.0	25.825825825825827
5.467415771181683e-09	0.9999999945325847	0.0	25.925925925925927
4.972997617474372e-09	0.9999999950270028	0.0	26.026026026026027
4.5280722793497975e-09	0.9999999954719282	0.0	26.126126126126128
4.129989473818678e-09	0.999999995870011	0.0	26.226226226226228
3.762342547277305e-09	0.9999999962376579	0.0	26.326326326326328
3.422311135150888e-09	0.9999999965776893	0.0	26.426426426426428
3.1098952374394253e-09	0.9999999968901052	0.0	26.526526526526528
2.8250948541429173e-09	0.9999999971749056	0.0	26.626626626626628
2.5679099852613633e-09	0.9999999974320904	0.0	26.726726726726728
2.3354650743603876e-09	0.9999999976645354	0.0	26.826826826826828
2.120682520460957e-09	0.9999999978793179	0.0	26.926926926926928
1.923235861905603e-09	0.9999999980767647	0.0	27.027027027027028
1.7431250986943254e-09	0.9999999982568754	0.0	27.127127127127128
1.5803502308271248e-09	0.9999999984196503	0.0	27.227227227227228
1.4349112097709936e-09	0.9999999985650893	0.0	27.32732732732733
1.3032854017304355e-09	0.9999999986967151	0.0	27.42742742742743
1.1820021355429307e-09	0.9999999988179984	0.0	27.52752752752753
1.0710614112084791e-09	0.9999999989289391	0.0	27.62762762762763
9.704632287270804e-10	0.9999999990295373	0.0	27.72772772772773
8.802075880987349e-10	0.999999999119793	0.0	27.82782782782783
8.001415338157824e-10	0.9999999991998589	0.0	27.92792792792793
7.271202056862368e-10	0.9999999992728802	0.0	28.02802802802803
6.59897795287559e-10	0.9999999993401026	0.0	28.12812812812813
5.984743026197488e-10	0.9999999994015262	0.0	28.22822822822823
5.428497276828063e-10	0.9999999994571507	0.0	28.32832832832833
4.930240704767315e-10	0.9999999995069764	0.0	28.42842842842843
4.2983882270473797e-10	0.9999999995701617	0.0	28.52852852852853
3.5269238428062814e-10	0.9999999996473081	0.0	28.62862862862863
2.7905621291734043e-10	0.9999999997209443	0.0	28.72872872872873
2.0893030861487413e-10	0.9999999997910702	0.0	28.82882882882883
1.423146713732297e-10	0.9999999998576858	0.0	28.92892892892893
7.920930119240718e-11	0.9999999999207912	0.0	29.02902902902903
1.9614198072406483e-11	0.9999999999803864	0.0	29.12912912912913
-3.6470637986772656e-11	1.000000000036471	0.0	29.22922922922923
-8.904520698512975e-11	1.0000000000890457	0.0	29.32932932932933
-1.3810950892266525e-10	1.00000000013811	0.0	29.42942942942943
-1.8366354379937879e-10	1.000000000183664	0.0	29.52952952952953
-2.2570731161527069e-10	1.000000000225708	0.0	29.62962962962963
-2.6424081237034064e-10	1.0000000002642413	0.0	29.72972972972973
-2.9926404606458883e-10	1.0000000002992646	0.0	29.82982982982983
-3.3077701269801644e-10	1.0000000003307774	0.0	29.929929929929934
-3.5877971227062084e-10	1.0000000003587801	0.0	30.030030030030034
-3.832721447824036e-10	1.0000000003832727	0.0	30.130130130130134
-4.042543102333645e-10	1.0000000004042549	0.0	30.230230230230234
-4.2172620862350365e-10	1.0000000004217267	0.0	30.330330330330334
-4.35687839952821e-10	1.0000000004356884	0.0	30.430430430430434
-4.461392042213165e-10	1.0000000004461398	0.0	30.530530530530534
-4.530803014289903e-10	1.000000000453081	0.0	30.630630630630634
-4.565111315758422e-10	1.0000000004565117	0.0	30.730730730730734
-4.564316946618724e-10	1.0000000004564322	0.0	30.830830830830834
-4.5284199068708076e-10	1.0000000004528424	0.0	30.930930930930934
-4.457420196514673e-10	1.0000000004457426	0.0	31.031031031031034
-4.351317815550321e-10	1.0000000004351324	0.0	31.131131131131134
-4.210112763977751e-10	1.0000000004210117	0.0	31.231231231231234
-4.0338050417969624e-10	1.000000000403381	0.0	31.331331331331334
-3.822394649007956e-10	1.00000000038224	0.0	31.431431431431434
-3.5758815856107324e-10	1.0000000003575886	0.0	31.531531531531535
-3.2942658516052903e-10	1.0000000003294272	0.0	31.631631631631635
-3.205112663386608e-10	1.0000000003205116	0.0	31.731731731731735
-3.298253965203177e-10	1.000000000329826	0.0	31.831831831831835
-3.3824278016921157e-10	1.0000000003382432	0.0	31.931931931931935
-3.4576341728534237e-10	1.0000000003457639	0.0	32.032032032032035
-3.5238730786871013e-10	1.0000000003523877	0.0	32.132132132132135
-3.581144519193148e-10	1.0000000003581149	0.0	32.232232232232235
-3.629448494371564e-10	1.0000000003629452	0.0	32.332332332332335
-3.66878500422235e-10	1.000000000366879	0.0	32.432432432432435
-3.699154048745505e-10	1.0000000003699159	0.0	32.532532532532535
-3.720555627941029e-10	1.000000000372056	0.0	32.632632632632635
-3.732989741808923e-10	1.0000000003732994	0.0	32.732732732732735
-3.736456390349186e-10	1.000000000373646	0.0	32.832832832832835
-3.730955573561819e-10	1.000000000373096	0.0	32.932932932932935
-3.716487291446821e-10	1.0000000003716492	0.0	33.033033033033036
-3.6930515440041924e-10	1.0000000003693057	0.0	33.133133133133136
-3.6606483312339334e-10	1.0000000003660652	0.0	33.233233233233236
-3.619277653136043e-10	1.0000000003619283	0.0	33.333333333333336
-3.5689395097105225e-10	1.0000000003568943	0.0	33.433433433433436
-3.5096339009573716e-10	1.000000000350964	0.0	33.533533533533536
-3.4413608268765893e-10	1.0000000003441365	0.0	33.633633633633636
-3.364120287468178e-10	1.0000000003364125	0.0	33.733733733733736
-3.277912282732135e-10	1.0000000003277916	0.0	33.833833833833836
-3.1827368126684606e-10	1.000000000318274	0.0	33.933933933933936
-3.0785938772771566e-10	1.0000000003078597	0.0	34.034034034034036
-2.965483476558222e-10	1.0000000002965488	0.0	34.134134134134136
-2.8434056105116565e-10	1.000000000284341	0.0	34.234234234234236
-2.7123602791374605e-10	1.0000000002712364	0.0	34.334334334334336
-2.572347482435634e-10	1.0000000002572351	0.0	34.434434434434436
-2.423367220406177e-10	1.0000000002423373	0.0	34.53453453453454
-2.265419493049089e-10	1.0000000002265423	0.0	34.63463463463464
-2.0985043003643705e-10	1.0000000002098508	0.0	34.73473473473474
-1.9226216423520214e-10	1.0000000001922627	0.0	34.83483483483484
-1.858419318688549e-10	1.0000000001858425	0.0	34.93493493493494
-1.8135448327939378e-10	1.000000000181355	0.0	35.03503503503504
-1.768670346899327e-10	1.0000000001768676	0.0	35.13513513513514
-1.7237958610047162e-10	1.00000000017238	0.0	35.23523523523524
-1.678921375110105e-10	1.0000000001678926	0.0	35.33533533533534
-1.6340468892154943e-10	1.0000000001634053	0.0	35.43543543543544
-1.5891724033208832e-10	1.0000000001589178	0.0	35.53553553553554
-1.5442979174262724e-10	1.0000000001544302	0.0	35.63563563563564
-1.4994234315316613e-10	1.000000000149943	0.0	35.73573573573574
-1.4545489456370502e-10	1.0000000001454554	0.0	35.83583583583584
-1.4096744597424394e-10	1.000000000140968	0.0	35.93593593593594
-1.3647999738478286e-10	1.0000000001364806	0.0	36.03603603603604
-1.3199254879532175e-10	1.000000000131993	0.0	36.13613613613614
-1.2750510020586064e-10	1.0000000001275056	0.0	36.23623623623624
-1.2301765161639956e-10	1.0000000001230183	0.0	36.33633633633634
-1.1853020302693845e-10	1.0000000001185307	0.0	36.43643643643644
-1.1404275443747736e-10	1.0000000001140432	0.0	36.53653653653654
-1.0955530584801626e-10	1.000000000109556	0.0	36.63663663663664
-1.0506785725855516e-10	1.0000000001050684	0.0	36.73673673673674
-1.0058040866909407e-10	1.0000000001005809	0.0	36.83683683683684
-9.609296007963298e-11	1.0000000000960936	0.0	36.93693693693694
-9.160551149017188e-11	1.000000000091606	0.0	37.03703703703704
-8.711806290071078e-11	1.0000000000871185	0.0	37.13713713713714
-8.26306143112497e-11	1.0000000000826312	0.0	37.23723723723724
-7.814316572178859e-11	1.0000000000781437	0.0	37.33733733733734
-7.365571713232749e-11	1.0000000000736562	0.0	37.43743743743744
-6.91682685428664e-11	1.000000000069169	0.0	37.53753753753754
-6.46808199534053e-11	1.0000000000646814	0.0	37.63763763763764
-6.019337136394421e-11	1.0000000000601938	0.0	37.73773773773774
-5.5705922774483106e-11	1.0000000000557063	0.0	37.83783783783784
-5.121847418502201e-11	1.000000000051219	0.0	37.93793793793794
-4.6731025595560916e-11	1.0000000000467315	0.0	38.03803803803804
-4.475128763406948e-11	1.0000000000447518	0.0	38.13813813813814
-4.4615352327747734e-11	1.0000000000446159	0.0	38.23823823823824
-4.4479417021425985e-11	1.00000000004448	0.0	38.33833833833834
-4.434348171510424e-11	1.0000000000443439	0.0	38.43843843843844
-4.4207546408782494e-11	1.000000000044208	0.0	38.53853853853854
-4.4071611102460745e-11	1.000000000044072	0.0	38.63863863863864
-4.3935675796138996e-11	1.0000000000439362	0.0	38.73873873873874
-4.379974048981725e-11	1.0000000000438003	0.0	38.83883883883884
-4.36638051834955e-11	1.0000000000436642	0.0	38.93893893893894
-4.3527869877173756e-11	1.0000000000435283	0.0	39.03903903903904
-4.339193457085201e-11	1.0000000000433924	0.0	39.13913913913914
-4.325599926453026e-11	1.0000000000432565	0.0	39.23923923923924
-4.312006395820851e-11	1.0000000000431206	0.0	39.33933933933934
-4.298412865188676e-11	1.0000000000429845	0.0	39.43943943943944
-4.284819334556501e-11	1.0000000000428486	0.0	39.53953953953954
-4.271225803924326e-11	1.0000000000427127	0.0	39.63963963963964
-4.2576322732921514e-11	1.0000000000425768	0.0	39.73973973973974
-4.244038742659977e-11	1.000000000042441	0.0	39.83983983983984
-4.230445212027802e-11	1.0000000000423048	0.0	39.93993993993994
-4.2168516813956274e-11	1.000000000042169	0.0	40.04004004004004
-4.2032581507634525e-11	1.000000000042033	0.0	40.14014014014014
-4.189664620131278e-11	1.0000000000418972	0.0	40.24024024024024
-4.1760710894991033e-11	1.0000000000417613	0.0	40.34034034034034
-4.1624775588669285e-11	1.0000000000416251	0.0	40.44044044044044
-4.1488840282347536e-11	1.0000000000414893	0.0	40.54054054054054
-4.1352904976025793e-11	1.0000000000413534	0.0	40.64064064064064
-4.1216969669704044e-11	1.0000000000412175	0.0	40.74074074074074
-4.1081034363382296e-11	1.0000000000410816	0.0	40.84084084084084
-4.0945099057060547e-11	1.0000000000409455	0.0	40.94094094094094
-4.08091637507388e-11	1.0000000000408096	0.0	41.04104104104104
-4.067322844441705e-11	1.0000000000406737	0.0	41.14114114114114
-4.05372931380953e-11	1.0000000000405378	0.0	41.24124124124124
-4.040135783177356e-11	1.000000000040402	0.0	41.34134134134134
-4.026542252545181e-11	1.0000000000402658	0.0	41.44144144144144
-4.012948721913006e-11	1.00000000004013	0.0	41.54154154154154
-3.999355191280831e-11	1.000000000039994	0.0	41.64164164164164
-3.985761660648656e-11	1.0000000000398581	0.0	41.74174174174174
-3.9721681300164813e-11	1.0000000000397222	0.0	41.84184184184184
-3.9585745993843064e-11	1.0000000000395861	0.0	41.94194194194194
-3.944981068752132e-11	1.0000000000394502	0.0	42.04204204204204
-3.931387538119957e-11	1.0000000000393143	0.0	42.14214214214214
-3.9177940074877824e-11	1.0000000000391784	0.0	42.24224224224224
-3.904200476855608e-11	1.0000000000390425	0.0	42.34234234234234
-3.890606946223433e-11	1.0000000000389064	0.0	42.44244244244244
-3.8770134155912584e-11	1.0000000000387705	0.0	42.54254254254254
-3.8634198849590835e-11	1.0000000000386347	0.0	42.64264264264264
-3.8498263543269073e-11	1.0000000000384988	0.0	42.74274274274275
-3.836232823694733e-11	1.0000000000383629	0.0	42.84284284284285
-3.822639293062558e-11	1.000000000038227	0.0	42.94294294294295
-3.8090457624303833e-11	1.0000000000380909	0.0	43.04304304304305
-3.7954522317982084e-11	1.000000000037955	0.0	43.14314314314315
-3.781858701166034e-11	1.000000000037819	0.0	43.24324324324325
-3.768265170533859e-11	1.0000000000376832	0.0	43.34334334334335
-3.7546716399016844e-11	1.0000000000375473	0.0	43.44344344344345
-3.7410781092695095e-11	1.0000000000374112	0.0	43.54354354354355
-3.727484578637335e-11	1.0000000000372753	0.0	43.64364364364365
-3.7138910480051604e-11	1.0000000000371394	0.0	43.74374374374375
-3.7002975173729855e-11	1.0000000000370035	0.0	43.84384384384385
-3.6867039867408106e-11	1.0000000000368676	0.0	43.94394394394395
-3.673110456108636e-11	1.0000000000367315	0.0	44.04404404404405
-3.659516925476461e-11	1.0000000000365956	0.0	44.14414414414415
-3.645923394844286e-11	1.0000000000364597	0.0	44.24424424424425
-3.632329864212111e-11	1.0000000000363238	0.0	44.34434434434435
-3.618736333579937e-11	1.000000000036188	0.0	44.44444444444445
-3.605142802947762e-11	1.0000000000360518	0.0	44.54454454454455
-3.591549272315587e-11	1.000000000035916	0.0	44.64464464464465
-3.577955741683412e-11	1.00000000003578	0.0	44.74474474474475
-3.564362211051237e-11	1.0000000000356442	0.0	44.84484484484485
-3.5507686804190624e-11	1.0000000000355083	0.0	44.94494494494495
-3.537175149786888e-11	1.0000000000353721	0.0	45.04504504504505
-3.523581619154713e-11	1.0000000000352363	0.0	45.14514514514515
-3.5099880885225384e-11	1.0000000000351004	0.0	45.24524524524525
-3.496394557890364e-11	1.0000000000349645	0.0	45.34534534534535
-3.482801027258189e-11	1.0000000000348286	0.0	45.44544544544545
-3.4692074966260144e-11	1.0000000000346925	0.0	45.54554554554555
-3.4556139659938395e-11	1.0000000000345566	0.0	45.64564564564565
-3.4420204353616646e-11	1.0000000000344207	0.0	45.74574574574575
-3.42842690472949e-11	1.0000000000342848	0.0	45.84584584584585
-3.4148333740973155e-11	1.000000000034149	0.0	45.94594594594595
-3.4012398434651406e-11	1.0000000000340128	0.0	46.04604604604605
-3.387646312832966e-11	1.000000000033877	0.0	46.14614614614615
-3.374052782200791e-11	1.000000000033741	0.0	46.24624624624625
-3.360459251568616e-11	1.0000000000336051	0.0	46.34634634634635
-3.346865720936441e-11	1.0000000000334692	0.0	46.44644644644645
-3.333272190304266e-11	1.0000000000333331	0.0	46.54654654654655
-3.319678659672091e-11	1.0000000000331972	0.0	46.64664664664665
-3.306085129039917e-11	1.0000000000330613	0.0	46.74674674674675
-3.292491598407742e-11	1.0000000000329254	0.0	46.84684684684685
-3.278898067775567e-11	1.0000000000327895	0.0	46.94694694694695
-3.2653045371433924e-11	1.0000000000326534	0.0	47.04704704704705
-3.251711006511218e-11	1.0000000000325175	0.0	47.14714714714715
-3.238117475879043e-11	1.0000000000323817	0.0	47.24724724724725
-3.2245239452468684e-11	1.0000000000322458	0.0	47.34734734734735
-3.210930414614694e-11	1.0000000000321099	0.0	47.44744744744745
-3.197336883982519e-11	1.0000000000319738	0.0	47.54754754754755
-3.1837433533503443e-11	1.0000000000318379	0.0	47.64764764764765
-3.1701498227181694e-11	1.000000000031702	0.0	47.74774774774775
-3.1565562920859946e-11	1.000000000031566	0.0	47.84784784784785
-3.1429627614538197e-11	1.0000000000314302	0.0	47.94794794794795
-3.129369230821645e-11	1.000000000031294	0.0	48.04804804804805
-3.11577570018947e-11	1.0000000000311582	0.0	48.14814814814815
-3.1021821695572957e-11	1.0000000000310223	0.0	48.24824824824825
-3.088588638925121e-11	1.0000000000308864	0.0	48.34834834834835
-3.074995108292946e-11	1.0000000000307505	0.0	48.44844844844845
-3.061401577660771e-11	1.0000000000306144	0.0	48.54854854854855
-3.047808047028596e-11	1.0000000000304785	0.0	48.64864864864865
-3.034214516396422e-11	1.0000000000303426	0.0	48.74874874874875
-3.0206209857642463e-11	1.0000000000302067	0.0	48.84884884884885
-3.007027455132072e-11	1.0000000000300708	0.0	48.94894894894895
-2.993433924499898e-11	1.0000000000299347	0.0	49.04904904904905
-2.979840393867722e-11	1.0000000000297988	0.0	49.14914914914915
-2.966246863235548e-11	1.000000000029663	0.0	49.24924924924925
-2.9526533326033725e-11	1.000000000029527	0.0	49.34934934934935
-2.939059801971198e-11	1.0000000000293912	0.0	49.44944944944945
-2.9254662713390234e-11	1.000000000029255	0.0	49.54954954954955
-2.9118727407068485e-11	1.0000000000291192	0.0	49.64964964964965
-2.898279210074674e-11	1.0000000000289833	0.0	49.74974974974975
-2.8846856794424994e-11	1.0000000000288474	0.0	49.84984984984985
-2.8710921488103245e-11	1.0000000000287115	0.0	49.94994994994995
-2.8574986181781496e-11	1.0000000000285754	0.0	50.050050050050054
-2.8439050875459747e-11	1.0000000000284395	0.0	50.150150150150154
-2.8303115569138e-11	1.0000000000283036	0.0	50.250250250250254
-2.816718026281625e-11	1.0000000000281677	0.0	50.350350350350354
-2.8031244956494504e-11	1.0000000000280318	0.0	50.450450450450454
-2.7895309650172758e-11	1.0000000000278957	0.0	50.550550550550554
-2.775937434385101e-11	1.0000000000277598	0.0	50.650650650650654
-2.7623439037529264e-11	1.000000000027624	0.0	50.750750750750754
-2.7487503731207515e-11	1.000000000027488	0.0	50.850850850850854
-2.7351568424885766e-11	1.0000000000273521	0.0	50.950950950950954
-2.7215633118564017e-11	1.000000000027216	0.0	51.051051051051054
-2.7079697812242268e-11	1.0000000000270801	0.0	51.151151151151154
-2.694376250592052e-11	1.0000000000269442	0.0	51.251251251251254
-2.6807827199598777e-11	1.0000000000268083	0.0	51.351351351351354
-2.6671891893277028e-11	1.0000000000266724	0.0	51.451451451451454
-2.653595658695528e-11	1.0000000000265363	0.0	51.551551551551555
-2.6400021280633534e-11	1.0000000000264004	0.0	51.651651651651655
-2.6264085974311785e-11	1.0000000000262645	0.0	51.751751751751755
-2.6128150667990036e-11	1.0000000000261287	0.0	51.851851851851855
-2.5992215361668287e-11	1.0000000000259928	0.0	51.951951951951955
-2.5856280055346545e-11	1.0000000000258567	0.0	52.052052052052055
-2.5720344749024796e-11	1.0000000000257208	0.0	52.152152152152155
-2.5584409442703047e-11	1.0000000000255849	0.0	52.252252252252255
-2.5448474136381298e-11	1.000000000025449	0.0	52.352352352352355
-2.531253883005955e-11	1.000000000025313	0.0	52.452452452452455
-2.5176603523737804e-11	1.000000000025177	0.0	52.552552552552555
-2.5040668217416055e-11	1.000000000025041	0.0	52.652652652652655
-2.4904732911094306e-11	1.0000000000249052	0.0	52.752752752752755
-2.4768797604772563e-11	1.0000000000247693	0.0	52.852852852852855
-2.4632862298450815e-11	1.0000000000246334	0.0	52.952952952952955
-2.4496926992129066e-11	1.0000000000244973	0.0	53.053053053053056
-2.4360991685807317e-11	1.0000000000243614	0.0	53.153153153153156
-2.4225056379485568e-11	1.0000000000242255	0.0	53.253253253253256
-2.408912107316382e-11	1.0000000000240896	0.0	53.353353353353356
-2.3953185766842073e-11	1.0000000000239537	0.0	53.453453453453456
-2.3817250460520325e-11	1.0000000000238176	0.0	53.553553553553556
-2.368131515419858e-11	1.0000000000236817	0.0	53.653653653653656
-2.3545379847876833e-11	1.0000000000235458	0.0	53.753753753753756
-2.3409444541555084e-11	1.00000000002341	0.0	53.853853853853856
-2.3273509235233336e-11	1.000000000023274	0.0	53.953953953953956
-2.3137573928911587e-11	1.0000000000231382	0.0	54.054054054054056
-2.300163862258984e-11	1.000000000023002	0.0	54.154154154154156
-2.2865703316268092e-11	1.0000000000228662	0.0	54.254254254254256
-2.2729768009946343e-11	1.0000000000227303	0.0	54.354354354354356
-2.2593832703624598e-11	1.0000000000225944	0.0	54.454454454454456
-2.245789739730285e-11	1.0000000000224585	0.0	54.55455455455456
-2.2321962090981103e-11	1.0000000000223224	0.0	54.65465465465466
-2.2186026784659354e-11	1.0000000000221865	0.0	54.75475475475476
-2.2050091478337605e-11	1.0000000000220506	0.0	54.85485485485486
-2.191415617201586e-11	1.0000000000219147	0.0	54.95495495495496
-2.177822086569411e-11	1.0000000000217788	0.0	55.05505505505506
-2.1642285559372362e-11	1.0000000000216427	0.0	55.15515515515516
-2.1506350253050613e-11	1.0000000000215068	0.0	55.25525525525526
-2.1370414946728867e-11	1.000000000021371	0.0	55.35535535535536
-2.123447964040712e-11	1.000000000021235	0.0	55.45545545545546
-2.1098544334085373e-11	1.0000000000210991	0.0	55.55555555555556
-2.0962609027763624e-11	1.000000000020963	0.0	55.65565565565566
-2.082667372144188e-11	1.0000000000208271	0.0	55.75575575575576
-2.069073841512013e-11	1.0000000000206912	0.0	55.85585585585586
-2.055480310879838e-11	1.0000000000205553	0.0	55.95595595595596
-2.0418867802476635e-11	1.0000000000204194	0.0	56.05605605605606
-2.0282932496154886e-11	1.0000000000202833	0.0	56.15615615615616
-2.0146997189833137e-11	1.0000000000201474	0.0	56.25625625625626
-2.001106188351139e-11	1.0000000000200115	0.0	56.35635635635636
-1.9875126577189643e-11	1.0000000000198757	0.0	56.45645645645646
-1.9739191270867897e-11	1.0000000000197398	0.0	56.55655655655656
-1.9603255964546148e-11	1.0000000000196037	0.0	56.65665665665666
-1.94673206582244e-11	1.0000000000194678	0.0	56.75675675675676
-1.9331385351902654e-11	1.0000000000193319	0.0	56.85685685685686
-1.9195450045580905e-11	1.000000000019196	0.0	56.95695695695696
-1.9059514739259156e-11	1.00000000001906	0.0	57.05705705705706
-1.8923579432937407e-11	1.000000000018924	0.0	57.15715715715716
-1.878764412661566e-11	1.000000000018788	0.0	57.25725725725726
-1.8651708820293913e-11	1.0000000000186522	0.0	57.35735735735736
-1.8515773513972167e-11	1.0000000000185163	0.0	57.45745745745746
-1.8379838207650418e-11	1.0000000000183804	0.0	57.55755755755756
-1.8243902901328672e-11	1.0000000000182443	0.0	57.65765765765766
-1.8107967595006924e-11	1.0000000000181084	0.0	57.75775775775776
-1.7972032288685175e-11	1.0000000000179725	0.0	57.85785785785786
-1.7836096982363426e-11	1.0000000000178366	0.0	57.95795795795796
-1.770016167604168e-11	1.0000000000177007	0.0	58.05805805805806
-1.756422636971993e-11	1.0000000000175646	0.0	58.15815815815816
-1.7428291063398182e-11	1.0000000000174287	0.0	58.25825825825826
-1.7292355757076437e-11	1.0000000000172928	0.0	58.35835835835836
-1.715642045075469e-11	1.000000000017157	0.0	58.45845845845846
-1.7020485144432942e-11	1.000000000017021	0.0	58.55855855855856
-1.6884549838111193e-11	1.000000000016885	0.0	58.65865865865866
-1.6748614531789448e-11	1.000000000016749	0.0	58.75875875875876
-1.66126792254677e-11	1.0000000000166132	0.0	58.85885885885886
-1.647674391914595e-11	1.0000000000164773	0.0	58.95895895895896
-1.63408086128242e-11	1.0000000000163414	0.0	59.05905905905906
-1.6204873306502456e-11	1.0000000000162053	0.0	59.15915915915916
-1.6068938000180707e-11	1.0000000000160694	0.0	59.25925925925926
-1.593300269385896e-11	1.0000000000159335	0.0	59.35935935935936
-1.5797067387537212e-11	1.0000000000157976	0.0	59.45945945945946
-1.5661132081215463e-11	1.0000000000156617	0.0	59.55955955955956
-1.5525196774893718e-11	1.0000000000155256	0.0	59.65965965965966
-1.538926146857197e-11	1.0000000000153897	0.0	59.75975975975976
-1.525332616225021e-11	1.0000000000152538	0.0	59.85985985985987
-1.5117390855928465e-11	1.000000000015118	0.0	59.95995995995997
-1.4981455549606716e-11	1.000000000014982	0.0	60.06006006006007
-1.484552024328497e-11	1.000000000014846	0.0	60.16016016016017
-1.470958493696322e-11	1.00000000001471	0.0	60.26026026026027
-1.4573649630641472e-11	1.0000000000145741	0.0	60.36036036036037
-1.4437714324319725e-11	1.0000000000144382	0.0	60.46046046046047
-1.4301779017997978e-11	1.0000000000143023	0.0	60.56056056056057
-1.416584371167623e-11	1.0000000000141662	0.0	60.66066066066067
-1.4029908405354483e-11	1.0000000000140303	0.0	60.76076076076077
-1.3893973099032734e-11	1.0000000000138944	0.0	60.86086086086087
-1.3758037792710986e-11	1.0000000000137585	0.0	60.96096096096097
-1.362210248638924e-11	1.0000000000136227	0.0	61.06106106106107
-1.3486167180067493e-11	1.0000000000134865	0.0	61.16116116116117
-1.3350231873745744e-11	1.0000000000133507	0.0	61.26126126126127
-1.3214296567423995e-11	1.0000000000132148	0.0	61.36136136136137
-1.307836126110225e-11	1.0000000000130789	0.0	61.46146146146147
-1.29424259547805e-11	1.000000000012943	0.0	61.56156156156157
-1.2806490648458753e-11	1.0000000000128069	0.0	61.66166166166167
-1.2670555342137004e-11	1.000000000012671	0.0	61.76176176176177
-1.2534620035815259e-11	1.000000000012535	0.0	61.86186186186187
-1.239868472949351e-11	1.0000000000123992	0.0	61.96196196196197
-1.2262749423171763e-11	1.0000000000122633	0.0	62.06206206206207
-1.2126814116850015e-11	1.0000000000121272	0.0	62.16216216216217
-1.1990878810528266e-11	1.0000000000119913	0.0	62.26226226226227
-1.1854943504206519e-11	1.0000000000118554	0.0	62.36236236236237
-1.171900819788477e-11	1.0000000000117195	0.0	62.46246246246247
-1.1583072891563025e-11	1.0000000000115836	0.0	62.56256256256257
-1.1447137585241277e-11	1.0000000000114475	0.0	62.66266266266267
-1.1311202278919528e-11	1.0000000000113116	0.0	62.76276276276277
-1.1175266972597781e-11	1.0000000000111757	0.0	62.86286286286287
-1.1039331666276032e-11	1.0000000000110398	0.0	62.96296296296297
-1.0903396359954285e-11	1.000000000010904	0.0	63.06306306306307
-1.0767461053632538e-11	1.0000000000107678	0.0	63.16316316316317
-1.063152574731079e-11	1.000000000010632	0.0	63.26326326326327
-1.0495590440989042e-11	1.000000000010496	0.0	63.36336336336337
-1.0359655134667294e-11	1.0000000000103602	0.0	63.46346346346347
-1.0223719828345547e-11	1.0000000000102243	0.0	63.56356356356357
-1.00877845220238e-11	1.0000000000100882	0.0	63.66366366366367
-9.951849215702051e-12	1.0000000000099523	0.0	63.76376376376377
-9.815913909380304e-12	1.0000000000098164	0.0	63.86386386386387
-9.679978603058555e-12	1.0000000000096805	0.0	63.96396396396397
-9.54404329673681e-12	1.0000000000095446	0.0	64.06406406406407
-9.40810799041507e-12	1.0000000000094085	0.0	64.16416416416416
-9.272172684093313e-12	1.0000000000092726	0.0	64.26426426426427
-9.136237377771574e-12	1.0000000000091367	0.0	64.36436436436436
-9.000302071449817e-12	1.0000000000090008	0.0	64.46446446446447
-8.86436676512808e-12	1.000000000008865	0.0	64.56456456456456
-8.728431458806323e-12	1.0000000000087288	0.0	64.66466466466467
-8.592496152484583e-12	1.000000000008593	0.0	64.76476476476476
-8.456560846162826e-12	1.000000000008457	0.0	64.86486486486487
-8.320625539841089e-12	1.0000000000083211	0.0	64.96496496496496
-8.18469023351933e-12	1.0000000000081852	0.0	65.06506506506507
-8.048754927197594e-12	1.0000000000080493	0.0	65.16516516516516
-7.912819620875836e-12	1.0000000000079132	0.0	65.26526526526527
-7.776884314554098e-12	1.0000000000077773	0.0	65.36536536536536
-7.640949008232341e-12	1.0000000000076414	0.0	65.46546546546547
-7.505013701910602e-12	1.0000000000075056	0.0	65.56556556556556
-7.369078395588845e-12	1.0000000000073697	0.0	65.66566566566567
-7.2331430892671076e-12	1.0000000000072335	0.0	65.76576576576576
-7.09720778294535e-12	1.0000000000070977	0.0	65.86586586586587
-6.961272476623612e-12	1.0000000000069618	0.0	65.96596596596596
-6.825337170301854e-12	1.0000000000068259	0.0	66.06606606606607
-6.689401863980117e-12	1.00000000000669	0.0	66.16616616616616
-6.553466557658359e-12	1.0000000000065539	0.0	66.26626626626627
-6.417531251336621e-12	1.000000000006418	0.0	66.36636636636636
-6.281595945014864e-12	1.000000000006282	0.0	66.46646646646647
-6.1456606386931255e-12	1.0000000000061462	0.0	66.56656656656656
-6.0097253323713685e-12	1.0000000000060103	0.0	66.66666666666667
-5.87379002604963e-12	1.0000000000058742	0.0	66.76676676676676
-5.737854719727873e-12	1.0000000000057383	0.0	66.86686686686687
-5.601919413406135e-12	1.0000000000056024	0.0	66.96696696696696
-5.465984107084377e-12	1.0000000000054665	0.0	67.06706706706707
-5.3300488007626395e-12	1.0000000000053306	0.0	67.16716716716716
-5.194113494440882e-12	1.0000000000051945	0.0	67.26726726726727
-5.058178188119144e-12	1.0000000000050586	0.0	67.36736736736736
-4.9222428817973865e-12	1.0000000000049227	0.0	67.46746746746747
-4.786307575475649e-12	1.0000000000047868	0.0	67.56756756756756
-4.650372269153891e-12	1.000000000004651	0.0	67.66766766766767
-4.514436962832153e-12	1.0000000000045148	0.0	67.76776776776777
-4.378501656510396e-12	1.000000000004379	0.0	67.86786786786787
-4.2425663501886574e-12	1.000000000004243	0.0	67.96796796796797
-4.1066310438669e-12	1.0000000000041072	0.0	68.06806806806807
-3.970695737545162e-12	1.0000000000039713	0.0	68.16816816816817
-3.834760431223405e-12	1.0000000000038352	0.0	68.26826826826827
-3.698825124901648e-12	1.0000000000036993	0.0	68.36836836836838
-3.5628898185799094e-12	1.0000000000035634	0.0	68.46846846846847
-3.426954512258152e-12	1.0000000000034275	0.0	68.56856856856858
-3.2910192059364145e-12	1.0000000000032916	0.0	68.66866866866867
-3.1550838996146568e-12	1.0000000000031555	0.0	68.76876876876878
-3.0191485932929192e-12	1.0000000000030196	0.0	68.86886886886887
-2.8832132869711615e-12	1.0000000000028837	0.0	68.96896896896898
-2.7472779806494235e-12	1.0000000000027478	0.0	69.06906906906907
-2.611342674327666e-12	1.000000000002612	0.0	69.16916916916918
-2.4754073680059278e-12	1.0000000000024758	0.0	69.26926926926927
-2.339472061684171e-12	1.00000000000234	0.0	69.36936936936938
-2.203536755362433e-12	1.000000000002204	0.0	69.46946946946947
-2.0676014490406755e-12	1.0000000000020681	0.0	69.56956956956958
-1.931666142718937e-12	1.0000000000019322	0.0	69.66966966966967
-1.79573083639718e-12	1.0000000000017961	0.0	69.76976976976978
-1.6597955300754418e-12	1.0000000000016602	0.0	69.86986986986987
-1.5238602237536844e-12	1.0000000000015243	0.0	69.96996996996998
-1.3879249174319465e-12	1.0000000000013884	0.0	70.07007007007007
-1.3547829469062862e-12	1.0000000000013551	0.0	70.17017017017018
-1.3506651490931285e-12	1.0000000000013511	0.0	70.27027027027027
-1.3465473512799701e-12	1.000000000001347	0.0	70.37037037037038
-1.3424295534668122e-12	1.000000000001343	0.0	70.47047047047047
-1.3383117556536539e-12	1.0000000000013387	0.0	70.57057057057058
-1.3341939578404961e-12	1.0000000000013345	0.0	70.67067067067067
-1.3300761600273378e-12	1.0000000000013305	0.0	70.77077077077078
-1.3259583622141798e-12	1.0000000000013263	0.0	70.87087087087087
-1.3218405644010215e-12	1.0000000000013223	0.0	70.97097097097098
-1.3177227665878637e-12	1.000000000001318	0.0	71.07107107107107
-1.3136049687747054e-12	1.000000000001314	0.0	71.17117117117118
-1.3094871709615476e-12	1.0000000000013098	0.0	71.27127127127127
-1.305369373148389e-12	1.0000000000013058	0.0	71.37137137137138
-1.3012515753352313e-12	1.0000000000013016	0.0	71.47147147147147
-1.297133777522073e-12	1.0000000000012976	0.0	71.57157157157158
-1.2930159797089152e-12	1.0000000000012934	0.0	71.67167167167167
-1.2888981818957567e-12	1.0000000000012892	0.0	71.77177177177178
-1.284780384082599e-12	1.0000000000012852	0.0	71.87187187187187
-1.2806625862694406e-12	1.000000000001281	0.0	71.97197197197198
-1.2765447884562829e-12	1.000000000001277	0.0	72.07207207207207
-1.2724269906431245e-12	1.0000000000012728	0.0	72.17217217217218
-1.2683091928299666e-12	1.0000000000012688	0.0	72.27227227227228
-1.2641913950168082e-12	1.0000000000012645	0.0	72.37237237237238
-1.2600735972036505e-12	1.0000000000012605	0.0	72.47247247247248
-1.2559557993904921e-12	1.0000000000012563	0.0	72.57257257257258
-1.2518380015773342e-12	1.0000000000012523	0.0	72.67267267267268
-1.2477202037641758e-12	1.0000000000012481	0.0	72.77277277277278
-1.243602405951018e-12	1.000000000001244	0.0	72.87287287287288
-1.2394846081378597e-12	1.00000000000124	0.0	72.97297297297298
-1.2353668103247018e-12	1.0000000000012357	0.0	73.07307307307308
-1.2312490125115434e-12	1.0000000000012317	0.0	73.17317317317318
-1.2271312146983857e-12	1.0000000000012275	0.0	73.27327327327328
-1.2230134168852273e-12	1.0000000000012235	0.0	73.37337337337338
-1.2188956190720694e-12	1.0000000000012192	0.0	73.47347347347348
-1.214777821258911e-12	1.0000000000012153	0.0	73.57357357357358
-1.2106600234457533e-12	1.000000000001211	0.0	73.67367367367368
-1.206542225632595e-12	1.000000000001207	0.0	73.77377377377378
-1.202424427819437e-12	1.0000000000012028	0.0	73.87387387387388
-1.1983066300062787e-12	1.0000000000011986	0.0	73.97397397397398
-1.194188832193121e-12	1.0000000000011946	0.0	74.07407407407408
-1.1900710343799626e-12	1.0000000000011904	0.0	74.17417417417418
-1.1859532365668046e-12	1.0000000000011864	0.0	74.27427427427428
-1.1818354387536463e-12	1.0000000000011822	0.0	74.37437437437438
-1.1777176409404885e-12	1.0000000000011782	0.0	74.47447447447448
-1.1735998431273302e-12	1.000000000001174	0.0	74.57457457457458
-1.1694820453141722e-12	1.00000000000117	0.0	74.67467467467468
-1.1653642475010139e-12	1.0000000000011657	0.0	74.77477477477478
-1.1612464496878561e-12	1.0000000000011617	0.0	74.87487487487488
-1.1571286518746978e-12	1.0000000000011575	0.0	74.97497497497498
-1.1530108540615398e-12	1.0000000000011533	0.0	75.07507507507508
-1.1488930562483815e-12	1.0000000000011493	0.0	75.17517517517518
-1.1447752584352238e-12	1.000000000001145	0.0	75.27527527527528
-1.1406574606220654e-12	1.000000000001141	0.0	75.37537537537538
-1.1365396628089077e-12	1.0000000000011369	0.0	75.47547547547548
-1.1324218649957491e-12	1.0000000000011329	0.0	75.57557557557558
-1.1283040671825914e-12	1.0000000000011287	0.0	75.67567567567568
-1.124186269369433e-12	1.0000000000011247	0.0	75.77577577577578
-1.1200684715562753e-12	1.0000000000011204	0.0	75.87587587587588
-1.1159506737431167e-12	1.0000000000011164	0.0	75.97597597597598
-1.111832875929959e-12	1.0000000000011122	0.0	76.07607607607608
-1.1077150781168006e-12	1.000000000001108	0.0	76.17617617617618
-1.1035972803036429e-12	1.000000000001104	0.0	76.27627627627628
-1.0994794824904845e-12	1.0000000000010998	0.0	76.37637637637638
-1.0953616846773266e-12	1.0000000000010958	0.0	76.47647647647648
-1.0912438868641682e-12	1.0000000000010916	0.0	76.57657657657658
-1.0871260890510105e-12	1.0000000000010876	0.0	76.67667667667668
-1.0830082912378521e-12	1.0000000000010834	0.0	76.77677677677679
-1.0788904934246942e-12	1.0000000000010794	0.0	76.87687687687688
-1.0747726956115359e-12	1.0000000000010751	0.0	76.97697697697699
-1.0706548977983781e-12	1.0000000000010711	0.0	77.07707707707708
-1.0665370999852198e-12	1.000000000001067	0.0	77.17717717717719
-1.0624193021720618e-12	1.0000000000010627	0.0	77.27727727727728
-1.0583015043589035e-12	1.0000000000010587	0.0	77.37737737737739
-1.0541837065457457e-12	1.0000000000010545	0.0	77.47747747747748
-1.0500659087325874e-12	1.0000000000010505	0.0	77.57757757757759
-1.0459481109194294e-12	1.0000000000010463	0.0	77.67767767767768
-1.041830313106271e-12	1.0000000000010423	0.0	77.77777777777779
-1.0377125152931133e-12	1.000000000001038	0.0	77.87787787787788
-1.033594717479955e-12	1.000000000001034	0.0	77.97797797797799
-1.029476919666797e-12	1.0000000000010298	0.0	78.07807807807808
-1.0253591218536387e-12	1.0000000000010258	0.0	78.17817817817819
-1.021241324040481e-12	1.0000000000010216	0.0	78.27827827827828
-1.0171235262273226e-12	1.0000000000010174	0.0	78.37837837837839
-1.0130057284141647e-12	1.0000000000010134	0.0	78.47847847847848
-1.0088879306010063e-12	1.0000000000010092	0.0	78.57857857857859
-1.0047701327878486e-12	1.0000000000010052	0.0	78.67867867867868
-1.0006523349746902e-12	1.000000000001001	0.0	78.77877877877879
-9.965345371615323e-13	1.000000000000997	0.0	78.87887887887888
-9.92416739348374e-13	1.0000000000009928	0.0	78.97897897897899
-9.882989415352162e-13	1.0000000000009888	0.0	79.07907907907908
-9.841811437220578e-13	1.0000000000009845	0.0	79.17917917917919
-9.800633459089e-13	1.0000000000009805	0.0	79.27927927927928
-9.759455480957415e-13	1.0000000000009763	0.0	79.37937937937939
-9.718277502825838e-13	1.0000000000009721	0.0	79.47947947947948
-9.677099524694254e-13	1.0000000000009681	0.0	79.57957957957959
-9.635921546562677e-13	1.000000000000964	0.0	79.67967967967968
-9.594743568431091e-13	1.00000000000096	0.0	79.77977977977979
-9.553565590299514e-13	1.0000000000009557	0.0	79.87987987987988
-9.51238761216793e-13	1.0000000000009517	0.0	79.97997997997999
-9.471209634036353e-13	1.0000000000009475	0.0	80.08008008008008
-9.43003165590477e-13	1.0000000000009435	0.0	80.18018018018019
-9.38885367777319e-13	1.0000000000009392	0.0	80.28028028028028
-9.347675699641607e-13	1.0000000000009353	0.0	80.38038038038039
-9.306497721510027e-13	1.000000000000931	0.0	80.48048048048048
-9.265319743378444e-13	1.0000000000009268	0.0	80.58058058058059
-9.224141765246866e-13	1.0000000000009228	0.0	80.68068068068068
-9.182963787115283e-13	1.0000000000009186	0.0	80.78078078078079
-9.141785808983705e-13	1.0000000000009146	0.0	80.88088088088088
-9.100607830852122e-13	1.0000000000009104	0.0	80.98098098098099
-9.059429852720542e-13	1.0000000000009064	0.0	81.08108108108108
-9.018251874588959e-13	1.0000000000009022	0.0	81.18118118118119
-8.977073896457381e-13	1.0000000000008982	0.0	81.28128128128128
-8.935895918325797e-13	1.000000000000894	0.0	81.38138138138139
-8.894717940194219e-13	1.00000000000089	0.0	81.48148148148148
-8.853539962062635e-13	1.0000000000008857	0.0	81.58158158158159
-8.812361983931058e-13	1.0000000000008815	0.0	81.68168168168168
-8.771184005799473e-13	1.0000000000008775	0.0	81.78178178178179
-8.730006027667896e-13	1.0000000000008733	0.0	81.88188188188188
-8.688828049536311e-13	1.0000000000008693	0.0	81.98198198198199
-8.647650071404734e-13	1.000000000000865	0.0	82.08208208208208
-8.60647209327315e-13	1.000000000000861	0.0	82.18218218218219
-8.565294115141572e-13	1.0000000000008569	0.0	82.28228228228228
-8.524116137009988e-13	1.0000000000008529	0.0	82.38238238238239
-8.48293815887841e-13	1.0000000000008487	0.0	82.48248248248248
-8.441760180746826e-13	1.0000000000008447	0.0	82.58258258258259
-8.400582202615248e-13	1.0000000000008404	0.0	82.68268268268268
-8.359404224483664e-13	1.0000000000008362	0.0	82.78278278278279
-8.318226246352086e-13	1.0000000000008322	0.0	82.88288288288288
-8.277048268220502e-13	1.000000000000828	0.0	82.98298298298299
-8.235870290088924e-13	1.000000000000824	0.0	83.08308308308308
-8.19469231195734e-13	1.0000000000008198	0.0	83.18318318318319
-8.153514333825762e-13	1.0000000000008158	0.0	83.28328328328328
-8.112336355694179e-13	1.0000000000008116	0.0	83.38338338338339
-8.071158377562601e-13	1.0000000000008076	0.0	83.48348348348348
-8.029980399431017e-13	1.0000000000008034	0.0	83.58358358358359
-7.988802421299439e-13	1.0000000000007994	0.0	83.68368368368368
-7.947624443167855e-13	1.0000000000007951	0.0	83.78378378378379
-7.906446465036277e-13	1.000000000000791	0.0	83.88388388388388
-7.865268486904693e-13	1.000000000000787	0.0	83.98398398398399
-7.824090508773115e-13	1.0000000000007827	0.0	84.08408408408408
-7.782912530641531e-13	1.0000000000007787	0.0	84.18418418418419
-7.741734552509953e-13	1.0000000000007745	0.0	84.28428428428428
-7.700556574378369e-13	1.0000000000007705	0.0	84.38438438438439
-7.659378596246791e-13	1.0000000000007663	0.0	84.48448448448448
-7.618200618115207e-13	1.0000000000007623	0.0	84.58458458458459
-7.577022639983629e-13	1.000000000000758	0.0	84.68468468468468
-7.535844661852045e-13	1.000000000000754	0.0	84.78478478478479
-7.494666683720468e-13	1.0000000000007498	0.0	84.88488488488488
-7.453488705588883e-13	1.0000000000007456	0.0	84.98498498498499
-7.412310727457306e-13	1.0000000000007416	0.0	85.08508508508508
-7.371132749325721e-13	1.0000000000007374	0.0	85.18518518518519
-7.329954771194144e-13	1.0000000000007334	0.0	85.28528528528528
-7.288776793062559e-13	1.0000000000007292	0.0	85.38538538538539
-7.247598814930976e-13	1.0000000000007252	0.0	85.4854854854855
-7.206420836799397e-13	1.000000000000721	0.0	85.58558558558559
-7.165242858667814e-13	1.000000000000717	0.0	85.6856856856857
-7.124064880536236e-13	1.0000000000007128	0.0	85.78578578578579
-7.082886902404652e-13	1.0000000000007088	0.0	85.8858858858859
-7.041708924273074e-13	1.0000000000007045	0.0	85.98598598598599
-7.00053094614149e-13	1.0000000000007003	0.0	86.0860860860861
-6.959352968009912e-13	1.0000000000006963	0.0	86.18618618618619
-6.918174989878328e-13	1.0000000000006921	0.0	86.2862862862863
-6.87699701174675e-13	1.0000000000006881	0.0	86.38638638638639
-6.835819033615166e-13	1.000000000000684	0.0	86.4864864864865
-6.79464105548359e-13	1.00000000000068	0.0	86.58658658658659
-6.753463077352004e-13	1.0000000000006757	0.0	86.6866866866867
-6.712285099220428e-13	1.0000000000006717	0.0	86.78678678678679
-6.671107121088842e-13	1.0000000000006675	0.0	86.8868868868869
-6.629929142957266e-13	1.0000000000006635	0.0	86.98698698698699
-6.588751164825681e-13	1.0000000000006593	0.0	87.0870870870871
-6.547573186694104e-13	1.0000000000006553	0.0	87.18718718718719
-6.506395208562519e-13	1.000000000000651	0.0	87.2872872872873
-6.465217230430942e-13	1.0000000000006468	0.0	87.38738738738739
-6.424039252299357e-13	1.0000000000006428	0.0	87.4874874874875
-6.38286127416778e-13	1.0000000000006386	0.0	87.58758758758759
-6.341683296036195e-13	1.0000000000006346	0.0	87.6876876876877
-6.300505317904618e-13	1.0000000000006304	0.0	87.78778778778779
-6.259327339773034e-13	1.0000000000006264	0.0	87.8878878878879
-6.218149361641456e-13	1.0000000000006222	0.0	87.98798798798799
-6.176971383509872e-13	1.0000000000006182	0.0	88.0880880880881
-6.135793405378294e-13	1.000000000000614	0.0	88.18818818818819
-6.094615427246711e-13	1.00000000000061	0.0	88.2882882882883
-6.053437449115132e-13	1.0000000000006057	0.0	88.38838838838839
-6.012259470983549e-13	1.0000000000006015	0.0	88.4884884884885
-5.97108149285197e-13	1.0000000000005975	0.0	88.58858858858859
-5.929903514720387e-13	1.0000000000005933	0.0	88.6886886886887
-5.888725536588808e-13	1.0000000000005893	0.0	88.78878878878879
-5.847547558457225e-13	1.000000000000585	0.0	88.8888888888889
-5.806369580325646e-13	1.000000000000581	0.0	88.988988988989
-5.765191602194063e-13	1.0000000000005769	0.0	89.0890890890891
-5.724013624062484e-13	1.0000000000005729	0.0	89.1891891891892
-5.682835645930901e-13	1.0000000000005687	0.0	89.2892892892893
-5.641657667799322e-13	1.0000000000005647	0.0	89.3893893893894
-5.600479689667739e-13	1.0000000000005604	0.0	89.4894894894895
-5.55930171153616e-13	1.0000000000005562	0.0	89.5895895895896
-5.518123733404577e-13	1.0000000000005522	0.0	89.6896896896897
-5.476945755272998e-13	1.000000000000548	0.0	89.7897897897898
-5.435767777141415e-13	1.000000000000544	0.0	89.8898898898899
-5.394589799009837e-13	1.0000000000005398	0.0	89.98998998999
-5.353411820878253e-13	1.0000000000005358	0.0	90.0900900900901
-5.312233842746675e-13	1.0000000000005316	0.0	90.1901901901902
-5.271055864615091e-13	1.0000000000005276	0.0	90.2902902902903
-5.229877886483513e-13	1.0000000000005234	0.0	90.3903903903904
-5.188699908351929e-13	1.0000000000005194	0.0	90.4904904904905
-5.147521930220351e-13	1.0000000000005151	0.0	90.5905905905906
-5.106343952088767e-13	1.000000000000511	0.0	90.6906906906907
-5.06516597395719e-13	1.000000000000507	0.0	90.7907907907908
-5.023987995825605e-13	1.0000000000005027	0.0	90.8908908908909
-4.982810017694028e-13	1.0000000000004987	0.0	90.990990990991
-4.941632039562443e-13	1.0000000000004945	0.0	91.0910910910911
-4.900454061430866e-13	1.0000000000004905	0.0	91.1911911911912
-4.859276083299282e-13	1.0000000000004863	0.0	91.2912912912913
-4.818098105167703e-13	1.0000000000004823	0.0	91.3913913913914
-4.776920127036119e-13	1.000000000000478	0.0	91.4914914914915
-4.735742148904542e-13	1.000000000000474	0.0	91.5915915915916
-4.694564170772959e-13	1.0000000000004698	0.0	91.6916916916917
-4.65338619264138e-13	1.0000000000004656	0.0	91.7917917917918
-4.612208214509796e-13	1.0000000000004616	0.0	91.8918918918919
-4.571030236378218e-13	1.0000000000004574	0.0	91.991991991992
-4.529852258246634e-13	1.0000000000004534	0.0	92.0920920920921
-4.488674280115056e-13	1.0000000000004492	0.0	92.1921921921922
-4.447496301983472e-13	1.0000000000004452	0.0	92.2922922922923
-4.4063183238518943e-13	1.000000000000441	0.0	92.3923923923924
-4.3651403457203103e-13	1.000000000000437	0.0	92.4924924924925
-4.3239623675887324e-13	1.0000000000004328	0.0	92.5925925925926
-4.282784389457149e-13	1.0000000000004288	0.0	92.6926926926927
-4.2416064113255704e-13	1.0000000000004245	0.0	92.7927927927928
-4.200428433193987e-13	1.0000000000004203	0.0	92.8928928928929
-4.1592504550624085e-13	1.0000000000004163	0.0	92.992992992993
-4.118072476930825e-13	1.0000000000004121	0.0	93.0930930930931
-4.0768944987992465e-13	1.0000000000004081	0.0	93.1931931931932
-4.035716520667663e-13	1.000000000000404	0.0	93.2932932932933
-3.9945385425360846e-13	1.0000000000004	0.0	93.3933933933934
-3.953360564404501e-13	1.0000000000003957	0.0	93.4934934934935
-3.9121825862729227e-13	1.0000000000003917	0.0	93.5935935935936
-3.871004608141339e-13	1.0000000000003875	0.0	93.6936936936937
-3.829826630009761e-13	1.0000000000003835	0.0	93.7937937937938
-3.788648651878177e-13	1.0000000000003793	0.0	93.8938938938939
-3.7474706737466e-13	1.000000000000375	0.0	93.993993993994
-3.7062926956150153e-13	1.000000000000371	0.0	94.0940940940941
-3.665114717483438e-13	1.0000000000003668	0.0	94.1941941941942
-3.6239367393518534e-13	1.0000000000003628	0.0	94.2942942942943
-3.582758761220276e-13	1.0000000000003586	0.0	94.3943943943944
-3.5415807830886914e-13	1.0000000000003546	0.0	94.4944944944945
-3.500402804957114e-13	1.0000000000003504	0.0	94.5945945945946
-3.45922482682553e-13	1.0000000000003464	0.0	94.6946946946947
-3.418046848693952e-13	1.0000000000003422	0.0	94.7947947947948
-3.376868870562368e-13	1.0000000000003382	0.0	94.8948948948949
-3.33569089243079e-13	1.000000000000334	0.0	94.994994994995
-3.294512914299206e-13	1.0000000000003297	0.0	95.0950950950951
-3.253334936167628e-13	1.0000000000003257	0.0	95.1951951951952
-3.212156958036044e-13	1.0000000000003215	0.0	95.2952952952953
-3.170978979904466e-13	1.0000000000003175	0.0	95.3953953953954
-3.129801001772882e-13	1.0000000000003133	0.0	95.4954954954955
-3.0886230236413043e-13	1.0000000000003093	0.0	95.5955955955956
-3.0474450455097203e-13	1.000000000000305	0.0	95.6956956956957
-3.0062670673781424e-13	1.000000000000301	0.0	95.7957957957958
-2.9650890892465584e-13	1.0000000000002969	0.0	95.8958958958959
-2.923911111114981e-13	1.0000000000002929	0.0	95.995995995996
-2.882733132983397e-13	1.0000000000002887	0.0	96.0960960960961
-2.841555154851819e-13	1.0000000000002844	0.0	96.1961961961962
-2.800377176720235e-13	1.0000000000002804	0.0	96.2962962962963
-2.759199198588657e-13	1.0000000000002762	0.0	96.3963963963964
-2.718021220457073e-13	1.0000000000002722	0.0	96.4964964964965
-2.676843242325495e-13	1.000000000000268	0.0	96.5965965965966
-2.635665264193911e-13	1.000000000000264	0.0	96.6966966966967
-2.594487286062333e-13	1.0000000000002598	0.0	96.7967967967968
-2.553309307930749e-13	1.0000000000002558	0.0	96.8968968968969
-2.512131329799171e-13	1.0000000000002516	0.0	96.996996996997
-2.470953351667587e-13	1.0000000000002476	0.0	97.0970970970971
-2.4297753735360093e-13	1.0000000000002434	0.0	97.1971971971972
-2.3885973954044253e-13	1.0000000000002391	0.0	97.2972972972973
-2.3474194172728474e-13	1.0000000000002351	0.0	97.3973973973974
-2.306241439141264e-13	1.000000000000231	0.0	97.4974974974975
-2.2650634610096857e-13	1.000000000000227	0.0	97.5975975975976
-2.223885482878102e-13	1.0000000000002227	0.0	97.6976976976977
-2.1827075047465237e-13	1.0000000000002187	0.0	97.7977977977978
-2.14152952661494e-13	1.0000000000002145	0.0	97.8978978978979
-2.100351548483362e-13	1.0000000000002105	0.0	97.997997997998
-2.059173570351778e-13	1.0000000000002063	0.0	98.0980980980981
-2.0179955922202e-13	1.0000000000002023	0.0	98.1981981981982
-1.9768176140886164e-13	1.000000000000198	0.0	98.2982982982983
-1.9356396359570382e-13	1.0000000000001938	0.0	98.3983983983984
-1.8944616578254544e-13	1.0000000000001898	0.0	98.4984984984985
-1.8532836796938765e-13	1.0000000000001856	0.0	98.5985985985986
-1.8121057015622925e-13	1.0000000000001816	0.0	98.6986986986987
-1.7709277234307145e-13	1.0000000000001774	0.0	98.7987987987988
-1.7297497452991305e-13	1.0000000000001734	0.0	98.8988988988989
-1.6885717671675526e-13	1.0000000000001692	0.0	98.998998998999
-1.6473937890359686e-13	1.0000000000001652	0.0	99.0990990990991
-1.6062158109043907e-13	1.000000000000161	0.0	99.1991991991992
-1.565037832772807e-13	1.000000000000157	0.0	99.2992992992993
-1.523859854641229e-13	1.0000000000001528	0.0	99.3993993993994
-1.482681876509645e-13	1.0000000000001485	0.0	99.4994994994995
-1.441503898378067e-13	1.0000000000001446	0.0	99.5995995995996
-1.400325920246483e-13	1.0000000000001403	0.0	99.6996996996997
-1.359147942114905e-13	1.0000000000001363	0.0	99.7997997997998
-1.317969963983321e-13	1.0000000000001321	0.0	99.8998998998999
-1.2767919858517432e-13	1.0000000000001281	0.0	100.0
