0.899	0.001	0.1	0.0
0.8989909603324487	0.0010090396675512018	0.1	0.1001001001001001
0.898981839055869	0.0010181609441309101	0.1	0.2002002002002002
0.8989726354632677	0.0010273645367323636	0.1	0.3003003003003003
0.8989633487260672	0.0010366512739329004	0.1	0.4004004004004004
0.8989539783312093	0.0010460216687908108	0.1	0.5005005005005005
0.8989445234125296	0.0010554765874704333	0.1	0.6006006006006006
0.8989349831704564	0.0010650168295436428	0.1	0.7007007007007008
0.8989253568054177	0.0010746431945823137	0.1	0.8008008008008008
0.8989156435178417	0.0010843564821583214	0.1	0.9009009009009009
0.8989058425081565	0.00109415749184354	0.1	1.001001001001001
0.8988959529767903	0.0011040470232098443	0.1	1.1011011011011012
0.8988859741241709	0.0011140258758291094	0.1	1.2012012012012012
0.8988759051507268	0.0011240948492732097	0.1	1.3013013013013013
0.898865745256886	0.0011342547431140199	0.1	1.4014014014014016
0.8988554936283772	0.001144506371622694	0.1	1.5015015015015016
0.8988451493397862	0.0011548506602138125	0.1	1.6016016016016017
0.8988347115401961	0.0011652884598038257	0.1	1.7017017017017018
0.8988241794021689	0.0011758205978311656	0.1	1.8018018018018018
0.8988135520982657	0.0011864479017342647	0.1	1.9019019019019021
0.8988028288010484	0.0011971711989515554	0.1	2.002002002002002
0.8987920086830785	0.0012079913169214698	0.1	2.1021021021021022
0.8987810909169176	0.0012189090830824402	0.1	2.2022022022022023
0.898770074675127	0.0012299253248728992	0.1	2.3023023023023024
0.8987589591302687	0.0012410408697312789	0.1	2.4024024024024024
0.8987477434549039	0.0012522565450960115	0.1	2.5025025025025025
0.8987364267552154	0.0012635732447845865	0.1	2.6026026026026026
0.8987250078179891	0.0012749921820108855	0.1	2.702702702702703
0.8987134856832133	0.0012865143167867027	0.1	2.802802802802803
0.8987018594397069	0.0012981405602930794	0.1	2.902902902902903
0.8986901281762889	0.0013098718237110573	0.1	3.0030030030030033
0.8986782909817783	0.0013217090182216773	0.1	3.1031031031031033
0.898666346944994	0.0013336530550059813	0.1	3.2032032032032034
0.898654295154755	0.00134570484524501	0.1	3.3033033033033035
0.8986421346998802	0.001357865300119805	0.1	3.4034034034034035
0.8986298646691886	0.001370135330811408	0.1	3.5035035035035036
0.8986174841514991	0.0013825158485008598	0.1	3.6036036036036037
0.8986049881644628	0.001395011835537149	0.1	3.7037037037037037
0.8985923846372387	0.0014076153627612937	0.1	3.8038038038038042
0.8985796668623262	0.001420333137673819	0.1	3.9039039039039043
0.8985668339103803	0.0014331660896196865	0.1	4.004004004004004
0.8985538848435174	0.001446115156482581	0.1	4.104104104104104
0.898540818715315	0.001459181284684908	0.1	4.2042042042042045
0.8985276345708122	0.0014723654291877947	0.1	4.3043043043043046
0.8985143314465088	0.0014856685534910903	0.1	4.404404404404405
0.8985009083703666	0.0014990916296333651	0.1	4.504504504504505
0.898487364361808	0.0015126356381919114	0.1	4.604604604604605
0.8984736984317172	0.0015263015682827432	0.1	4.704704704704705
0.8984599094655509	0.0015400905344490317	0.1	4.804804804804805
0.8984459961055501	0.0015540038944498302	0.1	4.904904904904905
0.898431957238973	0.0015680427610270157	0.1	5.005005005005005
0.8984177917560369	0.0015822082439631462	0.1	5.105105105105105
0.8984034985338712	0.0015965014661287065	0.1	5.205205205205205
0.8983890764365179	0.0016109235634821084	0.1	5.305305305305305
0.8983745243149303	0.0016254756850696897	0.1	5.405405405405406
0.8983598410069743	0.0016401589930257145	0.1	5.505505505505506
0.8983450253374275	0.0016549746625723742	0.1	5.605605605605606
0.8983300761179802	0.0016699238820197864	0.1	5.705705705705706
0.898314992147234	0.0016850078527659953	0.1	5.805805805805806
0.898299772210703	0.0017002277892969719	0.1	5.9059059059059065
0.8982844150808134	0.0017155849191866134	0.1	6.0060060060060065
0.8982689195169032	0.0017310804830967437	0.1	6.106106106106107
0.8982532842652229	0.0017467157347771135	0.1	6.206206206206207
0.8982375080589345	0.0017624919410653996	0.1	6.306306306306307
0.8982215896181127	0.001778410381887206	0.1	6.406406406406407
0.8982055276869999	0.0017944723130001357	0.1	6.506506506506507
0.8981893210174823	0.0018106789825177564	0.1	6.606606606606607
0.8981729683063556	0.00182703169364439	0.1	6.706706706706707
0.8981564682379993	0.001843531762000742	0.1	6.806806806806807
0.898139819484571	0.0018601805154289856	0.1	6.906906906906907
0.8981230207060072	0.0018769792939927622	0.1	7.007007007007007
0.8981060705500229	0.0018939294499771809	0.1	7.107107107107107
0.8980889676521112	0.001911032347888819	0.1	7.207207207207207
0.8980717106355443	0.0019282893644557216	0.1	7.307307307307307
0.8980542981113726	0.001945701888627402	0.1	7.407407407407407
0.8980367286784252	0.0019632713215748413	0.1	7.507507507507508
0.8980190009233096	0.0019809990766904884	0.1	7.6076076076076085
0.8980011134204118	0.0019988865795882603	0.1	7.7077077077077085
0.8979830647318965	0.0020169352681035425	0.1	7.807807807807809
0.8979648534077068	0.002035146592293188	0.1	7.907907907907909
0.8979464779855645	0.002053522014435517	0.1	8.008008008008009
0.8979279369909497	0.0020720630090502743	0.1	8.108108108108109
0.8979092289357546	0.002090771064245334	0.1	8.208208208208209
0.8978903523199104	0.0021096476800895967	0.1	8.308308308308309
0.8978713056318427	0.0021286943681573197	0.1	8.408408408408409
0.8978520873477335	0.002147912652266476	0.1	8.508508508508509
0.8978326959315213	0.0021673040684787575	0.1	8.608608608608609
0.8978131298349004	0.002186870165099571	0.1	8.70870870870871
0.897793387497322	0.0022066125026780417	0.1	8.80880880880881
0.897773467345993	0.0022265326540070116	0.1	8.90890890890891
0.8977533677958769	0.0022466322041230385	0.1	9.00900900900901
0.8977330872496936	0.0022669127503063993	0.1	9.10910910910911
0.8977126240979189	0.0022873759020810855	0.1	9.20920920920921
0.8976919767187852	0.0023080232812148077	0.1	9.30930930930931
0.897671143478281	0.0023288565217189916	0.1	9.40940940940941
0.8976501227301512	0.0023498772698487816	0.1	9.50950950950951
0.897628912815897	0.0023710871841030375	0.1	9.60960960960961
0.8976075120647756	0.002392487935224337	0.1	9.70970970970971
0.8975859187826716	0.002414081217328468	0.1	9.80980980980981
0.8975641311280655	0.002435868871934439	0.1	9.90990990990991
0.8975421473210372	0.0024578526789628546	0.1	10.01001001001001
0.8975199656054291	0.002480034394570846	0.1	10.11011011011011
0.8974975842108855	0.0025024157891144335	0.1	10.21021021021021
0.8974750013528515	0.002524998647148529	0.1	10.31031031031031
0.8974522152325731	0.0025477847674269336	0.1	10.41041041041041
0.8974292240370977	0.0025707759629023386	0.1	10.51051051051051
0.8974060259392737	0.002593974060726325	0.1	10.61061061061061
0.8973826190977506	0.0026173809022493662	0.1	10.710710710710712
0.8973590016569792	0.0026409983430208217	0.1	10.810810810810812
0.8973351717472111	0.002664828252788944	0.1	10.910910910910912
0.8973111274844991	0.0026888725155008748	0.1	11.011011011011012
0.8972868669706974	0.002713133029302646	0.1	11.111111111111112
0.8972623882934608	0.00273761170653918	0.1	11.211211211211213
0.8972376895262457	0.0027623104737542884	0.1	11.311311311311313
0.8972127687283094	0.0027872312716906733	0.1	11.411411411411413
0.8971876251533116	0.002812374846688405	0.1	11.511511511511513
0.8971622538356796	0.002837746164320464	0.1	11.611611611611613
0.8971366543892944	0.002863345610705674	0.1	11.711711711711713
0.8971108247605745	0.0028891752394255613	0.1	11.811811811811813
0.8970847628814033	0.0029152371185967906	0.1	11.911911911911913
0.8970584666689971	0.002941533331002959	0.1	12.012012012012013
0.8970319340257736	0.0029680659742263877	0.1	12.112112112112113
0.8970051628392202	0.0029948371607799126	0.1	12.212212212212213
0.8969781509817614	0.003021849018238676	0.1	12.312312312312313
0.8969508963106281	0.003049103689371918	0.1	12.412412412412413
0.8969233966677252	0.003076603332274771	0.1	12.512512512512513
0.8968956498795	0.0031043501205000462	0.1	12.612612612612613
0.89686765375681	0.0031323462431900304	0.1	12.712712712712714
0.8968394060947917	0.0031605939052082744	0.1	12.812812812812814
0.8968109046727286	0.0031890953272713856	0.1	12.912912912912914
0.8967821472539192	0.0032178527460808197	0.1	13.013013013013014
0.8967531315855454	0.0032468684144546724	0.1	13.113113113113114
0.8967238553290917	0.0032761446709083666	0.1	13.213213213213214
0.896694316013282	0.0033056839867181198	0.1	13.313313313313314
0.8966645112873213	0.0033354887126787443	0.1	13.413413413413414
0.8966344387874456	0.0033655612125544545	0.1	13.513513513513514
0.8966040961300241	0.003395903869975899	0.1	13.613613613613614
0.8965734809113419	0.003426519088658121	0.1	13.713713713713714
0.8965425907073815	0.003457409292618522	0.1	13.813813813813814
0.8965114230736052	0.003488576926394822	0.1	13.913913913913914
0.896479975544737	0.0035200244552630205	0.1	14.014014014014014
0.8964482456345447	0.003551754365455359	0.1	14.114114114114114
0.8964162308356217	0.0035837691643782815	0.1	14.214214214214214
0.8963839286191696	0.003616071380830398	0.1	14.314314314314315
0.8963513364347796	0.003648663565220443	0.1	14.414414414414415
0.8963184517102148	0.0036815482897852394	0.1	14.514514514514515
0.8962852718511923	0.0037147281488076585	0.1	14.614614614614615
0.8962517942411654	0.003748205758834584	0.1	14.714714714714715
0.8962180162411052	0.0037819837588948684	0.1	14.814814814814815
0.8961839351892827	0.003816064810717301	0.1	14.914914914914915
0.8961495484010514	0.0038504515989485648	0.1	15.015015015015017
0.8961148531686288	0.0038851468313711984	0.1	15.115115115115117
0.8960798467608785	0.003920153239121559	0.1	15.215215215215217
0.8960445264230923	0.003955473576907785	0.1	15.315315315315317
0.8960088893593169	0.003991110640683108	0.1	15.415415415415417
0.8959729327077912	0.004027067292208739	0.1	15.515515515515517
0.8959366536252787	0.004063346374721233	0.1	15.615615615615617
0.8959000492466834	0.004099950753316576	0.1	15.715715715715717
0.895863116681292	0.004136883318707894	0.1	15.815815815815817
0.8958258530125298	0.004174146987470103	0.1	15.915915915915917
0.8957882552977154	0.0042117447022845715	0.1	16.016016016016017
0.8957503205678162	0.004249679432183772	0.1	16.116116116116117
0.895712045827204	0.0042879541727959426	0.1	16.216216216216218
0.8956734280534102	0.004326571946589739	0.1	16.316316316316318
0.8956344641968811	0.004365535803118893	0.1	16.416416416416418
0.8955951511807331	0.004404848819266868	0.1	16.516516516516518
0.8955554859005085	0.004444514099491517	0.1	16.616616616616618
0.8955154652239302	0.004484534776069736	0.1	16.716716716716718
0.8954750859906578	0.004524914009342125	0.1	16.816816816816818
0.8954343450120423	0.004565654987957639	0.1	16.916916916916918
0.8953932390708818	0.004606760929118249	0.1	17.017017017017018
0.8953517649211764	0.004648235078823594	0.1	17.117117117117118
0.8953099192878843	0.0046900807121156435	0.1	17.217217217217218
0.8952676988666766	0.004732301133323347	0.1	17.31731731731732
0.8952251003236926	0.004774899676307296	0.1	17.41741741741742
0.8951821202952955	0.004817879704704375	0.1	17.51751751751752
0.8951387554060329	0.00486124459396709	0.1	17.61761761761762
0.8950950023111249	0.004904997688875127	0.1	17.71771771771772
0.8950508575801598	0.004949142419840261	0.1	17.81781781781782
0.8950063177461781	0.004993682253821982	0.1	17.91791791791792
0.8949613793124757	0.005038620687524419	0.1	18.01801801801802
0.8949160387523942	0.005083961247605864	0.1	18.11811811811812
0.8948702925091118	0.005129707490888297	0.1	18.21821821821822
0.8948241369954332	0.005175863004566904	0.1	18.31831831831832
0.8947775685935805	0.005222431406419615	0.1	18.41841841841842
0.8947305836549835	0.005269416345016615	0.1	18.51851851851852
0.8946831785000702	0.005316821499929881	0.1	18.61861861861862
0.8946353494180573	0.005364650581942698	0.1	18.71871871871872
0.8945870926667409	0.005412907333259191	0.1	18.81881881881882
0.8945384044722863	0.005461595527713844	0.1	18.91891891891892
0.894489281029019	0.005510718970981028	0.1	19.01901901901902
0.8944397184992156	0.005560281500784525	0.1	19.11911911911912
0.894389713012893	0.0056102869871070575	0.1	19.21921921921922
0.8943392606676003	0.005660739332399804	0.1	19.31931931931932
0.8942883575282081	0.005711642471791935	0.1	19.41941941941942
0.8942369996267	0.005763000373300126	0.1	19.51951951951952
0.894185182961962	0.005814817038038094	0.1	19.61961961961962
0.894132903499574	0.005867096500426117	0.1	19.71971971971972
0.8940801571593984	0.005919842840601699	0.1	19.81981981981982
0.894026939770738	0.005973060229262107	0.1	19.91991991991992
0.893973247174648	0.006026752825352115	0.1	20.02002002002002
0.8939190751855884	0.006080924814411616	0.1	20.12012012012012
0.8938644195825746	0.006135580417425494	0.1	20.22022022022022
0.8938092761089363	0.006190723891063742	0.1	20.32032032032032
0.8937536404720785	0.006246359527921587	0.1	20.42042042042042
0.8936975083432405	0.006302491656759616	0.1	20.52052052052052
0.8936408753572562	0.0063591246427439005	0.1	20.62062062062062
0.893583737112314	0.006416262887686121	0.1	20.72072072072072
0.8935260891697164	0.006473910830283689	0.1	20.82082082082082
0.8934679270536402	0.006532072946359879	0.1	20.92092092092092
0.8934092462508961	0.006590753749103946	0.1	21.02102102102102
0.8933500422106888	0.00664995778931125	0.1	21.12112112112112
0.8932903103443767	0.006709689655623385	0.1	21.22122122122122
0.8932300460252318	0.006769953974768303	0.1	21.32132132132132
0.8931692445881997	0.006830755411800438	0.1	21.421421421421424
0.8931079013296592	0.006892098670340824	0.1	21.521521521521525
0.8930460115071829	0.006953988492817231	0.1	21.621621621621625
0.8929835703392958	0.007016429660704283	0.1	21.721721721721725
0.8929205730052365	0.007079426994763584	0.1	21.821821821821825
0.8928570146447162	0.007142985355283842	0.1	21.921921921921925
0.8927928903448998	0.007207109655100344	0.1	22.022022022022025
0.8927281950692135	0.007271804930786671	0.1	22.122122122122125
0.8926629238003081	0.007337076199692086	0.1	22.222222222222225
0.8925970714951533	0.007402928504846859	0.1	22.322322322322325
0.8925306330684516	0.007469366931548566	0.1	22.422422422422425
0.8924636033923546	0.007536396607645495	0.1	22.522522522522525
0.8923959772961801	0.007604022703820049	0.1	22.622622622622625
0.892327749566128	0.007672250433872153	0.1	22.722722722722725
0.8922589149449975	0.007741085055002653	0.1	22.822822822822825
0.8921894681319035	0.0078105318680967185	0.1	22.922922922922925
0.892119403781993	0.007880596218007255	0.1	23.023023023023026
0.8920487165061619	0.007951283493838293	0.1	23.123123123123126
0.8919774008707717	0.008022599129228404	0.1	23.223223223223226
0.8919054513973661	0.008094548602634102	0.1	23.323323323323326
0.8918328625623869	0.00816713743761324	0.1	23.423423423423426
0.8917596287968917	0.008240371203108417	0.1	23.523523523523526
0.8916857444862698	0.008314255513730386	0.1	23.623623623623626
0.8916112039699587	0.008388796030041452	0.1	23.723723723723726
0.8915360015411613	0.008463998458838877	0.1	23.823823823823826
0.8914601314465619	0.008539868553438284	0.1	23.923923923923926
0.8913835878860431	0.00861641211395706	0.1	24.024024024024026
0.8913063650124023	0.00869363498759776	0.1	24.124124124124126
0.8912284566506173	0.008771543349382861	0.1	24.224224224224226
0.8911498573788122	0.008850142621187908	0.1	24.324324324324326
0.8910705608135907	0.008929439186409465	0.1	24.424424424424426
0.8909905608979256	0.009009439102074579	0.1	24.524524524524526
0.8909098515244478	0.009090148475552342	0.1	24.624624624624627
0.8908284265351574	0.009171573464842736	0.1	24.724724724724727
0.8907462797211328	0.009253720278867356	0.1	24.824824824824827
0.8906634048222382	0.009336595177762015	0.1	24.924924924924927
0.890579795526829	0.009420204473171226	0.1	25.025025025025027
0.8904954454714555	0.009504554528544581	0.1	25.125125125125127
0.8904103482405652	0.009589651759434988	0.1	25.225225225225227
0.8903244973662013	0.009675502633798823	0.1	25.325325325325327
0.8902378863277023	0.009762113672297927	0.1	25.425425425425427
0.8901505085513967	0.009849491448603517	0.1	25.525525525525527
0.8900623574102982	0.009937642589701963	0.1	25.625625625625627
0.8899734262237977	0.010026573776202443	0.1	25.725725725725727
0.8898837082573536	0.010116291742646501	0.1	25.825825825825827
0.8897931967221807	0.010206803277819455	0.1	25.925925925925927
0.8897018847749364	0.010298115225063726	0.1	26.026026026026027
0.8896097655174061	0.010390234482594015	0.1	26.126126126126128
0.8895168319961858	0.010483168003814373	0.1	26.226226226226228
0.889423077202363	0.010576922797637174	0.1	26.326326326326328
0.8893284940643988	0.010671505935601362	0.1	26.426426426426428
0.8892330753573175	0.01076692464268266	0.1	26.526526526526528
0.8891368138517991	0.010863186148201094	0.1	26.626626626626628
0.8890397022907404	0.010960297709259883	0.1	26.726726726726728
0.8889417333582545	0.011058266641745656	0.1	26.826826826826828
0.8888428996792769	0.011157100320723305	0.1	26.926926926926928
0.8887431938191664	0.011256806180833804	0.1	27.027027027027028
0.8886426082833052	0.011357391716695003	0.1	27.127127127127128
0.8885411355166948	0.011458864483305416	0.1	27.227227227227228
0.8884387679035493	0.011561232096450987	0.1	27.32732732732733
0.8883354977668854	0.011664502233114828	0.1	27.42742742742743
0.8882313173681102	0.011768682631889942	0.1	27.52752752752753
0.8881262189066053	0.011873781093394932	0.1	27.62762762762763
0.8880201945193075	0.011979805480692683	0.1	27.72772772772773
0.8879132362802882	0.01208676371971203	0.1	27.82782782782783
0.8878053362003278	0.012194663799672396	0.1	27.92792792792793
0.8876964862264888	0.01230351377351143	0.1	28.02802802802803
0.8875866782416846	0.012413321758315604	0.1	28.12812812812813
0.8874759040642464	0.012524095935753807	0.1	28.22822822822823
0.8873641554474863	0.012635844552513908	0.1	28.32832832832833
0.8872514240792579	0.012748575920742307	0.1	28.42842842842843
0.8871377015815137	0.012862298418486465	0.1	28.52852852852853
0.8870229795098598	0.01297702049014041	0.1	28.62862862862863
0.8869072493531069	0.013092750646893228	0.1	28.72872872872873
0.8867905025328197	0.01320949746718054	0.1	28.82882882882883
0.8866727304028613	0.013327269597138936	0.1	28.92892892892893
0.8865539242489368	0.01344607575106343	0.1	29.02902902902903
0.8864340752881323	0.01356592471186785	0.1	29.12912912912913
0.8863131746648271	0.013686825335173073	0.1	29.22922922922923
0.8861912134029902	0.01380878659700989	0.1	29.32932932932933
0.8860681824840626	0.01393181751593754	0.1	29.42942942942943
0.8859440728340086	0.014055927165991588	0.1	29.52952952952953
0.8858188753069637	0.014181124693036434	0.1	29.62962962962963
0.8856925806847228	0.014307419315277355	0.1	29.72972972972973
0.8855651796762241	0.014434820323776111	0.1	29.82982982982983
0.88543666291703	0.014563337082970095	0.1	29.929929929929934
0.8853070209688051	0.01469297903119502	0.1	30.030030030030034
0.8851762443187889	0.014823755681211212	0.1	30.130130130130134
0.8850443233792668	0.014955676620733402	0.1	30.230230230230234
0.8849112484870361	0.015088751512964106	0.1	30.330330330330334
0.8847770099028696	0.015222990097130542	0.1	30.430430430430434
0.8846415978109751	0.015358402189025115	0.1	30.530530530530534
0.8845050023184508	0.015494997681549442	0.1	30.630630630630634
0.8843672134547382	0.015632786545261946	0.1	30.730730730730734
0.8842282211710711	0.015771778828928988	0.1	30.830830830830834
0.8840880153399205	0.01591198466007958	0.1	30.930930930930934
0.8839465857544365	0.016053414245563606	0.1	31.031031031031034
0.8838039221278865	0.016196077872113662	0.1	31.131131131131134
0.8836600140930898	0.01633998590691038	0.1	31.231231231231234
0.8835148512018488	0.01648514879815137	0.1	31.331331331331334
0.8833684229243765	0.01663157707562366	0.1	31.431431431431434
0.8832207186487204	0.016779281351279745	0.1	31.531531531531535
0.883071727680183	0.016928272319817143	0.1	31.631631631631635
0.8829214392407386	0.017078560759261528	0.1	31.731731731731735
0.8827698424684467	0.01723015753155343	0.1	31.831831831831835
0.8826169264168617	0.017383073583138446	0.1	31.931931931931935
0.8824626800648289	0.017537319935171172	0.1	32.032032032032035
0.8823070924484465	0.017692907551553567	0.1	32.132132132132135
0.8821501524395992	0.01784984756040096	0.1	32.232232232232235
0.8819918487815115	0.018008151218488602	0.1	32.332332332332335
0.8818321701323236	0.0181678298676764	0.1	32.432432432432435
0.8816711050645745	0.01832889493542566	0.1	32.532532532532535
0.8815086420646823	0.01849135793531782	0.1	32.632632632632635
0.881344769532425	0.01865523046757509	0.1	32.732732732732735
0.881179475780417	0.01882052421958307	0.1	32.832832832832835
0.8810127490335848	0.018987250966415244	0.1	32.932932932932935
0.8808445774286405	0.01915542257135952	0.1	33.033033033033036
0.8806749490135535	0.019325050986446612	0.1	33.133133133133136
0.8805038517470196	0.01949614825298042	0.1	33.233233233233236
0.8803312734979297	0.019668726502070348	0.1	33.333333333333336
0.8801572020448345	0.01984279795516554	0.1	33.433433433433436
0.879981625075409	0.02001837492459109	0.1	33.533533533533536
0.8798045301859139	0.02019546981408617	0.1	33.633633633633636
0.879625904880656	0.02037409511934411	0.1	33.733733733733736
0.8794457365714456	0.020554263428554424	0.1	33.833833833833836
0.8792640125770533	0.020735987422946772	0.1	33.933933933933936
0.8790807201226631	0.02091927987733688	0.1	34.034034034034036
0.8788958463393257	0.021104153660674363	0.1	34.134134134134136
0.8787093782634076	0.021290621736592543	0.1	34.234234234234236
0.8785213028360399	0.021478697163960177	0.1	34.334334334334336
0.878331606902565	0.021668393097435127	0.1	34.434434434434436
0.8781402772119801	0.021859722788019995	0.1	34.53453453453454
0.8779473004163804	0.022052699583619672	0.1	34.63463463463464
0.8777526630703992	0.02224733692960085	0.1	34.73473473473474
0.877556351640316	0.022443648359684036	0.1	34.83483483483484
0.877358352624293	0.022641647375707008	0.1	34.93493493493494
0.8771586523496312	0.022841347650368778	0.1	35.03503503503504
0.8769572370061967	0.023042762993803298	0.1	35.13513513513514
0.8767540926857792	0.023245907314220788	0.1	35.23523523523524
0.8765492053816075	0.023450794618392435	0.1	35.33533533533534
0.8763425609878644	0.023657439012135524	0.1	35.43543543543544
0.8761341452992009	0.02386585470079909	0.1	35.53553553553554
0.87592394401025	0.02407605598975003	0.1	35.63563563563564
0.8757119427151403	0.024288057284859655	0.1	35.73573573573574
0.8754981269070092	0.02450187309299076	0.1	35.83583583583584
0.8752824819775149	0.024717518022485147	0.1	35.93593593593594
0.8750649932163485	0.0249350067836516	0.1	36.03603603603604
0.8748456458107456	0.02515435418925438	0.1	36.13613613613614
0.8746244248449979	0.02537557515500214	0.1	36.23623623623624
0.8744013152999627	0.025598684700037344	0.1	36.33633633633634
0.8741763020525738	0.02582369794742616	0.1	36.43643643643644
0.8739493698753512	0.02605063012464881	0.1	36.53653653653654
0.8737205034359096	0.026279496564090392	0.1	36.63663663663664
0.8734896872964678	0.0265103127035322	0.1	36.73673673673674
0.8732569059133566	0.02674309408664347	0.1	36.83683683683684
0.8730221436365263	0.026977856363473652	0.1	36.93693693693694
0.8727853847090549	0.02721461529094512	0.1	37.03703703703704
0.8725466132666536	0.02745338673334636	0.1	37.13713713713714
0.8723058133371744	0.027694186662825627	0.1	37.23723723723724
0.8720629688401149	0.027937031159885103	0.1	37.33733733733734
0.8718180635861246	0.028181936413875473	0.1	37.43743743743744
0.871571081276509	0.028428918723491042	0.1	37.53753753753754
0.8713220055156479	0.02867799448435222	0.1	37.63763763763764
0.8710708199684847	0.02892918003151533	0.1	37.73773773773774
0.8708175080944254	0.029182491905574637	0.1	37.83783783783784
0.8705620531926592	0.02943794680734084	0.1	37.93793793793794
0.8703044384534457	0.029695561546554273	0.1	38.03803803803804
0.8700446469577304	0.029955353042269584	0.1	38.13813813813814
0.869782661676761	0.03021733832323899	0.1	38.23823823823824
0.869518465471706	0.030481534528294083	0.1	38.33833833833834
0.8692520410932739	0.030747958906726165	0.1	38.43843843843844
0.8689833711813348	0.031016628818665144	0.1	38.53853853853854
0.868712438264543	0.03128756173545697	0.1	38.63863863863864
0.8684392247599604	0.03156077524003965	0.1	38.73873873873874
0.8681637129726824	0.03183628702731772	0.1	38.83883883883884
0.8678858850954646	0.03211411490453541	0.1	38.93893893893894
0.8676057232083518	0.032394276791648226	0.1	39.03903903903904
0.8673232092783069	0.032676790721693126	0.1	39.13913913913914
0.8670383251588427	0.03296167484115727	0.1	39.23923923923924
0.8667510525896548	0.033248947410345286	0.1	39.33933933933934
0.8664613731962549	0.03353862680374508	0.1	39.43943943943944
0.8661692684896078	0.03383073151039222	0.1	39.53953953953954
0.8658747198657671	0.03412528013423286	0.1	39.63963963963964
0.8655777086055149	0.03442229139448518	0.1	39.73973973973974
0.8652782158740006	0.03472178412599943	0.1	39.83983983983984
0.8649762227203835	0.035023777279616454	0.1	39.93993993993994
0.8646717100774752	0.03532828992252484	0.1	40.04004004004004
0.8643646587613835	0.03563534123861653	0.1	40.14014014014014
0.864055049471159	0.03594495052884108	0.1	40.24024024024024
0.8637428627884417	0.036257137211558356	0.1	40.34034034034034
0.8634280791993862	0.03657192080061375	0.1	40.44044044044044
0.8631106793632557	0.03688932063674432	0.1	40.54054054054054
0.8627906436637331	0.03720935633626685	0.1	40.64064064064064
0.8624679522846906	0.03753204771530937	0.1	40.74074074074074
0.8621425852960782	0.03785741470392178	0.1	40.84084084084084
0.8618145226537234	0.038185477346276635	0.1	40.94094094094094
0.86148374419913	0.03851625580086996	0.1	41.04104104104104
0.8611502296592779	0.038849770340722095	0.1	41.14114114114114
0.8608139586464215	0.039186041353578456	0.1	41.24124124124124
0.8604749106578896	0.039525089342110395	0.1	41.34134134134134
0.860133065075884	0.03986693492411597	0.1	41.44144144144144
0.8597884011672792	0.040211598832720796	0.1	41.54154154154154
0.8594408980834212	0.04055910191657882	0.1	41.64164164164164
0.8590905348599268	0.04090946514007316	0.1	41.74174174174174
0.8587372904164832	0.04126270958351689	0.1	41.84184184184184
0.8583811435566461	0.04161885644335388	0.1	41.94194194194194
0.8580220729676404	0.041977927032359585	0.1	42.04204204204204
0.8576600572201581	0.04233994277984187	0.1	42.14214214214214
0.8572950747681581	0.04270492523184183	0.1	42.24224224224224
0.8569271039486654	0.04307289605133456	0.1	42.34234234234234
0.85655612298157	0.04344387701843001	0.1	42.44244244244244
0.8561821099694262	0.0438178900305738	0.1	42.54254254254254
0.8558050429050225	0.04419495709497755	0.1	42.64264264264264
0.8554248999326698	0.044575100067330224	0.1	42.74274274274275
0.8550416590026831	0.04495834099731681	0.1	42.84284284284285
0.8546552978381512	0.045344702161848806	0.1	42.94294294294295
0.8542657940516776	0.04573420594832238	0.1	43.04304304304305
0.853873125145452	0.046126874854547945	0.1	43.14314314314315
0.8534772685113202	0.04652273148867973	0.1	43.24324324324325
0.8530782014308547	0.0469217985691453	0.1	43.34334334334335
0.8526759010754249	0.04732409892457508	0.1	43.44344344344345
0.852270344506268	0.047729655493731926	0.1	43.54354354354355
0.8518615086745592	0.04813849132544069	0.1	43.64364364364365
0.8514493704214823	0.048550629578517704	0.1	43.74374374374375
0.8510339064782996	0.04896609352170038	0.1	43.84384384384385
0.8506150934664233	0.0493849065335767	0.1	43.94394394394395
0.8501929078974851	0.04980709210251482	0.1	44.04404404404405
0.8497673261734074	0.05023267382659257	0.1	44.14414414414415
0.849338324586473	0.050661675413527	0.1	44.24424424424425
0.848905879319396	0.05109412068060395	0.1	44.34434434434435
0.848469966472002	0.05153003352799792	0.1	44.44444444444445
0.848030562331875	0.05196943766812493	0.1	44.54454454454455
0.8475876429191628	0.05241235708083715	0.1	44.64464464464465
0.8471411840751253	0.052858815924874646	0.1	44.74474474474475
0.8466911615399574	0.05330883846004256	0.1	44.84484484484485
0.8462375509531394	0.05376244904686064	0.1	44.94494494494495
0.8457803278537871	0.0542196721462129	0.1	45.04504504504505
0.8453194676810027	0.054680532318997166	0.1	45.14514514514515
0.8448549457742253	0.05514505422577474	0.1	45.24524524524525
0.8443867373735799	0.055613262626419954	0.1	45.34534534534535
0.8439148176202301	0.05608518237976981	0.1	45.44544544544545
0.8434391615567264	0.05656083844327356	0.1	45.54554554554555
0.8429597441273576	0.0570402558726423	0.1	45.64564564564565
0.8424765401785014	0.05752345982149861	0.1	45.74574574574575
0.8419895244589738	0.05801047554102613	0.1	45.84584584584585
0.8414986716203807	0.05850132837961918	0.1	45.94594594594595
0.8410039562174676	0.058996043782532336	0.1	46.04604604604605
0.8405053527084699	0.05949464729153006	0.1	46.14614614614615
0.8400028355443773	0.05999716445562277	0.1	46.24624624624625
0.8394963795298905	0.060503620470109515	0.1	46.34634634634635
0.8389859590456721	0.06101404095432793	0.1	46.44644644644645
0.8384715483209723	0.06152845167902775	0.1	46.54654654654655
0.8379531215032032	0.06204687849679674	0.1	46.64664664664665
0.8374306526587308	0.0625693473412691	0.1	46.74674674674675
0.8369041157736663	0.06309588422633373	0.1	46.84684684684685
0.8363734847546572	0.06362651524534274	0.1	46.94694694694695
0.8358387334296804	0.06416126657031962	0.1	47.04704704704705
0.8352998355488322	0.06470016445116776	0.1	47.14714714714715
0.8347567647851213	0.06524323521487875	0.1	47.24724724724725
0.8342094947352593	0.06579050526474073	0.1	47.34734734734735
0.8336579989204532	0.06634200107954676	0.1	47.44744744744745
0.8331022507871968	0.06689774921280317	0.1	47.54754754754755
0.8325422237080621	0.06745777629193794	0.1	47.64764764764765
0.831977890982491	0.06802210901750907	0.1	47.74774774774775
0.8314092258375871	0.06859077416241288	0.1	47.84784784784785
0.8308362014289076	0.06916379857109245	0.1	47.94794794794795
0.8302587909908515	0.06974120900914844	0.1	48.04804804804805
0.8296769680708563	0.07032303192914367	0.1	48.14814814814815
0.8290907058167409	0.070909294183259	0.1	48.24824824824825
0.8284999772975054	0.07150002270249456	0.1	48.34834834834835
0.8279047555338702	0.07209524446612979	0.1	48.44844844844845
0.827305013499859	0.07269498650014097	0.1	48.54854854854855
0.8267007241243811	0.07329927587561888	0.1	48.64864864864865
0.8260918602928136	0.07390813970718639	0.1	48.74874874874875
0.8254783948485839	0.07452160515141604	0.1	48.84884884884885
0.8248603005947522	0.07513969940524769	0.1	48.94894894894895
0.8242375502955939	0.07576244970440608	0.1	49.04904904904905
0.8236101166781815	0.07638988332181848	0.1	49.14914914914915
0.8229779724339678	0.07702202756603226	0.1	49.24924924924925
0.8223410902203675	0.07765890977963248	0.1	49.34934934934935
0.8216994426678961	0.07830055733210392	0.1	49.44944944944945
0.8210530025774482	0.07894699742255186	0.1	49.54954954954955
0.8204017426762629	0.07959825732373711	0.1	49.64964964964965
0.819745635587237	0.08025436441276308	0.1	49.74974974974975
0.8190846539160352	0.08091534608396476	0.1	49.84984984984985
0.8184187702530453	0.08158122974695473	0.1	49.94994994994995
0.8177479571753311	0.08225204282466896	0.1	50.050050050050054
0.8170721872485871	0.08292781275141291	0.1	50.150150150150154
0.8163914330290927	0.08360856697090734	0.1	50.250250250250254
0.8157056670656658	0.08429433293433426	0.1	50.350350350350354
0.8150148619016171	0.0849851380983829	0.1	50.450450450450454
0.8143189900767044	0.08568100992329562	0.1	50.550550550550554
0.8136180241290862	0.08638197587091381	0.1	50.650650650650654
0.8129119365972761	0.08708806340272386	0.1	50.750750750750754
0.812200700022097	0.0877992999779031	0.1	50.850850850850854
0.8114842870926041	0.08851571290739585	0.1	50.950950950950954
0.8107626708376013	0.08923732916239864	0.1	51.051051051051054
0.8100358239955301	0.08996417600446992	0.1	51.151151151151154
0.8093037193090974	0.0906962806909026	0.1	51.251251251251254
0.8085663295505027	0.09143367044949731	0.1	51.351351351351354
0.8078236275241041	0.0921763724758959	0.1	51.451451451451454
0.807075586069085	0.09292441393091497	0.1	51.551551551551555
0.8063221780621208	0.09367782193787925	0.1	51.651651651651655
0.8055633764200447	0.09443662357995526	0.1	51.751751751751755
0.8047991541025153	0.09520084589748463	0.1	51.851851851851855
0.8040294841146823	0.09597051588531769	0.1	51.951951951951955
0.803254339509853	0.09674566049014693	0.1	52.052052052052055
0.8024736933921595	0.0975263066078405	0.1	52.152152152152155
0.8016875189192244	0.09831248108077566	0.1	52.252252252252255
0.8008957893178561	0.09910421068214394	0.1	52.352352352352355
0.8000984782601204	0.09990152173987966	0.1	52.452452452452455
0.7992955593785944	0.10070444062140566	0.1	52.552552552552555
0.7984870062338802	0.10151299376611979	0.1	52.652652652652655
0.7976727924702088	0.10232720752979114	0.1	52.752752752752755
0.7968528918188081	0.10314710818119187	0.1	52.852852852852855
0.796027278101271	0.103972721898729	0.1	52.952952952952955
0.7951959252329236	0.1048040747670764	0.1	53.053053053053056
0.7943588072261935	0.10564119277380658	0.1	53.153153153153156
0.7935158981939774	0.1064841018060226	0.1	53.253253253253256
0.7926671723530101	0.10733282764698987	0.1	53.353353353353356
0.7918126040272319	0.10818739597276812	0.1	53.453453453453456
0.7909521676511568	0.10904783234884319	0.1	53.553553553553556
0.7900858377732412	0.1099141622267589	0.1	53.653653653653656
0.7892135890592511	0.11078641094074897	0.1	53.753753753753756
0.7883353964548148	0.1116646035451853	0.1	53.853853853853856
0.7874512353626515	0.11254876463734853	0.1	53.953953953953956
0.7865610810032645	0.11343891899673551	0.1	54.054054054054056
0.7856649087252796	0.11433509127472044	0.1	54.154154154154156
0.7847626940295499	0.1152373059704501	0.1	54.254254254254256
0.7838544125732633	0.11614558742673675	0.1	54.354354354354356
0.782940040174049	0.1170599598259511	0.1	54.454454454454456
0.7820195528140848	0.11798044718591529	0.1	54.55455455455456
0.7810929266442043	0.11890707335579574	0.1	54.65465465465466
0.7801601379880039	0.11983986201199621	0.1	54.75475475475476
0.7792211633459494	0.12077883665405063	0.1	54.85485485485486
0.7782759793994839	0.12172402060051611	0.1	54.95495495495496
0.7773245630151342	0.12267543698486585	0.1	55.05505505505506
0.7763668912486179	0.12363310875138211	0.1	55.15515515515516
0.7754029419585962	0.12459705804140382	0.1	55.25525525525526
0.7744326916258975	0.12556730837410252	0.1	55.35535535535536
0.7734561190732611	0.1265438809267389	0.1	55.45545545545546
0.7724732023080396	0.12752679769196043	0.1	55.55555555555556
0.7714839195688774	0.12851608043112264	0.1	55.65565565565566
0.7704882493299577	0.12951175067004225	0.1	55.75575575575576
0.769486170305301	0.13051382969469907	0.1	55.85585585585586
0.768477661453113	0.13152233854688697	0.1	55.95595595595596
0.7674627019801862	0.13253729801981387	0.1	56.05605605605606
0.7664412713463495	0.13355872865365043	0.1	56.15615615615616
0.7654133492689719	0.13458665073102807	0.1	56.25625625625626
0.7643789157275143	0.13562108427248573	0.1	56.35635635635636
0.7633379509681345	0.13666204903186546	0.1	56.45645645645646
0.7622904355083426	0.13770956449165733	0.1	56.55655655655656
0.7612363501417069	0.13876364985829306	0.1	56.65665665665666
0.7601756759940976	0.13982432400590233	0.1	56.75675675675676
0.7591083946541249	0.14089160534587503	0.1	56.85685685685686
0.7580344880441209	0.14196551195587911	0.1	56.95695695695696
0.7569539385005011	0.1430460614994989	0.1	57.05705705705706
0.7558667286477624	0.14413327135223755	0.1	57.15715715715716
0.7547728410920135	0.14522715890798643	0.1	57.25725725725726
0.7536722588430589	0.14632774115694105	0.1	57.35735735735736
0.7525649651323464	0.14743503486765355	0.1	57.45745745745746
0.7514509435651572	0.1485490564348428	0.1	57.55755755755756
0.7503301784327632	0.14966982156723674	0.1	57.65765765765766
0.7492026542467297	0.15079734575327022	0.1	57.75775775775776
0.7480683559391877	0.15193164406081222	0.1	57.85785785785786
0.7469272687914692	0.15307273120853065	0.1	57.95795795795796
0.7457793783028676	0.15422062169713235	0.1	58.05805805805806
0.7446246704406569	0.1553753295593429	0.1	58.15815815815816
0.7434631315522559	0.15653686844774403	0.1	58.25825825825826
0.742294748386518	0.15770525161348192	0.1	58.35835835835836
0.7411195081224258	0.15888049187757408	0.1	58.45845845845846
0.7399373983297268	0.16006260167027309	0.1	58.55855855855856
0.7387484069922555	0.1612515930077443	0.1	58.65865865865866
0.7375525225157655	0.16244747748423446	0.1	58.75875875875876
0.7363497337354551	0.16365026626454485	0.1	58.85885885885886
0.7351400299203241	0.16485997007967584	0.1	58.95895895895896
0.7339234007806764	0.16607659921932355	0.1	59.05905905905906
0.7326998364734615	0.16730016352653845	0.1	59.15915915915916
0.7314693276078865	0.16853067239211345	0.1	59.25925925925926
0.7302318652538736	0.1697681347461264	0.1	59.35935935935936
0.7289874409475645	0.17101255905243545	0.1	59.45945945945946
0.7277360466980783	0.17226395330192162	0.1	59.55955955955956
0.7264776749937735	0.17352232500622652	0.1	59.65965965965966
0.7252123188081037	0.17478768119189633	0.1	59.75975975975976
0.7239399716062833	0.1760600283937167	0.1	59.85985985985987
0.7226606273516528	0.17733937264834715	0.1	59.95995995995997
0.7213742805120437	0.1786257194879563	0.1	60.06006006006007
0.7200809260661436	0.17991907393385642	0.1	60.16016016016017
0.718780559509859	0.181219440490141	0.1	60.26026026026027
0.7174731768604771	0.18252682313952295	0.1	60.36036036036037
0.7161587746642321	0.18384122533576797	0.1	60.46046046046047
0.7148373500047096	0.18516264999529047	0.1	60.56056056056057
0.7135089005077845	0.18649109949221557	0.1	60.66066066066067
0.7121734243479579	0.18782657565204208	0.1	60.76076076076077
0.7108309202546946	0.18916907974530545	0.1	60.86086086086087
0.7094813875187592	0.19051861248124083	0.1	60.96096096096097
0.7081248259984452	0.19187517400155485	0.1	61.06106106106107
0.7067612361116069	0.1932387638883931	0.1	61.16116116116117
0.7053906188528384	0.19460938114716164	0.1	61.26126126126127
0.7040129758084905	0.19598702419150948	0.1	61.36136136136137
0.7026283091555742	0.19737169084442582	0.1	61.46146146146147
0.7012366216679311	0.19876337833206892	0.1	61.56156156156157
0.6998379167224049	0.20016208327759513	0.1	61.66166166166167
0.6984321983050119	0.20156780169498806	0.1	61.76176176176177
0.6970194710165603	0.20298052898343974	0.1	61.86186186186187
0.6955997400496456	0.20440025995035443	0.1	61.96196196196197
0.6941730112218699	0.20582698877813008	0.1	62.06206206206207
0.6927392909926405	0.20726070900735954	0.1	62.16216216216217
0.6912985864569418	0.20870141354305835	0.1	62.26226226226227
0.6898509053511903	0.21014909464880976	0.1	62.36236236236237
0.6883962560590896	0.21160374394091042	0.1	62.46246246246247
0.6869346476174847	0.21306535238251537	0.1	62.56256256256257
0.6854660897206319	0.2145339102793681	0.1	62.66266266266267
0.6839905926808516	0.21600940731914833	0.1	62.76276276276277
0.6825081674827741	0.21749183251722592	0.1	62.86286286286287
0.6810188257968787	0.21898117420312133	0.1	62.96296296296297
0.6795225799694333	0.22047742003056664	0.1	63.06306306306307
0.6780194430278804	0.22198055697211957	0.1	63.16316316316317
0.6765094286862221	0.22349057131377792	0.1	63.26326326326327
0.6749925513504066	0.22500744864959343	0.1	63.36336336336337
0.6734688261202075	0.22653117387979238	0.1	63.46346346346347
0.6719382687325487	0.2280617312674512	0.1	63.56356356356357
0.6704008956413462	0.22959910435865377	0.1	63.66366366366367
0.6688567240233403	0.23114327597665965	0.1	63.76376376376377
0.6673057717652124	0.23269422823478744	0.1	63.86386386386387
0.6657480574683418	0.23425194253165815	0.1	63.96396396396397
0.6641836004535611	0.23581639954643888	0.1	64.06406406406407
0.662612420765914	0.2373875792340859	0.1	64.16416416416416
0.6610345391661568	0.23896546083384304	0.1	64.26426426426427
0.6594499769900866	0.24055002300991324	0.1	64.36436436436436
0.6578587563789647	0.24214124362103506	0.1	64.46446446446447
0.6562609002487001	0.2437390997512998	0.1	64.56456456456456
0.6546564322546614	0.24534356774533847	0.1	64.66466466466467
0.6530453767960366	0.24695462320396327	0.1	64.76476476476476
0.6514277590201872	0.24857224097981268	0.1	64.86486486486487
0.6498036048270073	0.2501963951729925	0.1	64.96496496496496
0.6481729408732784	0.2518270591267215	0.1	65.06506506506507
0.6465357945770278	0.253464205422972	0.1	65.16516516516516
0.6448921941218841	0.25510780587811577	0.1	65.26526526526527
0.6432421684614351	0.2567578315385647	0.1	65.36536536536536
0.6415857473235835	0.2584142526764163	0.1	65.46546546546547
0.6399229610319894	0.2600770389680105	0.1	65.56556556556556
0.638253840233743	0.261746159766257	0.1	65.66566566566567
0.6365784167369961	0.2634215832630038	0.1	65.76576576576576
0.6348967231444479	0.2651032768555521	0.1	65.86586586586587
0.633208792824716	0.26679120717528393	0.1	65.96596596596596
0.6315146599153002	0.26848534008469976	0.1	66.06606606606607
0.629814359325549	0.2701856406744509	0.1	66.16616616616616
0.628107926739623	0.27189207326037695	0.1	66.26626626626627
0.6263953986194614	0.2736046013805386	0.1	66.36636636636636
0.6246768122077452	0.27532318779225473	0.1	66.46646646646647
0.6229522055308644	0.2770477944691355	0.1	66.56656656656656
0.6212216174018805	0.2787783825981193	0.1	66.66666666666667
0.6194850874228471	0.2805149125771529	0.1	66.76676676676676
0.6177426554391906	0.28225734456080936	0.1	66.86686686686687
0.6159943619613575	0.2840056380386425	0.1	66.96696696696696
0.6142402486536124	0.28575975134638765	0.1	67.06706706706707
0.612480357943181	0.28751964205681896	0.1	67.16716716716716
0.610714733021381	0.2892852669786189	0.1	67.26726726726727
0.6089434178447558	0.2910565821552442	0.1	67.36736736736736
0.6071664571362043	0.2928335428637956	0.1	67.46746746746747
0.605383896386116	0.294616103613884	0.1	67.56756756756756
0.6035957818535	0.2964042181465	0.1	67.66766766766767
0.6018021605671201	0.29819783943287986	0.1	67.76776776776777
0.6000030803266243	0.2999969196733756	0.1	67.86786786786787
0.5981985897036793	0.30180141029632057	0.1	67.96796796796797
0.5963887379619086	0.3036112620380914	0.1	68.06806806806807
0.5945735742792898	0.30542642572071016	0.1	68.16816816816817
0.5927531489966724	0.30724685100332755	0.1	68.26826826826827
0.590927513386788	0.309072486613212	0.1	68.36836836836838
0.589096719453904	0.31090328054609595	0.1	68.46846846846847
0.587260819932796	0.31273918006720397	0.1	68.56856856856858
0.5854198682877215	0.31458013171227844	0.1	68.66866866866867
0.5835739187113912	0.3164260812886088	0.1	68.76876876876878
0.5817230261239429	0.318276973876057	0.1	68.86886886886887
0.5798672461719128	0.32013275382808726	0.1	68.96896896896898
0.5780066352272093	0.3219933647727907	0.1	69.06906906906907
0.5761412503860844	0.32385874961391553	0.1	69.16916916916918
0.5742711494681082	0.32572885053189177	0.1	69.26926926926927
0.5723963906812354	0.3276036093187646	0.1	69.36936936936938
0.5705170321958444	0.32948296780415565	0.1	69.46946946946947
0.5686331335425092	0.3313668664574907	0.1	69.56956956956958
0.5667447549681024	0.3332552450318976	0.1	69.66966966966967
0.5648519573860523	0.33514804261394765	0.1	69.76976976976978
0.5629548023729406	0.33704519762705937	0.1	69.86986986986987
0.5610533521650942	0.33894664783490575	0.1	69.96996996996998
0.5591476696551821	0.3408523303448179	0.1	70.07007007007007
0.5572378183888078	0.3427621816111921	0.1	70.17017017017018
0.555323862561106	0.3446761374388939	0.1	70.27027027027027
0.5534058670133348	0.34659413298666514	0.1	70.37037037037038
0.5514838972294726	0.34851610277052747	0.1	70.47047047047047
0.5495580182551305	0.35044198174486946	0.1	70.57057057057058
0.5476282986557882	0.3523717013442117	0.1	70.67067067067067
0.5456948032923878	0.35430519670761207	0.1	70.77077077077078
0.5437575997942622	0.35624240020573783	0.1	70.87087087087087
0.541816756353949	0.358183243646051	0.1	70.97097097097098
0.5398723417232923	0.3601276582767076	0.1	71.07107107107107
0.5379244252093458	0.36207557479065416	0.1	71.17117117117118
0.5359730766700862	0.3640269233299137	0.1	71.27127127127127
0.5340183665099301	0.36598163349006985	0.1	71.37137137137138
0.5320603656750603	0.36793963432493965	0.1	71.47147147147147
0.5300991456485551	0.3699008543514449	0.1	71.57157157157158
0.5281347784453276	0.3718652215546723	0.1	71.67167167167167
0.5261673366068681	0.3738326633931318	0.1	71.77177177177178
0.5241968931126267	0.3758031068873733	0.1	71.87187187187187
0.5222235206638097	0.3777764793361903	0.1	71.97197197197198
0.5202472928190341	0.3797527071809658	0.1	72.07207207207207
0.5182682837513555	0.38173171624864455	0.1	72.17217217217218
0.5162865680701101	0.3837134319298899	0.1	72.27227227227228
0.5143022208096613	0.38569777919033865	0.1	72.37237237237238
0.5123153174177896	0.3876846825822104	0.1	72.47247247247248
0.5103259337437202	0.3896740662562798	0.1	72.57257257257258
0.5083341460257957	0.3916658539742042	0.1	72.67267267267268
0.5063400308787861	0.3936599691212139	0.1	72.77277277277278
0.5043436652808422	0.3956563347191578	0.1	72.87287287287288
0.5023451265600881	0.3976548734399118	0.1	72.97297297297298
0.5003444923808575	0.39965550761914237	0.1	73.07307307307308
0.4983418407364116	0.4016581592635884	0.1	73.17317317317318
0.49633725010424024	0.40366274989575973	0.1	73.27327327327328
0.4943307992166271	0.4056692007833729	0.1	73.37337337337338
0.4923225670341294	0.40767743296587056	0.1	73.47347347347348
0.4903126327935013	0.4096873672064987	0.1	73.57357357357358
0.4883010759929079	0.41169892400709207	0.1	73.67367367367368
0.48628797637681515	0.4137120236231848	0.1	73.77377377377378
0.48427341392056344	0.4157265860794365	0.1	73.87387387387388
0.48225746881461756	0.4177425311853824	0.1	73.97397397397398
0.48024022144850004	0.41975977855149993	0.1	74.07407407407408
0.47822175239440085	0.4217782476055991	0.1	74.17417417417418
0.4762021423904709	0.4237978576095291	0.1	74.27427427427428
0.47418147232379104	0.4258185276762089	0.1	74.37437437437438
0.4721598232157731	0.42784017678422687	0.1	74.47447447447448
0.47013727678350037	0.4298627232164996	0.1	74.57457457457458
0.4681139149246859	0.43188608507531406	0.1	74.67467467467468
0.4660898193129121	0.43391018068708787	0.1	74.77477477477478
0.46406507173554945	0.4359349282644505	0.1	74.87487487487488
0.4620397540792026	0.43796024592079735	0.1	74.97497497497498
0.46001394831499287	0.4399860516850071	0.1	75.07507507507508
0.45798773648366853	0.44201226351633144	0.1	75.17517517517518
0.45596120068055146	0.4440387993194485	0.1	75.27527527527528
0.4539344230403115	0.44606557695968846	0.1	75.37537537537538
0.45190748572157735	0.4480925142784226	0.1	75.47547547547548
0.4498804708913749	0.45011952910862507	0.1	75.57557557557558
0.44785346070940235	0.4521465392905976	0.1	75.67567567567568
0.4458265373121328	0.4541734626878672	0.1	75.77577577577578
0.4437997830432058	0.4562002169567942	0.1	75.87587587587588
0.44177328039946884	0.4582267196005312	0.1	75.97597597597598
0.43974711156270924	0.46025288843729073	0.1	76.07607607607608
0.4377213586560067	0.46227864134399327	0.1	76.17617617617618
0.43569610373145234	0.4643038962685476	0.1	76.27627627627628
0.4336714287558926	0.46632857124410737	0.1	76.37637637637638
0.43164741559659836	0.4683525844034016	0.1	76.47647647647648
0.42962414600685117	0.4703758539931488	0.1	76.57657657657658
0.4276017016114547	0.47239829838854525	0.1	76.67667667667668
0.42558016389216313	0.47441983610783683	0.1	76.77677677677679
0.4235596141730349	0.4764403858269651	0.1	76.87687687687688
0.42154013360570347	0.4784598663942965	0.1	76.97697697697699
0.41952180315457316	0.4804781968454268	0.1	77.07707707707708
0.4175047036904444	0.48249529630955557	0.1	77.17717717717719
0.4154889160836695	0.48451108391633047	0.1	77.27727727727728
0.4134745207933407	0.4865254792066593	0.1	77.37737737737739
0.4114615980415268	0.4885384019584732	0.1	77.47747747747748
0.40945022781018303	0.49054977218981693	0.1	77.57757757757759
0.4074404898276143	0.49255951017238564	0.1	77.67767767767768
0.40543246355491347	0.4945675364450865	0.1	77.77777777777779
0.40342622817238416	0.4965737718276158	0.1	77.87787787787788
0.4014218625659393	0.49857813743406065	0.1	77.97797797797799
0.3994194453134839	0.5005805546865161	0.1	78.07807807807808
0.39741905467127314	0.5025809453287269	0.1	78.17817817817819
0.39542076856025526	0.5045792314397447	0.1	78.27827827827828
0.3934246645523899	0.50657533544761	0.1	78.37837837837839
0.3914308199230606	0.5085691800769394	0.1	78.47847847847848
0.38943931183660596	0.5105606881633941	0.1	78.57857857857859
0.3874502168969875	0.5125497831030126	0.1	78.67867867867868
0.38546361129646156	0.5145363887035386	0.1	78.77877877877879
0.3834795708317523	0.5165204291682478	0.1	78.87887887887888
0.38149817089198773	0.5185018291080123	0.1	78.97897897897899
0.37951948644667916	0.5204805135533209	0.1	79.07907907907908
0.3775435920337355	0.5224564079662646	0.1	79.17917917917919
0.37557056174752107	0.524429438252479	0.1	79.27927927927928
0.3736004692269478	0.5263995307730523	0.1	79.37937937937939
0.3716333876436109	0.5283666123563892	0.1	79.47947947947948
0.3696693896899596	0.5303306103100405	0.1	79.57957957957959
0.3677085475675108	0.5322914524324892	0.1	79.67967967967968
0.36575093296207056	0.5342490670379296	0.1	79.77977977977979
0.3637966174641639	0.5362033825358362	0.1	79.87987987987988
0.3618456718312712	0.538154328168729	0.1	79.97997997997999
0.35989816632683763	0.5401018336731626	0.1	80.08008008008008
0.35795417068455715	0.542045829315443	0.1	80.18018018018019
0.3560137540986532	0.5439862459013469	0.1	80.28028028028028
0.35407698521420844	0.5459230147857917	0.1	80.38038038038039
0.3521439321175566	0.5478560678824436	0.1	80.48048048048048
0.35021466232673204	0.5497853376732681	0.1	80.58058058058059
0.34828924278198886	0.5517107572180112	0.1	80.68068068068068
0.3463677398363868	0.5536322601636133	0.1	80.78078078078079
0.344450219246455	0.5555497807535451	0.1	80.88088088088088
0.34253674616293067	0.5574632538370695	0.1	80.98098098098099
0.3406273851333985	0.5593726148666017	0.1	81.08108108108108
0.3387222003231612	0.561277799676839	0.1	81.18118118118119
0.33682125519050876	0.5631787448094914	0.1	81.28128128128128
0.3349246124867801	0.5650753875132201	0.1	81.38138138138139
0.3330323343288517	0.5669676656711485	0.1	81.48148148148148
0.33114448219185055	0.5688555178081496	0.1	81.58158158158159
0.3292611169020506	0.5707388830979495	0.1	81.68168168168168
0.3273822986299494	0.5726177013700509	0.1	81.78178178178179
0.3255080868835394	0.5744919131164609	0.1	81.88188188188188
0.32363854050177193	0.5763614594982283	0.1	81.98198198198199
0.3217737176482273	0.5782262823517729	0.1	82.08208208208208
0.31991367580498836	0.5800863241950118	0.1	82.18218218218219
0.3180584717667322	0.5819415282332681	0.1	82.28228228228228
0.3162081616350374	0.5837918383649628	0.1	82.38238238238239
0.31436280081292056	0.5856371991870797	0.1	82.48248248248248
0.31252244399959966	0.5874775560004005	0.1	82.58258258258259
0.3106871451854988	0.5893128548145014	0.1	82.68268268268268
0.30885695772575295	0.5911430422742472	0.1	82.78278278278279
0.3070319343551092	0.5929680656448909	0.1	82.88288288288288
0.3052121269819063	0.5947878730180939	0.1	82.98298298298299
0.30339758679569273	0.5966024132043074	0.1	83.08308308308308
0.30158836426694957	0.5984116357330506	0.1	83.18318318318319
0.2997845091445707	0.6002154908554295	0.1	83.28328328328328
0.29798607045366315	0.602013929546337	0.1	83.38338338338339
0.29619309649368153	0.6038069035063186	0.1	83.48348348348348
0.2944056348368962	0.6055943651631039	0.1	83.58358358358359
0.29262373232720884	0.6073762676727913	0.1	83.68368368368368
0.2908474350793156	0.6091525649206846	0.1	83.78378378378379
0.2890767884782314	0.6109232115217688	0.1	83.88388388388388
0.28731183717917513	0.6126881628208249	0.1	83.98398398398399
0.2855526251078303	0.6144473748921698	0.1	84.08408408408408
0.2837991954609792	0.6162008045390209	0.1	84.18418418418419
0.28205159070752683	0.6179484092924733	0.1	84.28428428428428
0.280309852527391	0.6196901474726091	0.1	84.38438438438439
0.27857402132410125	0.6214259786758989	0.1	84.48448448448448
0.27684413705329197	0.6231558629467082	0.1	84.58458458458459
0.27512023903252125	0.6248797609674789	0.1	84.68468468468468
0.2734023658261789	0.6265976341738212	0.1	84.78478478478479
0.2716905552458172	0.6283094447541829	0.1	84.88488488488488
0.2699848443507538	0.6300151556492463	0.1	84.98498498498499
0.2682852694489564	0.6317147305510437	0.1	85.08508508508508
0.26659186609820573	0.6334081339017944	0.1	85.18518518518519
0.26490466910754723	0.635095330892453	0.1	85.28528528528528
0.2632237125390279	0.6367762874609723	0.1	85.38538538538539
0.2615490297097277	0.6384509702902724	0.1	85.4854854854855
0.25988065319408415	0.640119346805916	0.1	85.58558558558559
0.2582186148265146	0.6417813851734856	0.1	85.6856856856857
0.2565629457043429	0.6434370542956572	0.1	85.78578578578579
0.25491367619102717	0.6450863238089729	0.1	85.8858858858859
0.2532708359196994	0.6467291640803008	0.1	85.98598598598599
0.2516344534804544	0.6483655465195457	0.1	86.0860860860861
0.25000455660056453	0.6499954433994355	0.1	86.18618618618619
0.2483811725410552	0.6516188274589448	0.1	86.2862862862863
0.24676432782034732	0.6532356721796527	0.1	86.38638638638639
0.24515404821671855	0.6548459517832815	0.1	86.4864864864865
0.24355035877102896	0.6564496412289711	0.1	86.58658658658659
0.2419532837896398	0.6580467162103603	0.1	86.6866866866867
0.2403628468475323	0.6596371531524677	0.1	86.78678678678679
0.2387790707916203	0.6612209292083797	0.1	86.8868868868869
0.23720197774426335	0.6627980222557367	0.1	86.98698698698699
0.23563158910697404	0.664368410893026	0.1	87.0870870870871
0.23406792556432693	0.6659320744356731	0.1	87.18718718718719
0.23251100708806183	0.6674889929119382	0.1	87.2872872872873
0.23096085294138935	0.6690391470586107	0.1	87.38738738738739
0.2294174816834915	0.6705825183165085	0.1	87.4874874874875
0.22788091117422504	0.672119088825775	0.1	87.58758758758759
0.22635115852737075	0.6736488414726293	0.1	87.6876876876877
0.22482823993244885	0.6751717600675512	0.1	87.78778778778779
0.22331217104933165	0.6766878289506684	0.1	87.8878878878879
0.22180296687389922	0.6781970331261008	0.1	87.98798798798799
0.22030064171272132	0.6796993582872787	0.1	88.0880880880881
0.21880520918754393	0.681194790812456	0.1	88.18818818818819
0.2173166822399027	0.6826833177600974	0.1	88.2882882882883
0.21583507313586905	0.684164926864131	0.1	88.38838838838839
0.2143603934709209	0.6856396065290791	0.1	88.4884884884885
0.21289265417494302	0.687107345825057	0.1	88.58858858858859
0.2114318655173496	0.6885681344826504	0.1	88.6886886886887
0.20997803711233406	0.6900219628876659	0.1	88.78878878878879
0.20853117792423823	0.6914688220757618	0.1	88.8888888888889
0.2070912962730462	0.6929087037269538	0.1	88.988988988989
0.2056583998399952	0.6943416001600048	0.1	89.0890890890891
0.20423249567330837	0.6957675043266917	0.1	89.1891891891892
0.20281359019261372	0.6971864098073863	0.1	89.2892892892893
0.20140168908334538	0.6985983109166547	0.1	89.3893893893894
0.19999679742045276	0.7000032025795473	0.1	89.4894894894895
0.1985989197207638	0.7014010802792363	0.1	89.5895895895896
0.19720805989003787	0.7027919401099623	0.1	89.6896896896897
0.19582422122864762	0.7041757787713524	0.1	89.7897897897898
0.19444740643733008	0.70555259356267	0.1	89.8898898898899
0.19307761762301154	0.7069223823769886	0.1	89.98998998999
0.19171485630469753	0.7082851436953026	0.1	90.0900900900901
0.1903591234194324	0.7096408765805676	0.1	90.1901901901902
0.1890104193283196	0.7109895806716805	0.1	90.2902902902903
0.18766874382260723	0.7123312561773929	0.1	90.3903903903904
0.18633409612983012	0.7136659038701699	0.1	90.4904904904905
0.1850064749200131	0.714993525079987	0.1	90.5905905905906
0.18368587831192618	0.7163141216880738	0.1	90.6906906906907
0.18237230387939687	0.7176276961206032	0.1	90.7907907907908
0.18106574865767022	0.7189342513423298	0.1	90.8908908908909
0.17976620913082536	0.7202337908691746	0.1	90.990990990991
0.17847368121094206	0.7215263187890579	0.1	91.0910910910911
0.17718816032909843	0.7228118396709016	0.1	91.1911911911912
0.17590964140332074	0.7240903585966793	0.1	91.2912912912913
0.1746381188417387	0.7253618811582613	0.1	91.3913913913914
0.17337358654888196	0.726626413451118	0.1	91.4914914914915
0.172116037932	0.727883962068	0.1	91.5915915915916
0.1708654659073967	0.7291345340926033	0.1	91.6916916916917
0.16962186290678272	0.7303781370932173	0.1	91.7917917917918
0.16838522088363803	0.731614779116362	0.1	91.8918918918919
0.16715553131958732	0.7328444686804126	0.1	91.991991991992
0.16593278523078026	0.7340672147692198	0.1	92.0920920920921
0.1647169731742796	0.7352830268257203	0.1	92.1921921921922
0.16350808525444968	0.7364919147455503	0.1	92.2922922922923
0.16230611112934726	0.7376938888706527	0.1	92.3923923923924
0.16111104001710783	0.7388889599828922	0.1	92.4924924924925
0.15992286070235706	0.7400771392976428	0.1	92.5925925925926
0.1587415615430984	0.7412584384569015	0.1	92.6926926926927
0.15756713047636872	0.7424328695236312	0.1	92.7927927927928
0.15639955502461847	0.7436004449753815	0.1	92.8928928928929
0.15523882230223032	0.7447611776977696	0.1	92.992992992993
0.1540849190218422	0.7459150809781577	0.1	93.0930930930931
0.15293783150065365	0.7470621684993463	0.1	93.1931931931932
0.15179754566670725	0.7482024543332927	0.1	93.2932932932933
0.15066404706514827	0.7493359529348517	0.1	93.3933933933934
0.1495373208644546	0.7504626791355453	0.1	93.4934934934935
0.1484173518626395	0.7515826481373604	0.1	93.5935935935936
0.1473041244934202	0.7526958755065797	0.1	93.6936936936937
0.146197622832354	0.7538023771676459	0.1	93.7937937937938
0.14509783060293516	0.7549021693970648	0.1	93.8938938938939
0.14400473118265458	0.7559952688173454	0.1	93.993993993994
0.14291830760901525	0.7570816923909847	0.1	94.0940940940941
0.14183854258550524	0.7581614574144947	0.1	94.1941941941942
0.14076541854559102	0.7592345814544089	0.1	94.2942942942943
0.13969891766035342	0.7603010823396466	0.1	94.3943943943944
0.13863902169789877	0.7613609783021013	0.1	94.4944944944945
0.1375857121165493	0.7624142878834507	0.1	94.5945945945946
0.13653897007250354	0.7634610299274964	0.1	94.6946946946947
0.13549877642563893	0.764501223574361	0.1	94.7947947947948
0.13446511174525472	0.7655348882547452	0.1	94.8948948948949
0.13343795631575753	0.7665620436842424	0.1	94.994994994995
0.1324172901422823	0.7675827098577177	0.1	95.0950950950951
0.13140309295625113	0.7685969070437488	0.1	95.1951951951952
0.13039534422086269	0.7696046557791373	0.1	95.2952952952953
0.1293940231365145	0.7706059768634855	0.1	95.3953953953954
0.128399108646151	0.771600891353849	0.1	95.4954954954955
0.12741057944053977	0.7725894205594602	0.1	95.5955955955956
0.12642841396346852	0.7735715860365314	0.1	95.6956956956957
0.12545259041686543	0.7745474095831345	0.1	95.7957957957958
0.12448308676583554	0.7755169132341644	0.1	95.8958958958959
0.12351988074361528	0.7764801192563847	0.1	95.995995995996
0.12256294985643862	0.7774370501435613	0.1	96.0960960960961
0.12161227138831636	0.7783877286116836	0.1	96.1961961961962
0.12066782240572198	0.779332177594278	0.1	96.2962962962963
0.11972957976218605	0.7802704202378139	0.1	96.3963963963964
0.11879752010279226	0.7812024798972077	0.1	96.4964964964965
0.11787161986857714	0.7821283801314228	0.1	96.5965965965966
0.1169518553008265	0.7830481446991735	0.1	96.6966966966967
0.11603820244527076	0.7839617975547292	0.1	96.7967967967968
0.11513063715617229	0.7848693628438277	0.1	96.8968968968969
0.11422913520256839	0.7857708647974315	0.1	96.996996996997
0.11333367244173027	0.7866663275582697	0.1	97.0970970970971
0.11244422468125767	0.7875557753187423	0.1	97.1971971971972
0.11156076783119812	0.7884392321688019	0.1	97.2972972972973
0.11068327743405929	0.7893167225659407	0.1	97.3973973973974
0.10981172826416657	0.7901882717358334	0.1	97.4974974974975
0.10894609493354002	0.7910539050664599	0.1	97.5975975975976
0.10808635141514943	0.7919136485848506	0.1	97.6976976976977
0.10723247205101784	0.7927675279489821	0.1	97.7977977977978
0.10638443171532325	0.7936155682846767	0.1	97.8978978978979
0.10554220497862259	0.7944577950213774	0.1	97.997997997998
0.10470576672764675	0.7952942332723533	0.1	98.0980980980981
0.1038750911209777	0.7961249088790223	0.1	98.1981981981982
0.10305015187844886	0.7969498481215511	0.1	98.2982982982983
0.10223092281983301	0.797769077180167	0.1	98.3983983983984
0.10141737747133032	0.7985826225286696	0.1	98.4984984984985
0.10060948962083978	0.7993905103791602	0.1	98.5985985985986
0.09980723301818535	0.8001927669818146	0.1	98.6986986986987
0.0990105812314364	0.8009894187685636	0.1	98.7987987987988
0.0982195077854302	0.8017804922145697	0.1	98.8988988988989
0.09743398603272989	0.80256601396727	0.1	98.998998998999
0.09665398925792487	0.803346010742075	0.1	99.0990990990991
0.09587949069260829	0.8041205093073917	0.1	99.1991991991992
0.09511046349752328	0.8048895365024766	0.1	99.2992992992993
0.09434688078070735	0.8056531192192925	0.1	99.3993993993994
0.09358871558845938	0.8064112844115405	0.1	99.4994994994995
0.09283594091027106	0.8071640590897289	0.1	99.5995995995996
0.0920885296842576	0.8079114703157423	0.1	99.6996996996997
0.09134645479961717	0.8086535452003827	0.1	99.7997997997998
0.09060968910196811	0.8093903108980317	0.1	99.8998998998999
0.08987820539687753	0.8101217946031223	0.1	100.0
