0.899	0.001	0.1	0.0
0.8989301704916478	0.0010698295083521514	0.1	0.1001001001001001
0.8988554752155994	0.0011445247844005578	0.1	0.2002002002002002
0.8987755904988449	0.0012244095011549755	0.1	0.3003003003003003
0.8986901244044007	0.0013098755955992614	0.1	0.4004004004004004
0.8985987004155893	0.0014012995844105485	0.1	0.5005005005005005
0.8985009045885123	0.0014990954114876209	0.1	0.6006006006006006
0.8983962970649595	0.0016037029350403583	0.1	0.7007007007007008
0.898284405810484	0.001715594189515824	0.1	0.8008008008008008
0.8981647264426031	0.0018352735573966647	0.1	0.9009009009009009
0.8980367170195488	0.0019632829804509767	0.1	1.001001001001001
0.8978998003815708	0.002100199618429008	0.1	1.1011011011011012
0.897753358058178	0.0022466419418219175	0.1	1.2012012012012012
0.8975967296102791	0.0024032703897207057	0.1	1.3013013013013013
0.8974292132260482	0.002570786773951634	0.1	1.4014014014014016
0.8972500561385044	0.0027499438614954136	0.1	1.5015015015015016
0.8970584555661157	0.0029415444338841005	0.1	1.6016016016016017
0.8968535505051649	0.0031464494948350193	0.1	1.7017017017017018
0.8966344258759694	0.0033655741240304414	0.1	1.8018018018018018
0.8964001032034938	0.0035998967965060287	0.1	1.9019019019019021
0.8961495340422668	0.003850465957732991	0.1	2.002002002002002
0.8958816062451445	0.0041183937548555155	0.1	2.1021021021021022
0.8955951308729169	0.00440486912708305	0.1	2.2022022022022023
0.8952888346395665	0.004711165360433347	0.1	2.3023023023023024
0.8949613581332856	0.0050386418667142515	0.1	2.4024024024024024
0.8946112527824748	0.005388747217525148	0.1	2.5025025025025025
0.894236976345632	0.005763023654367796	0.1	2.6026026026026026
0.8938368839163106	0.006163116083689328	0.1	2.702702702702703
0.8934092200477326	0.006590779952267266	0.1	2.802802802802803
0.8929521131736501	0.007047886826349861	0.1	2.902902902902903
0.8924635723035318	0.007536427696468145	0.1	3.0030030030030033
0.8919414731824612	0.00805852681753876	0.1	3.1031031031031033
0.8913835529264668	0.008616447073533269	0.1	3.2032032032032034
0.8907874058421319	0.00921259415786803	0.1	3.3033033033033035
0.8901504690179721	0.009849530982027831	0.1	3.4034034034034035
0.8894700151408934	0.010529984859106572	0.1	3.5035035035035036
0.8887431481165169	0.011256851883483188	0.1	3.6036036036036037
0.8879667848660253	0.012033215133974682	0.1	3.7037037037037037
0.8871376507504921	0.01286234924950795	0.1	3.8038038038038042
0.8862522712930139	0.013747728706986163	0.1	3.9039039039039043
0.8853069597055441	0.014693040294455964	0.1	4.004004004004004
0.8842978017885272	0.01570219821147272	0.1	4.104104104104104
0.8832206477390109	0.016779352260989058	0.1	4.2042042042042045
0.8820710987040817	0.01792890129591822	0.1	4.3043043043043046
0.880844498640656	0.019155501359344042	0.1	4.404404404404405
0.8795359297920883	0.020464070207911692	0.1	4.504504504504505
0.8781401880082735	0.02185981199172641	0.1	4.604604604604605
0.876651774478211	0.023348225521789064	0.1	4.704704704704705
0.8750648925322622	0.024935107467737867	0.1	4.804804804804805
0.8733734352845121	0.026626564715487876	0.1	4.904904904904905
0.8715709678152559	0.028429032184744126	0.1	5.005005005005005
0.8696507200840836	0.030349279915916256	0.1	5.105105105105105
0.8676055919086859	0.032394408091314025	0.1	5.205205205205205
0.8654281333499292	0.03457186665007072	0.1	5.305305305305305
0.8631105350012863	0.036889464998713616	0.1	5.405405405405406
0.8606446272591894	0.03935537274081041	0.1	5.505505505505506
0.8580218985289179	0.04197810147108202	0.1	5.605605605605606
0.8552334776624276	0.04476652233757226	0.1	5.705705705705706
0.8522701405610134	0.04772985943898653	0.1	5.805805805805806
0.8491223185998478	0.05087768140015206	0.1	5.9059059059059065
0.8457801026822099	0.05421989731778989	0.1	6.0060060060060065
0.8422332642319826	0.05776673576801731	0.1	6.106106106106107
0.8384712886249988	0.0615287113750012	0.1	6.206206206206207
0.834483376313552	0.065516623686448	0.1	6.306306306306307
0.8302584881366671	0.06974151186333283	0.1	6.406406406406407
0.8257853886005914	0.0742146113994086	0.1	6.506506506506507
0.8210526705955936	0.07894732940440628	0.1	6.606606606606607
0.8160488251648746	0.08395117483512525	0.1	6.706706706706707
0.8107623002131251	0.08923769978687476	0.1	6.806806806806807
0.8051815518816294	0.09481844811837056	0.1	6.906906906906907
0.7992951437837745	0.10070485621622546	0.1	7.007007007007007
0.7930918257294133	0.10690817427058669	0.1	7.107107107107107
0.7865606178324873	0.1134393821675125	0.1	7.207207207207207
0.779690933368379	0.12030906663162082	0.1	7.307307307307307
0.7724726838606831	0.12752731613931673	0.1	7.407407407407407
0.764896398216647	0.13510360178335287	0.1	7.507507507507508
0.7569533591934827	0.14304664080651716	0.1	7.6076076076076085
0.7486357416141325	0.1513642583858673	0.1	7.7077077077077085
0.7399367573234429	0.16006324267655705	0.1	7.807807807807809
0.7308507877766279	0.169149212223372	0.1	7.907907907907909
0.7213735605911338	0.1786264394088662	0.1	8.008008008008009
0.7115023010229832	0.1884976989770167	0.1	8.108108108108109
0.7012358431482395	0.1987641568517603	0.1	8.208208208208209
0.6905748089206657	0.20942519107933408	0.1	8.308308308308309
0.6795217339595082	0.22047826604049162	0.1	8.408408408408409
0.6680812134327179	0.23191878656728193	0.1	8.508508508508509
0.6562599867839171	0.24374001321608274	0.1	8.608608608608609
0.6440670407454772	0.2559329592545227	0.1	8.70870870870871
0.6315136913975042	0.26848630860249556	0.1	8.80880880880881
0.6186136110550872	0.28138638894491264	0.1	8.90890890890891
0.6053828810510482	0.29461711894895165	0.1	9.00900900900901
0.5918399396396959	0.30816006036030386	0.1	9.10910910910911
0.57800558294532	0.32199441705467985	0.1	9.20920920920921
0.563902850630839	0.33609714936916085	0.1	9.30930930930931
0.5495569405787957	0.35044305942120424	0.1	9.40940940940941
0.5349950507689365	0.36500494923106336	0.1	9.50950950950951
0.5202462000514433	0.37975379994855657	0.1	9.60960960960961
0.5053410236889486	0.39465897631105123	0.1	9.70970970970971
0.4903115265548009	0.40968847344519893	0.1	9.80980980980981
0.4751908161893298	0.42480918381067007	0.1	9.90990990990991
0.46001283337500004	0.4399871666249998	0.1	10.01001001001001
0.44481201762915284	0.45518798237084707	0.1	10.11011011011011
0.42962304183908656	0.47037695816091335	0.1	10.21021021021021
0.41448044413673607	0.4855195558632639	0.1	10.31031031031031
0.3994183535294979	0.5005816464705021	0.1	10.41041041041041
0.38447018270368666	0.5155298172963132	0.1	10.51051051051051
0.3696683223062819	0.530331677693718	0.1	10.61061061061061
0.3550438570394	0.5449561429605998	0.1	10.710710710710712
0.3406263495077302	0.5593736504922695	0.1	10.810810810810812
0.3264435941557655	0.5735564058442342	0.1	10.910910910910912
0.31252144266149584	0.587478557338504	0.1	11.011011011011012
0.2988836329866006	0.6011163670133991	0.1	11.111111111111112
0.2855516814599058	0.614448318540094	0.1	11.211211211211213
0.2725447836550823	0.6274552163449174	0.1	11.311311311311313
0.259879768894658	0.6401202311053417	0.1	11.411411411411413
0.24757107477001897	0.6524289252299807	0.1	11.511511511511513
0.23563076106407446	0.6643692389359253	0.1	11.611611611611613
0.2240685364837582	0.6759314635162416	0.1	11.711711711711713
0.21289184268041186	0.6871081573195879	0.1	11.811811811811813
0.202105967050307	0.6978940329496929	0.1	11.911911911911913
0.19171409014267007	0.7082859098573296	0.1	12.012012012012013
0.18171741352416587	0.7182825864758339	0.1	12.112112112112113
0.17211533191462478	0.727884668085375	0.1	12.212212212212213
0.16290555798161946	0.7370944420183804	0.1	12.312312312312313
0.15408427120792925	0.7459157287920706	0.1	12.412412412412413
0.1456462691708268	0.7543537308291731	0.1	12.512512512512513
0.13758511913548208	0.7624148808645179	0.1	12.612612612612613
0.1298933075330828	0.7701066924669172	0.1	12.712712712712714
0.12256238367055684	0.7774376163294432	0.1	12.812812812812814
0.11558310387212795	0.784416896127872	0.1	12.912912912912914
0.10894556276670028	0.7910544372332998	0.1	13.013013013013014
0.10263931367016647	0.7973606863298336	0.1	13.113113113113114
0.09665350040642794	0.8033464995935722	0.1	13.213213213213214
0.09097693800334254	0.8090230619966575	0.1	13.313313313313314
0.08559824770071552	0.8144017522992846	0.1	13.413413413413414
0.08050590352473853	0.8194940964752615	0.1	13.513513513513514
0.07568835946286301	0.8243116405371371	0.1	13.613613613613614
0.07113407159770128	0.8288659284022989	0.1	13.713713713713714
0.06683160983729497	0.833168390162705	0.1	13.813813813813814
0.0627696656316524	0.8372303343683476	0.1	13.913913913913914
0.05893714318530279	0.8410628568146973	0.1	14.014014014014014
0.05532316413381839	0.8446768358661817	0.1	14.114114114114114
0.05191711140752382	0.8480828885924762	0.1	14.214214214214214
0.048708667598142734	0.8512913324018572	0.1	14.314314314314315
0.04568781976495718	0.8543121802350429	0.1	14.414414414414415
0.04284489182841161	0.8571551081715884	0.1	14.514514514514515
0.04017054639569073	0.8598294536043092	0.1	14.614614614614615
0.03765579776355762	0.8623442022364423	0.1	14.714714714714715
0.03529201513708795	0.864707984862912	0.1	14.814814814814815
0.033070924760855526	0.8669290752391444	0.1	14.914914914914915
0.030984609111369146	0.8690153908886308	0.1	15.015015015015017
0.029025504335688505	0.8709744956643114	0.1	15.115115115115117
0.027186395278301887	0.872813604721698	0.1	15.215215215215217
0.025460409111362155	0.8745395908886378	0.1	15.315315315315317
0.023841007775377315	0.8761589922246225	0.1	15.415415415415417
0.022321979247942304	0.8776780207520575	0.1	15.515515515515517
0.020897427929729897	0.8791025720702699	0.1	15.615615615615617
0.019561761771323048	0.8804382382286767	0.1	15.715715715715717
0.018309685625670143	0.8816903143743297	0.1	15.815815815815817
0.0171361896815559	0.8828638103184439	0.1	15.915915915915917
0.01603653820235216	0.8839634617976476	0.1	16.016016016016017
0.015006252758912153	0.8849937472410877	0.1	16.116116116116117
0.01404110785213301	0.8859588921478668	0.1	16.216216216216218
0.01313711702985211	0.8868628829701477	0.1	16.316316316316318
0.01229051901564382	0.887709480984356	0.1	16.416416416416418
0.011497771278868522	0.8885022287211313	0.1	16.516516516516518
0.010755536769625105	0.8892444632303746	0.1	16.616616616616618
0.010060674098416381	0.8899393259015834	0.1	16.716716716716718
0.009410228370657248	0.8905897716293426	0.1	16.816816816816818
0.008801419669271775	0.8911985803307281	0.1	16.916916916916918
0.008231634689099014	0.8917683653109009	0.1	17.017017017017018
0.0076984176748770665	0.8923015823251228	0.1	17.117117117117118
0.0071994616430948915	0.892800538356905	0.1	17.217217217217218
0.006732600344564046	0.8932673996554358	0.1	17.31731731731732
0.006295800021501657	0.8937041999784981	0.1	17.41741741741742
0.005887151774855217	0.8941128482251446	0.1	17.51751751751752
0.005504864771976857	0.894495135228023	0.1	17.61761761761762
0.005147258716179026	0.8948527412838209	0.1	17.71771771771772
0.004812757999218568	0.8951872420007813	0.1	17.81781781781782
0.00449988583376857	0.8955001141662313	0.1	17.91791791791792
0.004207258136990135	0.8957927418630098	0.1	18.01801801801802
0.003933576157505188	0.8960664238424948	0.1	18.11811811811812
0.003677623726874794	0.8963223762731252	0.1	18.21821821821822
0.0034382620697094987	0.8965617379302905	0.1	18.31831831831832
0.0032144242144554096	0.8967855757855446	0.1	18.41841841841842
0.003005109506614346	0.8969948904933857	0.1	18.51851851851852
0.002809381856858876	0.8971906181431412	0.1	18.61861861861862
0.002626365243643462	0.8973736347563566	0.1	18.71871871871872
0.0024552387204866987	0.8975447612795133	0.1	18.81881881881882
0.0022952334054107144	0.8977047665945893	0.1	18.91891891891892
0.002145630347461429	0.8978543696525386	0.1	19.01901901901902
0.002005757085629468	0.8979942429143706	0.1	19.11911911911912
0.001874983065229617	0.8981250169347704	0.1	19.21921921921922
0.001752718470691264	0.8982472815293088	0.1	19.31931931931932
0.0016384119710946888	0.8983615880289053	0.1	19.41941941941942
0.0015315479044996257	0.8984684520955005	0.1	19.51951951951952
0.0014316426689489434	0.8985683573310511	0.1	19.61961961961962
0.0013382444437421565	0.8986617555562579	0.1	19.71971971971972
0.001250930985061365	0.8987490690149388	0.1	19.81981981981982
0.0011693071675615006	0.8988306928324385	0.1	19.91991991991992
0.0010930026134305536	0.8989069973865694	0.1	20.02002002002002
0.0010216715580473102	0.8989783284419527	0.1	20.12012012012012
0.000954990963338431	0.8990450090366616	0.1	20.22022022022022
0.0008926581823176853	0.8991073418176824	0.1	20.32032032032032
0.0008343899373285932	0.8991656100626715	0.1	20.42042042042042
0.0007799217669340391	0.899220078233066	0.1	20.52052052052052
0.0007290065723532263	0.8992709934276469	0.1	20.62062062062062
0.0006814126774635746	0.8993185873225366	0.1	20.72072072072072
0.0006369236297066953	0.8993630763702934	0.1	20.82082082082082
0.000595337317214407	0.8994046626827857	0.1	20.92092092092092
0.0005564648108751258	0.899443535189125	0.1	21.02102102102102
0.0005201289114972228	0.8994798710885029	0.1	21.12112112112112
0.00048616427536648556	0.8995138357246336	0.1	21.22122122122122
0.00045441650299611646	0.8995455834970041	0.1	21.32132132132132
0.00042474107087356653	0.8995752589291266	0.1	21.421421421421424
0.00039700262072457756	0.8996029973792756	0.1	21.521521521521525
0.000371074869291073	0.8996289251307091	0.1	21.621621621621625
0.00034683988492934166	0.8996531601150708	0.1	21.721721721721725
0.0003241871258333685	0.8996758128741668	0.1	21.821821821821825
0.00030301327540093327	0.8996969867245992	0.1	21.921921921921925
0.0002832219121302855	0.8997167780878699	0.1	22.022022022022025
0.0002647229601496957	0.8997352770398505	0.1	22.122122122122125
0.0002474319197869792	0.8997525680802132	0.1	22.222222222222225
0.00023126993900667633	0.8997687300609934	0.1	22.322322322322325
0.00021616340729681887	0.8997838365927033	0.1	22.422422422422425
0.0002020434604890177	0.8997979565395111	0.1	22.522522522522525
0.0001888456307752112	0.899811154369225	0.1	22.622622622622625
0.00017650968454806422	0.8998234903154521	0.1	22.722722722722725
0.00016497945390006458	0.8998350205461001	0.1	22.822822822822825
0.00015420223642599045	0.8998457977635741	0.1	22.922922922922925
0.00014412877877486758	0.8998558712212252	0.1	23.023023023023026
0.0001347132132562234	0.8998652867867439	0.1	23.123123123123126
0.00012591278143610123	0.899874087218564	0.1	23.223223223223226
0.00011768740153086283	0.8998823125984693	0.1	23.323323323323326
0.00010999941170162425	0.8998900005882985	0.1	23.423423423423426
0.00010281369090002712	0.8998971863091001	0.1	23.523523523523526
9.609730067989197e-05	0.8999039026993203	0.1	23.623623623623626
8.981949309967602e-05	0.8999101805069004	0.1	23.723723723723726
8.395191436139246e-05	0.8999160480856386	0.1	23.823823823823826
7.84677422039417e-05	0.8999215322577961	0.1	23.923923923923926
7.334174390290873e-05	0.8999266582560972	0.1	24.024024024024026
6.855026126343873e-05	0.8999314497387366	0.1	24.124124124124126
6.407180875281413e-05	0.8999359281912472	0.1	24.224224224224226
5.988601733876827e-05	0.8999401139826613	0.1	24.324324324324326
5.597368883161828e-05	0.8999440263111684	0.1	24.424424424424426
5.231677085240286e-05	0.8999476832291476	0.1	24.524524524524526
4.889877298818473e-05	0.8999511012270118	0.1	24.624624624624627
4.570419282411705e-05	0.8999542958071759	0.1	24.724724724724727
4.27183686817885e-05	0.8999572816313183	0.1	24.824824824824827
3.9927481552695844e-05	0.8999600725184472	0.1	24.924924924924927
3.731886438085209e-05	0.8999626811356192	0.1	25.025025025025027
3.4880757974464354e-05	0.8999651192420255	0.1	25.125125125125127
3.2601985706462e-05	0.8999673980142935	0.1	25.225225225225227
3.0472023481243733e-05	0.8999695279765187	0.1	25.325325325325327
2.8481163858033418e-05	0.8999715188361419	0.1	25.425425425425427
2.6620540581163454e-05	0.8999733794594187	0.1	25.525525525525527
2.488162425587576e-05	0.8999751183757441	0.1	25.625625625625627
2.3256361448976356e-05	0.899976743638551	0.1	25.725725725725727
2.173711355068351e-05	0.8999782628864492	0.1	25.825825825825827
2.0316818355846745e-05	0.8999796831816441	0.1	25.925925925925927
1.8989357514680577e-05	0.8999810106424853	0.1	26.026026026026027
1.774869305012417e-05	0.8999822513069498	0.1	26.126126126126128
1.65891196141318e-05	0.8999834108803858	0.1	26.226226226226228
1.5505245205810163e-05	0.8999844947547941	0.1	26.326326326326328
1.4492019347057457e-05	0.8999855079806529	0.1	26.426426426426428
1.3545029066665661e-05	0.8999864549709332	0.1	26.526526526526528
1.2659993871650415e-05	0.8999873400061282	0.1	26.626626626626628
1.1832848920376266e-05	0.8999881671510795	0.1	26.726726726726728
1.1059750369854e-05	0.89998894024963	0.1	26.826826826826828
1.0337067612297904e-05	0.8999896629323877	0.1	26.926926926926928
9.661626682706296e-06	0.8999903383733172	0.1	27.027027027027028
9.030391385675822e-06	0.8999909696086142	0.1	27.127127127127128
8.440451649909963e-06	0.8999915595483501	0.1	27.227227227227228
7.889052590134674e-06	0.8999921109474098	0.1	27.32732732732733
7.373577414624983e-06	0.8999926264225854	0.1	27.42742742742743
6.891741360905311e-06	0.8999931082586391	0.1	27.52752752752753
6.441417645735742e-06	0.8999935585823542	0.1	27.62762762762763
6.020543611092354e-06	0.8999939794563888	0.1	27.72772772772773
5.627175269105064e-06	0.8999943728247308	0.1	27.82782782782783
5.259139970229715e-06	0.8999947408600298	0.1	27.92792792792793
4.915658179057713e-06	0.899995084341821	0.1	28.02802802802803
4.594530436137979e-06	0.8999954054695639	0.1	28.12812812812813
4.2943601787799955e-06	0.8999957056398212	0.1	28.22822822822823
4.013799532478824e-06	0.8999959862004675	0.1	28.32832832832833
3.751549310915112e-06	0.8999962484506892	0.1	28.42842842842843
3.506420360674084e-06	0.8999964935796393	0.1	28.52852852852853
3.2773675102402764e-06	0.8999967226324898	0.1	28.62862862862863
3.0633245255789105e-06	0.8999969366754744	0.1	28.72872872872873
2.8632823223143015e-06	0.8999971367176777	0.1	28.82882882882883
2.676291107257319e-06	0.8999973237088927	0.1	28.92892892892893
2.5014603784053876e-06	0.8999974985396215	0.1	29.02902902902903
2.3379594820447247e-06	0.8999976620405178	0.1	29.12912912912913
2.1850445069783177e-06	0.8999978149554929	0.1	29.22922922922923
2.042031894111824e-06	0.8999979579681058	0.1	29.32932932932933
1.9082888599669266e-06	0.8999980917111399	0.1	29.42942942942943
1.7832443789202536e-06	0.899998216755621	0.1	29.52952952952953
1.6663891832033814e-06	0.8999983336108167	0.1	29.62962962962963
1.557275762902833e-06	0.899998442724237	0.1	29.72972972972973
1.4554719919662418e-06	0.8999985445280079	0.1	29.82982982982983
1.360328581696078e-06	0.8999986396714181	0.1	29.929929929929934
1.271377266283452e-06	0.8999987286227336	0.1	30.030030030030034
1.1882255051373843e-06	0.8999988117744947	0.1	30.130130130130134
1.1105203695494966e-06	0.8999988894796302	0.1	30.230230230230234
1.037948542694008e-06	0.8999989620514571	0.1	30.330330330330334
9.70236319627735e-07	0.8999990297636802	0.1	30.430430430430434
9.070567589957735e-07	0.8999990929432409	0.1	30.530530530530534
8.47991403195233e-07	0.8999991520085966	0.1	30.630630630630634
7.92760651303656e-07	0.8999992072393486	0.1	30.730730730730734
7.411116504117425e-07	0.8999992588883494	0.1	30.830830830830834
6.928158923038931e-07	0.8999993071841075	0.1	30.930930930930934
6.476692134582089e-07	0.8999993523307863	0.1	31.031031031031034
6.04187175134195e-07	0.8999993958128247	0.1	31.131131131131134
5.653819470459368e-07	0.8999994346180528	0.1	31.231231231231234
5.288384702561067e-07	0.8999994711615296	0.1	31.331331331331334
4.944846376654992e-07	0.8999995055153621	0.1	31.431431431431434
4.622483421749092e-07	0.8999995377516576	0.1	31.531531531531535
4.320574766851314e-07	0.8999995679425231	0.1	31.631631631631635
4.038399340969605e-07	0.8999995961600658	0.1	31.731731731731735
3.775087999888159e-07	0.8999996224911999	0.1	31.831831831831835
3.5290406845612e-07	0.8999996470959314	0.1	31.931931931931935
3.2991849651954045e-07	0.8999996700815033	0.1	32.032032032032035
3.0845537269963984e-07	0.8999996915446271	0.1	32.132132132132135
2.8841798551698125e-07	0.8999997115820143	0.1	32.232232232232235
2.697096234921275e-07	0.8999997302903764	0.1	32.332332332332335
2.5223357514564147e-07	0.8999997477664247	0.1	32.432432432432435
2.35893128998086e-07	0.8999997641068709	0.1	32.532532532532535
2.205985820535383e-07	0.8999997794014177	0.1	32.632632632632635
2.0632747152955582e-07	0.8999997936725282	0.1	32.732732732732735
1.9302024443054246e-07	0.8999998069797553	0.1	32.832832832832835
1.8060186788052382e-07	0.8999998193981319	0.1	32.932932932932935
1.6899730900352548e-07	0.8999998310026908	0.1	33.033033033033036
1.5813153492357294e-07	0.8999998418684648	0.1	33.133133133133136
1.4792951276469182e-07	0.899999852070487	0.1	33.233233233233236
1.3831620965090768e-07	0.8999998616837901	0.1	33.333333333333336
1.2922156135301441e-07	0.8999998707784383	0.1	33.433433433433436
1.2068784717612727e-07	0.8999998793121525	0.1	33.533533533533536
1.1271773669988224e-07	0.8999998872822631	0.1	33.633633633633636
1.0527377149189208e-07	0.8999998947262282	0.1	33.733733733733736
9.831849311976958e-08	0.8999999016815067	0.1	33.833833833833836
9.181444315112751e-08	0.8999999081855566	0.1	33.933933933933936
8.572416315357863e-08	0.8999999142758366	0.1	34.034034034034036
8.001019469473574e-08	0.8999999199898051	0.1	34.134134134134136
7.27650720472596e-08	0.8999999272349277	0.1	34.234234234234236
6.834978294013664e-08	0.8999999316502169	0.1	34.334334334334336
6.412768150707538e-08	0.8999999358723183	0.1	34.434434434434436
6.009876774807582e-08	0.8999999399012321	0.1	34.53453453453454
5.626304166313795e-08	0.8999999437369581	0.1	34.63463463463464
5.262050325226175e-08	0.8999999473794965	0.1	34.73473473473474
4.9171152515447255e-08	0.8999999508288472	0.1	34.83483483483484
4.591498945269444e-08	0.8999999540850103	0.1	34.93493493493494
4.2852014064003315e-08	0.8999999571479858	0.1	35.03503503503504
3.9968654971611735e-08	0.8999999600313447	0.1	35.13513513513514
3.7249783473819285e-08	0.8999999627502163	0.1	35.23523523523524
3.469538855902353e-08	0.8999999653046112	0.1	35.33533533533534
3.230547022722448e-08	0.8999999676945295	0.1	35.43543543543544
3.008002847842212e-08	0.8999999699199713	0.1	35.53553553553554
2.801906331261646e-08	0.8999999719809364	0.1	35.63563563563564
2.6122574729807497e-08	0.899999973877425	0.1	35.73573573573574
2.4390562729995228e-08	0.899999975609437	0.1	35.83583583583584
2.2814682542863556e-08	0.8999999771853172	0.1	35.93593593593594
2.1336478318900334e-08	0.8999999786635214	0.1	36.03603603603604
1.9944661588319133e-08	0.8999999800553382	0.1	36.13613613613614
1.8639232351119956e-08	0.8999999813607674	0.1	36.23623623623624
1.7420190607302798e-08	0.8999999825798092	0.1	36.33633633633634
1.6287536356867664e-08	0.8999999837124635	0.1	36.43643643643644
1.5241269599814557e-08	0.8999999847587302	0.1	36.53653653653654
1.4281390336143468e-08	0.8999999857186095	0.1	36.63663663663664
1.3407898565854402e-08	0.8999999865921012	0.1	36.73673673673674
1.2599968771264624e-08	0.8999999874000311	0.1	36.83683683683684
1.1832550884571445e-08	0.899999988167449	0.1	36.93693693693694
1.1105592661760712e-08	0.8999999888944071	0.1	37.03703703703704
1.041909410283242e-08	0.8999999895809058	0.1	37.13713713713714
9.77305520778657e-09	0.8999999902269447	0.1	37.23723723723724
9.167475976623163e-09	0.8999999908325239	0.1	37.33733733733734
8.602356409342199e-09	0.8999999913976434	0.1	37.43743743743744
8.077696505943677e-09	0.8999999919223033	0.1	37.53753753753754
7.59176359222004e-09	0.8999999924082362	0.1	37.63763763763764
7.13133135426086e-09	0.8999999928686685	0.1	37.73773773773774
6.6936450676218046e-09	0.8999999933063547	0.1	37.83783783783784
6.2787047323028775e-09	0.8999999937212951	0.1	37.93793793793794
5.886510348304076e-09	0.8999999941134895	0.1	38.03803803803804
5.517061915625401e-09	0.8999999944829379	0.1	38.13813813813814
5.170359434266852e-09	0.8999999948296404	0.1	38.23823823823824
4.84640290422843e-09	0.899999995153597	0.1	38.33833833833834
4.545192325510135e-09	0.8999999954548075	0.1	38.43843843843844
4.263055035484372e-09	0.8999999957369448	0.1	38.53853853853854
3.995232255186652e-09	0.8999999960047675	0.1	38.63863863863864
3.741704619278256e-09	0.8999999962582952	0.1	38.73873873873874
3.5024721277591818e-09	0.8999999964975277	0.1	38.83883883883884
3.27753478062943e-09	0.899999996722465	0.1	38.93893893893894
3.0668925778890006e-09	0.8999999969331073	0.1	39.03903903903904
2.870545519537894e-09	0.8999999971294543	0.1	39.13913913913914
2.68849360557611e-09	0.8999999973115062	0.1	39.23923923923924
2.5202205980299267e-09	0.8999999974797792	0.1	39.33933933933934
2.361419385279225e-09	0.8999999976385804	0.1	39.43943943943944
2.211123899960167e-09	0.899999997788876	0.1	39.53953953953954
2.069334142072751e-09	0.8999999979306657	0.1	39.63963963963964
1.9360501116169776e-09	0.8999999980639497	0.1	39.73973973973974
1.8112718085928476e-09	0.899999998188728	0.1	39.83983983983984
1.69499923300036e-09	0.8999999983050007	0.1	39.93993993993994
1.5872323848395153e-09	0.8999999984127675	0.1	40.04004004004004
1.4879712641103134e-09	0.8999999985120286	0.1	40.14014014014014
1.3956581329150555e-09	0.8999999986043417	0.1	40.24024024024024
1.308121882685273e-09	0.8999999986918779	0.1	40.34034034034034
1.2253481186636157e-09	0.8999999987746516	0.1	40.44044044044044
1.1473368408500833e-09	0.8999999988526629	0.1	40.54054054054054
1.0740880492446761e-09	0.8999999989259118	0.1	40.64064064064064
1.0056017438473939e-09	0.8999999989943981	0.1	40.74074074074074
9.41877924658237e-10	0.8999999990581219	0.1	40.84084084084084
8.829165916772048e-10	0.8999999991170832	0.1	40.94094094094094
8.285485019009272e-10	0.8999999991714513	0.1	41.04104104104104
7.772250647927026e-10	0.8999999992227747	0.1	41.14114114114114
7.285727097791079e-10	0.8999999992714272	0.1	41.24124124124124
6.825914368601432e-10	0.8999999993174084	0.1	41.34134134134134
6.392812460358085e-10	0.8999999993607186	0.1	41.44144144144144
5.986421373061037e-10	0.8999999994013577	0.1	41.54154154154154
5.606741106710289e-10	0.8999999994393257	0.1	41.64164164164164
5.253771661305839e-10	0.8999999994746226	0.1	41.74174174174174
4.92751303684769e-10	0.8999999995072485	0.1	41.84184184184184
4.40460911347435e-10	0.8999999995595389	0.1	41.94194194194194
3.871611599763095e-10	0.8999999996128386	0.1	42.04204204204204
3.3549187175815957e-10	0.8999999996645079	0.1	42.14214214214214
2.8545304669298477e-10	0.8999999997145467	0.1	42.24224224224224
2.370446847807855e-10	0.8999999997629551	0.1	42.34234234234234
1.902667860215615e-10	0.899999999809733	0.1	42.44244244244244
1.4511935041531266e-10	0.8999999998548804	0.1	42.54254254254254
1.0160237796203909e-10	0.8999999998983974	0.1	42.64264264264264
5.971586866173823e-11	0.8999999999402839	0.1	42.74274274274275
1.945982251441547e-11	0.8999999999805399	0.1	42.84284284284285
-1.9165760479931773e-11	0.9000000000191656	0.1	42.94294294294295
-5.6160880321303814e-11	0.9000000000561607	0.1	43.04304304304305
-9.152553700970063e-11	0.9000000000915254	0.1	43.14314314314315
-1.2525973054512205e-10	0.9000000001252595	0.1	43.24324324324325
-1.57363460927568e-10	0.9000000001573633	0.1	43.34334334334335
-1.8783672815703876e-10	0.9000000001878365	0.1	43.44344344344345
-2.1667953223353406e-10	0.9000000002166794	0.1	43.54354354354355
-2.4389187315705406e-10	0.9000000002438917	0.1	43.64364364364365
-2.6947375092759885e-10	0.9000000002694736	0.1	43.74374374374375
-2.934251655451682e-10	0.900000000293425	0.1	43.84384384384385
-3.1574611700976236e-10	0.9000000003157459	0.1	43.94394394394395
-3.36436605321381e-10	0.9000000003364363	0.1	44.04404404404405
-3.5549663048002454e-10	0.9000000003554964	0.1	44.14414414414415
-3.7292619248569264e-10	0.9000000003729259	0.1	44.24424424424425
-3.887252913383854e-10	0.9000000003887251	0.1	44.34434434434435
-4.028939270381029e-10	0.9000000004028937	0.1	44.44444444444445
-4.15432099584845e-10	0.9000000004154319	0.1	44.54454454454455
-4.2633980897861183e-10	0.9000000004263397	0.1	44.64464464464465
-4.3561705521940325e-10	0.9000000004356169	0.1	44.74474474474475
-4.4326383830721946e-10	0.9000000004432637	0.1	44.84484484484485
-4.4928015824206027e-10	0.90000000044928	0.1	44.94494494494495
-4.5366601502392576e-10	0.9000000004536658	0.1	45.04504504504505
-4.5642140865281595e-10	0.9000000004564211	0.1	45.14514514514515
-4.5754633912873084e-10	0.9000000004575461	0.1	45.24524524524525
-4.5704080645167036e-10	0.9000000004570406	0.1	45.34534534534535
-4.549048106216346e-10	0.9000000004549046	0.1	45.44544544544545
-4.5113835163862344e-10	0.9000000004511381	0.1	45.54554554554555
-4.45741429502637e-10	0.9000000004457412	0.1	45.64564564564565
-4.3871404421367524e-10	0.9000000004387139	0.1	45.74574574574575
-4.3005619577173813e-10	0.900000000430056	0.1	45.84584584584585
-4.197678841768257e-10	0.9000000004197677	0.1	45.94594594594595
-4.07849109428938e-10	0.9000000004078489	0.1	46.04604604604605
-3.942998715280749e-10	0.9000000003942996	0.1	46.14614614614615
-3.791201704742365e-10	0.90000000037912	0.1	46.24624624624625
-3.623100062674228e-10	0.9000000003623098	0.1	46.34634634634635
-3.4386937890763376e-10	0.9000000003438692	0.1	46.44644644644645
-3.237982883948694e-10	0.9000000003237981	0.1	46.54654654654655
-3.216879407930779e-10	0.9000000003216878	0.1	46.64664664664665
-3.283604005474266e-10	0.9000000003283603	0.1	46.74674674674675
-3.3461303391052276e-10	0.9000000003346129	0.1	46.84684684684685
-3.404458408823665e-10	0.9000000003404457	0.1	46.94694694694695
-3.4585882146295783e-10	0.9000000003458587	0.1	47.04704704704705
-3.508519756522967e-10	0.9000000003508518	0.1	47.14714714714715
-3.5542530345038306e-10	0.9000000003554252	0.1	47.24724724724725
-3.595788048572171e-10	0.9000000003595787	0.1	47.34734734734735
-3.633124798727986e-10	0.9000000003633124	0.1	47.44744744744745
-3.6662632849712764e-10	0.9000000003666262	0.1	47.54754754754755
-3.6952035073020427e-10	0.9000000003695202	0.1	47.64764764764765
-3.7199454657202843e-10	0.9000000003719945	0.1	47.74774774774775
-3.740489160226001e-10	0.9000000003740488	0.1	47.84784784784785
-3.756834590819194e-10	0.9000000003756833	0.1	47.94794794794795
-3.768981757499862e-10	0.9000000003768981	0.1	48.04804804804805
-3.7769306602680056e-10	0.9000000003776929	0.1	48.14814814814815
-3.780681299123625e-10	0.900000000378068	0.1	48.24824824824825
-3.7802336740667196e-10	0.9000000003780232	0.1	48.34834834834835
-3.7755877850972895e-10	0.9000000003775587	0.1	48.44844844844845
-3.7667436322153357e-10	0.9000000003766743	0.1	48.54854854854855
-3.7537012154208566e-10	0.90000000037537	0.1	48.64864864864865
-3.7364605347138527e-10	0.9000000003736459	0.1	48.74874874874875
-3.715021590094325e-10	0.9000000003715021	0.1	48.84884884884885
-3.689384381562273e-10	0.9000000003689383	0.1	48.94894894894895
-3.659548909117696e-10	0.9000000003659547	0.1	49.04904904904905
-3.625515172760595e-10	0.9000000003625513	0.1	49.14914914914915
-3.5872831724909695e-10	0.9000000003587282	0.1	49.24924924924925
-3.544852908308819e-10	0.9000000003544851	0.1	49.34934934934935
-3.498224380214144e-10	0.9000000003498223	0.1	49.44944944944945
-3.4473975882069445e-10	0.9000000003447396	0.1	49.54954954954955
-3.392372532287221e-10	0.9000000003392371	0.1	49.64964964964965
-3.333149212454973e-10	0.9000000003333148	0.1	49.74974974974975
-3.2697276287102e-10	0.9000000003269726	0.1	49.84984984984985
-3.2021077810529026e-10	0.9000000003202107	0.1	49.94994994994995
-3.1302896694830807e-10	0.9000000003130288	0.1	50.050050050050054
-3.0542732940007345e-10	0.9000000003054272	0.1	50.150150150150154
-2.9740586546058636e-10	0.9000000002974058	0.1	50.250250250250254
-2.889645751298469e-10	0.9000000002889644	0.1	50.350350350350354
-2.801034584078549e-10	0.9000000002801033	0.1	50.450450450450454
-2.708225152946105e-10	0.9000000002708224	0.1	50.550550550550554
-2.611217457901136e-10	0.9000000002611216	0.1	50.650650650650654
-2.510011498943643e-10	0.900000000251001	0.1	50.750750750750754
-2.404607276073625e-10	0.9000000002404606	0.1	50.850850850850854
-2.2950047892910828e-10	0.9000000002295003	0.1	50.950950950950954
-2.1812040385960162e-10	0.9000000002181203	0.1	51.051051051051054
-2.063205023988425e-10	0.9000000002063204	0.1	51.151151151151154
-1.9410077454683093e-10	0.9000000001941006	0.1	51.251251251251254
-1.9169215997998525e-10	0.900000000191692	0.1	51.351351351351354
-1.8857811230658266e-10	0.900000000188578	0.1	51.451451451451454
-1.8546406463318002e-10	0.9000000001854639	0.1	51.551551551551555
-1.8235001695977744e-10	0.9000000001823498	0.1	51.651651651651655
-1.7923596928637485e-10	0.9000000001792358	0.1	51.751751751751755
-1.7612192161297221e-10	0.9000000001761217	0.1	51.851851851851855
-1.7300787393956963e-10	0.9000000001730076	0.1	51.951951951951955
-1.6989382626616702e-10	0.9000000001698937	0.1	52.052052052052055
-1.6677977859276443e-10	0.9000000001667796	0.1	52.152152152152155
-1.6366573091936182e-10	0.9000000001636655	0.1	52.252252252252255
-1.605516832459592e-10	0.9000000001605515	0.1	52.352352352352355
-1.5743763557255662e-10	0.9000000001574374	0.1	52.452452452452455
-1.54323587899154e-10	0.9000000001543234	0.1	52.552552552552555
-1.512095402257514e-10	0.9000000001512093	0.1	52.652652652652655
-1.4809549255234881e-10	0.9000000001480953	0.1	52.752752752752755
-1.449814448789462e-10	0.9000000001449813	0.1	52.852852852852855
-1.418673972055436e-10	0.9000000001418672	0.1	52.952952952952955
-1.38753349532141e-10	0.9000000001387531	0.1	53.053053053053056
-1.356393018587384e-10	0.9000000001356391	0.1	53.153153153153156
-1.3252525418533578e-10	0.900000000132525	0.1	53.253253253253256
-1.294112065119332e-10	0.9000000001294111	0.1	53.353353353353356
-1.2629715883853056e-10	0.900000000126297	0.1	53.453453453453456
-1.2318311116512797e-10	0.9000000001231829	0.1	53.553553553553556
-1.2006906349172539e-10	0.9000000001200689	0.1	53.653653653653656
-1.1695501581832275e-10	0.9000000001169548	0.1	53.753753753753756
-1.1384096814492016e-10	0.9000000001138407	0.1	53.853853853853856
-1.1072692047151755e-10	0.9000000001107267	0.1	53.953953953953956
-1.0761287279811495e-10	0.9000000001076127	0.1	54.054054054054056
-1.0449882512471235e-10	0.9000000001044987	0.1	54.154154154154156
-1.0138477745130974e-10	0.9000000001013846	0.1	54.254254254254256
-9.827072977790714e-11	0.9000000000982705	0.1	54.354354354354356
-9.515668210450453e-11	0.9000000000951565	0.1	54.454454454454456
-9.204263443110193e-11	0.9000000000920424	0.1	54.55455455455456
-8.892858675769934e-11	0.9000000000889284	0.1	54.65465465465466
-8.581453908429672e-11	0.9000000000858144	0.1	54.75475475475476
-8.270049141089413e-11	0.9000000000827003	0.1	54.85485485485486
-7.958644373749151e-11	0.9000000000795862	0.1	54.95495495495496
-7.647239606408892e-11	0.9000000000764722	0.1	55.05505505505506
-7.335834839068632e-11	0.9000000000733581	0.1	55.15515515515516
-7.02443007172837e-11	0.900000000070244	0.1	55.25525525525526
-6.713025304388111e-11	0.9000000000671301	0.1	55.35535535535536
-6.401620537047851e-11	0.900000000064016	0.1	55.45545545545546
-6.09021576970759e-11	0.900000000060902	0.1	55.55555555555556
-5.77881100236733e-11	0.9000000000577879	0.1	55.65565565565566
-5.467406235027069e-11	0.9000000000546738	0.1	55.75575575575576
-5.156001467686809e-11	0.9000000000515598	0.1	55.85585585585586
-4.844596700346549e-11	0.9000000000484458	0.1	55.95595595595596
-4.606493062662363e-11	0.9000000000460647	0.1	56.05605605605606
-4.597028754653017e-11	0.9000000000459701	0.1	56.15615615615616
-4.587564446643671e-11	0.9000000000458754	0.1	56.25625625625626
-4.578100138634325e-11	0.9000000000457808	0.1	56.35635635635636
-4.568635830624978e-11	0.9000000000456861	0.1	56.45645645645646
-4.5591715226156326e-11	0.9000000000455916	0.1	56.55655655655656
-4.549707214606286e-11	0.9000000000454969	0.1	56.65665665665666
-4.5402429065969405e-11	0.9000000000454023	0.1	56.75675675675676
-4.530778598587595e-11	0.9000000000453076	0.1	56.85685685685686
-4.5213142905782483e-11	0.900000000045213	0.1	56.95695695695696
-4.5118499825689026e-11	0.9000000000451184	0.1	57.05705705705706
-4.502385674559556e-11	0.9000000000450237	0.1	57.15715715715716
-4.49292136655021e-11	0.9000000000449291	0.1	57.25725725725726
-4.483457058540864e-11	0.9000000000448344	0.1	57.35735735735736
-4.473992750531518e-11	0.9000000000447398	0.1	57.45745745745746
-4.464528442522172e-11	0.9000000000446451	0.1	57.55755755755756
-4.4550641345128256e-11	0.9000000000445505	0.1	57.65765765765766
-4.44559982650348e-11	0.9000000000444558	0.1	57.75775775775776
-4.4361355184941335e-11	0.9000000000443612	0.1	57.85785785785786
-4.426671210484788e-11	0.9000000000442665	0.1	57.95795795795796
-4.417206902475442e-11	0.9000000000441719	0.1	58.05805805805806
-4.4077425944660956e-11	0.9000000000440772	0.1	58.15815815815816
-4.398278286456749e-11	0.9000000000439826	0.1	58.25825825825826
-4.388813978447403e-11	0.9000000000438879	0.1	58.35835835835836
-4.379349670438057e-11	0.9000000000437933	0.1	58.45845845845846
-4.3698853624287114e-11	0.9000000000436986	0.1	58.55855855855856
-4.360421054419365e-11	0.900000000043604	0.1	58.65865865865866
-4.350956746410019e-11	0.9000000000435094	0.1	58.75875875875876
-4.341492438400673e-11	0.9000000000434147	0.1	58.85885885885886
-4.332028130391327e-11	0.9000000000433201	0.1	58.95895895895896
-4.322563822381981e-11	0.9000000000432254	0.1	59.05905905905906
-4.3130995143726344e-11	0.9000000000431309	0.1	59.15915915915916
-4.3036352063632887e-11	0.9000000000430362	0.1	59.25925925925926
-4.294170898353942e-11	0.9000000000429416	0.1	59.35935935935936
-4.2847065903445965e-11	0.9000000000428469	0.1	59.45945945945946
-4.27524228233525e-11	0.9000000000427523	0.1	59.55955955955956
-4.2657779743259044e-11	0.9000000000426576	0.1	59.65965965965966
-4.256313666316559e-11	0.900000000042563	0.1	59.75975975975976
-4.2468493583072116e-11	0.9000000000424683	0.1	59.85985985985987
-4.237385050297865e-11	0.9000000000423737	0.1	59.95995995995997
-4.2279207422885195e-11	0.900000000042279	0.1	60.06006006006007
-4.218456434279174e-11	0.9000000000421844	0.1	60.16016016016017
-4.2089921262698274e-11	0.9000000000420898	0.1	60.26026026026027
-4.199527818260481e-11	0.9000000000419951	0.1	60.36036036036037
-4.1900635102511346e-11	0.9000000000419005	0.1	60.46046046046047
-4.180599202241789e-11	0.9000000000418058	0.1	60.56056056056057
-4.171134894232443e-11	0.9000000000417112	0.1	60.66066066066067
-4.161670586223097e-11	0.9000000000416165	0.1	60.76076076076077
-4.152206278213751e-11	0.9000000000415219	0.1	60.86086086086087
-4.1427419702044047e-11	0.9000000000414272	0.1	60.96096096096097
-4.133277662195059e-11	0.9000000000413326	0.1	61.06106106106107
-4.1238133541857126e-11	0.9000000000412379	0.1	61.16116116116117
-4.114349046176366e-11	0.9000000000411433	0.1	61.26126126126127
-4.1048847381670204e-11	0.9000000000410486	0.1	61.36136136136137
-4.095420430157674e-11	0.900000000040954	0.1	61.46146146146147
-4.085956122148328e-11	0.9000000000408593	0.1	61.56156156156157
-4.0764918141389826e-11	0.9000000000407647	0.1	61.66166166166167
-4.067027506129636e-11	0.90000000004067	0.1	61.76176176176177
-4.0575631981202905e-11	0.9000000000405755	0.1	61.86186186186187
-4.048098890110944e-11	0.9000000000404809	0.1	61.96196196196197
-4.038634582101598e-11	0.9000000000403862	0.1	62.06206206206207
-4.029170274092252e-11	0.9000000000402916	0.1	62.16216216216217
-4.0197059660829056e-11	0.9000000000401969	0.1	62.26226226226227
-4.01024165807356e-11	0.9000000000401023	0.1	62.36236236236237
-4.0007773500642135e-11	0.9000000000400076	0.1	62.46246246246247
-3.991313042054868e-11	0.900000000039913	0.1	62.56256256256257
-3.9818487340455213e-11	0.9000000000398183	0.1	62.66266266266267
-3.9723844260361756e-11	0.9000000000397237	0.1	62.76276276276277
-3.96292011802683e-11	0.900000000039629	0.1	62.86286286286287
-3.9534558100174835e-11	0.9000000000395344	0.1	62.96296296296297
-3.943991502008137e-11	0.9000000000394397	0.1	63.06306306306307
-3.934527193998791e-11	0.9000000000393451	0.1	63.16316316316317
-3.925062885989445e-11	0.9000000000392504	0.1	63.26326326326327
-3.915598577980099e-11	0.9000000000391558	0.1	63.36336336336337
-3.906134269970753e-11	0.9000000000390611	0.1	63.46346346346347
-3.896669961961407e-11	0.9000000000389665	0.1	63.56356356356357
-3.887205653952061e-11	0.9000000000388719	0.1	63.66366366366367
-3.877741345942715e-11	0.9000000000387772	0.1	63.76376376376377
-3.8682770379333686e-11	0.9000000000386826	0.1	63.86386386386387
-3.858812729924022e-11	0.9000000000385879	0.1	63.96396396396397
-3.8493484219146765e-11	0.9000000000384933	0.1	64.06406406406407
-3.8398841139053314e-11	0.9000000000383986	0.1	64.16416416416416
-3.8304198058959844e-11	0.900000000038304	0.1	64.26426426426427
-3.820955497886639e-11	0.9000000000382093	0.1	64.36436436436436
-3.811491189877292e-11	0.9000000000381148	0.1	64.46446446446447
-3.8020268818679465e-11	0.90000000003802	0.1	64.56456456456456
-3.7925625738586e-11	0.9000000000379255	0.1	64.66466466466467
-3.7830982658492544e-11	0.9000000000378308	0.1	64.76476476476476
-3.773633957839908e-11	0.9000000000377362	0.1	64.86486486486487
-3.764169649830562e-11	0.9000000000376415	0.1	64.96496496496496
-3.754705341821216e-11	0.9000000000375469	0.1	65.06506506506507
-3.745241033811871e-11	0.9000000000374523	0.1	65.16516516516516
-3.735776725802524e-11	0.9000000000373576	0.1	65.26526526526527
-3.726312417793178e-11	0.900000000037263	0.1	65.36536536536536
-3.7168481097838317e-11	0.9000000000371683	0.1	65.46546546546547
-3.707383801774486e-11	0.9000000000370737	0.1	65.56556556556556
-3.6979194937651396e-11	0.900000000036979	0.1	65.66566566566567
-3.688455185755794e-11	0.9000000000368844	0.1	65.76576576576576
-3.678990877746447e-11	0.9000000000367897	0.1	65.86586586586587
-3.669526569737102e-11	0.9000000000366951	0.1	65.96596596596596
-3.6600622617277547e-11	0.9000000000366004	0.1	66.06606606606607
-3.6505979537184096e-11	0.9000000000365058	0.1	66.16616616616616
-3.641133645709063e-11	0.9000000000364111	0.1	66.26626626626627
-3.6316693376997175e-11	0.9000000000363165	0.1	66.36636636636636
-3.622205029690371e-11	0.9000000000362218	0.1	66.46646646646647
-3.6127407216810253e-11	0.9000000000361272	0.1	66.56656656656656
-3.603276413671678e-11	0.9000000000360325	0.1	66.66666666666667
-3.593812105662333e-11	0.9000000000359379	0.1	66.76676676676676
-3.584347797652986e-11	0.9000000000358434	0.1	66.86686686686687
-3.574883489643641e-11	0.9000000000357486	0.1	66.96696696696696
-3.565419181634294e-11	0.9000000000356541	0.1	67.06706706706707
-3.555954873624949e-11	0.9000000000355594	0.1	67.16716716716716
-3.5464905656156026e-11	0.9000000000354648	0.1	67.26726726726727
-3.537026257606256e-11	0.9000000000353701	0.1	67.36736736736736
-3.52756194959691e-11	0.9000000000352755	0.1	67.46746746746747
-3.518097641587565e-11	0.9000000000351808	0.1	67.56756756756756
-3.508633333578218e-11	0.9000000000350862	0.1	67.66766766766767
-3.4991690255688726e-11	0.9000000000349915	0.1	67.76776776776777
-3.4897047175595256e-11	0.9000000000348969	0.1	67.86786786786787
-3.4802404095501805e-11	0.9000000000348022	0.1	67.96796796796797
-3.4707761015408335e-11	0.9000000000347076	0.1	68.06806806806807
-3.4613117935314884e-11	0.9000000000346129	0.1	68.16816816816817
-3.4518474855221414e-11	0.9000000000345183	0.1	68.26826826826827
-3.442383177512795e-11	0.9000000000344237	0.1	68.36836836836838
-3.432918869503449e-11	0.900000000034329	0.1	68.46846846846847
-3.423454561494103e-11	0.9000000000342344	0.1	68.56856856856858
-3.413990253484757e-11	0.9000000000341397	0.1	68.66866866866867
-3.40452594547541e-11	0.9000000000340451	0.1	68.76876876876878
-3.395061637466065e-11	0.9000000000339504	0.1	68.86886886886887
-3.385597329456718e-11	0.9000000000338558	0.1	68.96896896896898
-3.376133021447373e-11	0.9000000000337611	0.1	69.06906906906907
-3.366668713438026e-11	0.9000000000336665	0.1	69.16916916916918
-3.357204405428681e-11	0.9000000000335718	0.1	69.26926926926927
-3.3477400974193344e-11	0.9000000000334772	0.1	69.36936936936938
-3.3382757894099887e-11	0.9000000000333825	0.1	69.46946946946947
-3.3288114814006416e-11	0.900000000033288	0.1	69.56956956956958
-3.3193471733912965e-11	0.9000000000331932	0.1	69.66966966966967
-3.3098828653819495e-11	0.9000000000330987	0.1	69.76976976976978
-3.3004185573726044e-11	0.900000000033004	0.1	69.86986986986987
-3.2909542493632574e-11	0.9000000000329094	0.1	69.96996996996998
-3.281489941353912e-11	0.9000000000328148	0.1	70.07007007007007
-3.272025633344565e-11	0.9000000000327201	0.1	70.17017017017018
-3.26256132533522e-11	0.9000000000326255	0.1	70.27027027027027
-3.253097017325873e-11	0.9000000000325308	0.1	70.37037037037038
-3.2436327093165274e-11	0.9000000000324362	0.1	70.47047047047047
-3.234168401307181e-11	0.9000000000323415	0.1	70.57057057057058
-3.224704093297836e-11	0.9000000000322469	0.1	70.67067067067067
-3.215239785288489e-11	0.9000000000321522	0.1	70.77077077077078
-3.205775477279144e-11	0.9000000000320576	0.1	70.87087087087087
-3.196311169269797e-11	0.9000000000319629	0.1	70.97097097097098
-3.186846861260452e-11	0.9000000000318683	0.1	71.07107107107107
-3.1773825532511047e-11	0.9000000000317736	0.1	71.17117117117118
-3.167918245241759e-11	0.900000000031679	0.1	71.27127127127127
-3.1584539372324126e-11	0.9000000000315843	0.1	71.37137137137138
-3.148989629223067e-11	0.9000000000314897	0.1	71.47147147147147
-3.1395253212137204e-11	0.9000000000313951	0.1	71.57157157157158
-3.1300610132043753e-11	0.9000000000313004	0.1	71.67167167167167
-3.120596705195028e-11	0.9000000000312058	0.1	71.77177177177178
-3.111132397185683e-11	0.9000000000311111	0.1	71.87187187187187
-3.101668089176336e-11	0.9000000000310165	0.1	71.97197197197198
-3.0922037811669905e-11	0.9000000000309218	0.1	72.07207207207207
-3.082739473157644e-11	0.9000000000308273	0.1	72.17217217217218
-3.0732751651482983e-11	0.9000000000307325	0.1	72.27227227227228
-3.063810857138952e-11	0.900000000030638	0.1	72.37237237237238
-3.054346549129606e-11	0.9000000000305433	0.1	72.47247247247248
-3.04488224112026e-11	0.9000000000304487	0.1	72.57257257257258
-3.035417933110914e-11	0.900000000030354	0.1	72.67267267267268
-3.025953625101568e-11	0.9000000000302594	0.1	72.77277277277278
-3.016489317092222e-11	0.9000000000301647	0.1	72.87287287287288
-3.0070250090828756e-11	0.9000000000300701	0.1	72.97297297297298
-2.9975607010735305e-11	0.9000000000299754	0.1	73.07307307307308
-2.988096393064183e-11	0.9000000000298808	0.1	73.17317317317318
-2.978632085054838e-11	0.9000000000297862	0.1	73.27327327327328
-2.9691677770454914e-11	0.9000000000296915	0.1	73.37337337337338
-2.9597034690361456e-11	0.9000000000295969	0.1	73.47347347347348
-2.9502391610267986e-11	0.9000000000295022	0.1	73.57357357357358
-2.9407748530174535e-11	0.9000000000294076	0.1	73.67367367367368
-2.931310545008107e-11	0.9000000000293129	0.1	73.77377377377378
-2.921846236998761e-11	0.9000000000292183	0.1	73.87387387387388
-2.9123819289894144e-11	0.9000000000291236	0.1	73.97397397397398
-2.9029176209800693e-11	0.900000000029029	0.1	74.07407407407408
-2.8934533129707226e-11	0.9000000000289343	0.1	74.17417417417418
-2.883989004961377e-11	0.9000000000288397	0.1	74.27427427427428
-2.8745246969520304e-11	0.900000000028745	0.1	74.37437437437438
-2.865060388942685e-11	0.9000000000286504	0.1	74.47447447447448
-2.855596080933338e-11	0.9000000000285557	0.1	74.57457457457458
-2.8461317729239926e-11	0.9000000000284611	0.1	74.67467467467468
-2.836667464914646e-11	0.9000000000283664	0.1	74.77477477477478
-2.8272031569053005e-11	0.9000000000282719	0.1	74.87487487487488
-2.817738848895954e-11	0.9000000000281773	0.1	74.97497497497498
-2.8082745408866087e-11	0.9000000000280826	0.1	75.07507507507508
-2.798810232877262e-11	0.900000000027988	0.1	75.17517517517518
-2.7893459248679166e-11	0.9000000000278933	0.1	75.27527527527528
-2.7798816168585695e-11	0.9000000000277987	0.1	75.37537537537538
-2.770417308849224e-11	0.900000000027704	0.1	75.47547547547548
-2.7609530008398774e-11	0.9000000000276094	0.1	75.57557557557558
-2.751488692830532e-11	0.9000000000275147	0.1	75.67567567567568
-2.7420243848211853e-11	0.9000000000274201	0.1	75.77577577577578
-2.73256007681184e-11	0.9000000000273254	0.1	75.87587587587588
-2.7230957688024935e-11	0.9000000000272308	0.1	75.97597597597598
-2.7136314607931474e-11	0.9000000000271361	0.1	76.07607607607608
-2.704167152783801e-11	0.9000000000270415	0.1	76.17617617617618
-2.694702844774456e-11	0.9000000000269468	0.1	76.27627627627628
-2.685238536765109e-11	0.9000000000268522	0.1	76.37637637637638
-2.6757742287557635e-11	0.9000000000267576	0.1	76.47647647647648
-2.6663099207464168e-11	0.9000000000266629	0.1	76.57657657657658
-2.6568456127370714e-11	0.9000000000265683	0.1	76.67667667667668
-2.6473813047277244e-11	0.9000000000264736	0.1	76.77677677677679
-2.637916996718379e-11	0.900000000026379	0.1	76.87687687687688
-2.6284526887090323e-11	0.9000000000262843	0.1	76.97697697697699
-2.618988380699687e-11	0.9000000000261897	0.1	77.07707707707708
-2.6095240726903405e-11	0.900000000026095	0.1	77.17717717717719
-2.600059764680995e-11	0.9000000000260004	0.1	77.27727727727728
-2.5905954566716483e-11	0.9000000000259057	0.1	77.37737737737739
-2.581131148662303e-11	0.9000000000258112	0.1	77.47747747747748
-2.571666840652956e-11	0.9000000000257165	0.1	77.57757757757759
-2.5622025326436108e-11	0.9000000000256219	0.1	77.67767767767768
-2.5527382246342638e-11	0.9000000000255272	0.1	77.77777777777779
-2.5432739166249184e-11	0.9000000000254326	0.1	77.87787787787788
-2.5338096086155717e-11	0.9000000000253379	0.1	77.97797797797799
-2.5243453006062262e-11	0.9000000000252433	0.1	78.07807807807808
-2.51488099259688e-11	0.9000000000251487	0.1	78.17817817817819
-2.5054166845875338e-11	0.900000000025054	0.1	78.27827827827828
-2.4959523765781877e-11	0.9000000000249594	0.1	78.37837837837839
-2.4864880685688423e-11	0.9000000000248647	0.1	78.47847847847848
-2.4770237605594953e-11	0.9000000000247701	0.1	78.57857857857859
-2.46755945255015e-11	0.9000000000246754	0.1	78.67867867867868
-2.4580951445408032e-11	0.9000000000245808	0.1	78.77877877877879
-2.4486308365314578e-11	0.9000000000244861	0.1	78.87887887887888
-2.4391665285221107e-11	0.9000000000243915	0.1	78.97897897897899
-2.4297022205127657e-11	0.9000000000242968	0.1	79.07907907907908
-2.4202379125034186e-11	0.9000000000242022	0.1	79.17917917917919
-2.4107736044940732e-11	0.9000000000241075	0.1	79.27927927927928
-2.4013092964847268e-11	0.9000000000240129	0.1	79.37937937937939
-2.3918449884753814e-11	0.9000000000239182	0.1	79.47947947947948
-2.3823806804660347e-11	0.9000000000238236	0.1	79.57957957957959
-2.372916372456689e-11	0.900000000023729	0.1	79.67967967967968
-2.3634520644473426e-11	0.9000000000236343	0.1	79.77977977977979
-2.3539877564379972e-11	0.9000000000235397	0.1	79.87987987987988
-2.34452344842865e-11	0.900000000023445	0.1	79.97997997997999
-2.3350591404193047e-11	0.9000000000233505	0.1	80.08008008008008
-2.3255948324099584e-11	0.9000000000232558	0.1	80.18018018018019
-2.3161305244006126e-11	0.9000000000231612	0.1	80.28028028028028
-2.306666216391266e-11	0.9000000000230665	0.1	80.38038038038039
-2.2972019083819205e-11	0.9000000000229719	0.1	80.48048048048048
-2.2877376003725738e-11	0.9000000000228772	0.1	80.58058058058059
-2.2782732923632284e-11	0.9000000000227826	0.1	80.68068068068068
-2.2688089843538817e-11	0.9000000000226879	0.1	80.78078078078079
-2.2593446763445363e-11	0.9000000000225933	0.1	80.88088088088088
-2.2498803683351896e-11	0.9000000000224986	0.1	80.98098098098099
-2.240416060325844e-11	0.900000000022404	0.1	81.08108108108108
-2.2309517523164974e-11	0.9000000000223093	0.1	81.18118118118119
-2.221487444307152e-11	0.9000000000222147	0.1	81.28128128128128
-2.2120231362978053e-11	0.9000000000221201	0.1	81.38138138138139
-2.20255882828846e-11	0.9000000000220254	0.1	81.48148148148148
-2.1930945202791132e-11	0.9000000000219308	0.1	81.58158158158159
-2.1836302122697678e-11	0.9000000000218361	0.1	81.68168168168168
-2.1741659042604208e-11	0.9000000000217415	0.1	81.78178178178179
-2.1647015962510753e-11	0.9000000000216468	0.1	81.88188188188188
-2.155237288241729e-11	0.9000000000215522	0.1	81.98198198198199
-2.1457729802323835e-11	0.9000000000214575	0.1	82.08208208208208
-2.1363086722230365e-11	0.9000000000213629	0.1	82.18218218218219
-2.126844364213691e-11	0.9000000000212682	0.1	82.28228228228228
-2.1173800562043447e-11	0.9000000000211736	0.1	82.38238238238239
-2.107915748194999e-11	0.9000000000210789	0.1	82.48248248248248
-2.0984514401856523e-11	0.9000000000209843	0.1	82.58258258258259
-2.088987132176307e-11	0.9000000000208896	0.1	82.68268268268268
-2.07952282416696e-11	0.900000000020795	0.1	82.78278278278279
-2.0700585161576147e-11	0.9000000000207004	0.1	82.88288288288288
-2.060594208148268e-11	0.9000000000206058	0.1	82.98298298298299
-2.051129900138923e-11	0.9000000000205112	0.1	83.08308308308308
-2.041665592129576e-11	0.9000000000204165	0.1	83.18318318318319
-2.0322012841202305e-11	0.9000000000203219	0.1	83.28328328328328
-2.0227369761108838e-11	0.9000000000202272	0.1	83.38338338338339
-2.0132726681015384e-11	0.9000000000201326	0.1	83.48348348348348
-2.0038083600921917e-11	0.9000000000200379	0.1	83.58358358358359
-1.9943440520828463e-11	0.9000000000199433	0.1	83.68368368368368
-1.9848797440734996e-11	0.9000000000198486	0.1	83.78378378378379
-1.975415436064154e-11	0.900000000019754	0.1	83.88388388388388
-1.965951128054807e-11	0.9000000000196593	0.1	83.98398398398399
-1.956486820045462e-11	0.9000000000195647	0.1	84.08408408408408
-1.9470225120361153e-11	0.90000000001947	0.1	84.18418418418419
-1.93755820402677e-11	0.9000000000193754	0.1	84.28428428428428
-1.928093896017423e-11	0.9000000000192807	0.1	84.38438438438439
-1.9186295880080778e-11	0.9000000000191861	0.1	84.48448448448448
-1.909165279998731e-11	0.9000000000190915	0.1	84.58458458458459
-1.8997009719893854e-11	0.9000000000189968	0.1	84.68468468468468
-1.8902366639800386e-11	0.9000000000189022	0.1	84.78478478478479
-1.8807723559706936e-11	0.9000000000188075	0.1	84.88488488488488
-1.8713080479613465e-11	0.9000000000187129	0.1	84.98498498498499
-1.861843739952001e-11	0.9000000000186182	0.1	85.08508508508508
-1.8523794319426547e-11	0.9000000000185236	0.1	85.18518518518519
-1.842915123933309e-11	0.900000000018429	0.1	85.28528528528528
-1.8334508159239623e-11	0.9000000000183344	0.1	85.38538538538539
-1.8239865079146156e-11	0.9000000000182397	0.1	85.4854854854855
-1.8145221999052702e-11	0.9000000000181451	0.1	85.58558558558559
-1.8050578918959235e-11	0.9000000000180504	0.1	85.6856856856857
-1.795593583886578e-11	0.9000000000179558	0.1	85.78578578578579
-1.7861292758772313e-11	0.9000000000178611	0.1	85.8858858858859
-1.776664967867886e-11	0.9000000000177665	0.1	85.98598598598599
-1.7672006598585392e-11	0.9000000000176718	0.1	86.0860860860861
-1.7577363518491938e-11	0.9000000000175772	0.1	86.18618618618619
-1.748272043839847e-11	0.9000000000174826	0.1	86.2862862862863
-1.7388077358305017e-11	0.9000000000173879	0.1	86.38638638638639
-1.7293434278211547e-11	0.9000000000172933	0.1	86.4864864864865
-1.7198791198118096e-11	0.9000000000171986	0.1	86.58658658658659
-1.710414811802463e-11	0.900000000017104	0.1	86.6866866866867
-1.700950503793117e-11	0.9000000000170093	0.1	86.78678678678679
-1.6914861957837708e-11	0.9000000000169147	0.1	86.8868868868869
-1.6820218877744253e-11	0.90000000001682	0.1	86.98698698698699
-1.6725575797650783e-11	0.9000000000167254	0.1	87.0870870870871
-1.663093271755733e-11	0.9000000000166307	0.1	87.18718718718719
-1.6536289637463865e-11	0.9000000000165361	0.1	87.2872872872873
-1.644164655737041e-11	0.9000000000164414	0.1	87.38738738738739
-1.634700347727694e-11	0.9000000000163468	0.1	87.4874874874875
-1.6252360397183487e-11	0.9000000000162521	0.1	87.58758758758759
-1.615771731709002e-11	0.9000000000161575	0.1	87.6876876876877
-1.6063074236996565e-11	0.900000000016063	0.1	87.78778778778779
-1.5968431156903098e-11	0.9000000000159682	0.1	87.8878878878879
-1.5873788076809647e-11	0.9000000000158737	0.1	87.98798798798799
-1.5779144996716177e-11	0.900000000015779	0.1	88.0880880880881
-1.5684501916622723e-11	0.9000000000156844	0.1	88.18818818818819
-1.5589858836529256e-11	0.9000000000155897	0.1	88.2882882882883
-1.54952157564358e-11	0.9000000000154951	0.1	88.38838838838839
-1.5400572676342335e-11	0.9000000000154004	0.1	88.4884884884885
-1.530592959624888e-11	0.9000000000153058	0.1	88.58858858858859
-1.5211286516155414e-11	0.9000000000152111	0.1	88.6886886886887
-1.5116643436061956e-11	0.9000000000151165	0.1	88.78878878878879
-1.5022000355968492e-11	0.9000000000150218	0.1	88.8888888888889
-1.4927357275875035e-11	0.9000000000149272	0.1	88.988988988989
-1.483271419578157e-11	0.9000000000148325	0.1	89.0890890890891
-1.4738071115688117e-11	0.9000000000147379	0.1	89.1891891891892
-1.464342803559465e-11	0.9000000000146432	0.1	89.2892892892893
-1.4548784955501194e-11	0.9000000000145486	0.1	89.3893893893894
-1.4454141875407727e-11	0.900000000014454	0.1	89.4894894894895
-1.4359498795314275e-11	0.9000000000143593	0.1	89.5895895895896
-1.4264855715220806e-11	0.9000000000142647	0.1	89.6896896896897
-1.4170212635127352e-11	0.90000000001417	0.1	89.7897897897898
-1.4075569555033883e-11	0.9000000000140754	0.1	89.8898898898899
-1.3980926474940429e-11	0.9000000000139807	0.1	89.98998998999
-1.3886283394846964e-11	0.9000000000138861	0.1	90.0900900900901
-1.379164031475351e-11	0.9000000000137914	0.1	90.1901901901902
-1.3696997234660041e-11	0.9000000000136968	0.1	90.2902902902903
-1.3602354154566587e-11	0.9000000000136021	0.1	90.3903903903904
-1.3507711074473118e-11	0.9000000000135076	0.1	90.4904904904905
-1.3413067994379666e-11	0.9000000000134128	0.1	90.5905905905906
-1.3318424914286199e-11	0.9000000000133183	0.1	90.6906906906907
-1.3223781834192744e-11	0.9000000000132236	0.1	90.7907907907908
-1.3129138754099276e-11	0.900000000013129	0.1	90.8908908908909
-1.3034495674005823e-11	0.9000000000130344	0.1	90.990990990991
-1.2939852593912356e-11	0.9000000000129397	0.1	91.0910910910911
-1.28452095138189e-11	0.9000000000128451	0.1	91.1911911911912
-1.2750566433725435e-11	0.9000000000127504	0.1	91.2912912912913
-1.2655923353631981e-11	0.9000000000126558	0.1	91.3913913913914
-1.2561280273538512e-11	0.9000000000125611	0.1	91.4914914914915
-1.2466637193445058e-11	0.9000000000124665	0.1	91.5915915915916
-1.2371994113351591e-11	0.9000000000123718	0.1	91.6916916916917
-1.2277351033258137e-11	0.9000000000122772	0.1	91.7917917917918
-1.218270795316467e-11	0.9000000000121825	0.1	91.8918918918919
-1.2088064873071216e-11	0.9000000000120879	0.1	91.991991991992
-1.1993421792977749e-11	0.9000000000119932	0.1	92.0920920920921
-1.1898778712884293e-11	0.9000000000118986	0.1	92.1921921921922
-1.1804135632790826e-11	0.9000000000118039	0.1	92.2922922922923
-1.1709492552697372e-11	0.9000000000117093	0.1	92.3923923923924
-1.1614849472603905e-11	0.9000000000116146	0.1	92.4924924924925
-1.1520206392510452e-11	0.90000000001152	0.1	92.5925925925926
-1.1425563312416983e-11	0.9000000000114254	0.1	92.6926926926927
-1.1330920232323531e-11	0.9000000000113307	0.1	92.7927927927928
-1.1236277152230062e-11	0.9000000000112361	0.1	92.8928928928929
-1.1141634072136608e-11	0.9000000000111414	0.1	92.992992992993
-1.1046990992043141e-11	0.9000000000110469	0.1	93.0930930930931
-1.0952347911949687e-11	0.9000000000109522	0.1	93.1931931931932
-1.085770483185622e-11	0.9000000000108576	0.1	93.2932932932933
-1.0763061751762766e-11	0.9000000000107629	0.1	93.3933933933934
-1.0668418671669299e-11	0.9000000000106683	0.1	93.4934934934935
-1.0573775591575843e-11	0.9000000000105736	0.1	93.5935935935936
-1.0479132511482376e-11	0.900000000010479	0.1	93.6936936936937
-1.0384489431388922e-11	0.9000000000103843	0.1	93.7937937937938
-1.0289846351295455e-11	0.9000000000102897	0.1	93.8938938938939
-1.0195203271202e-11	0.900000000010195	0.1	93.993993993994
-1.0100560191108533e-11	0.9000000000101004	0.1	94.0940940940941
-1.000591711101508e-11	0.9000000000100057	0.1	94.1941941941942
-9.911274030921612e-12	0.9000000000099111	0.1	94.2942942942943
-9.816630950828158e-12	0.9000000000098165	0.1	94.3943943943944
-9.721987870734691e-12	0.9000000000097218	0.1	94.4944944944945
-9.627344790641237e-12	0.9000000000096272	0.1	94.5945945945946
-9.53270171054777e-12	0.9000000000095325	0.1	94.6946946946947
-9.438058630454316e-12	0.9000000000094379	0.1	94.7947947947948
-9.343415550360849e-12	0.9000000000093432	0.1	94.8948948948949
-9.248772470267393e-12	0.9000000000092486	0.1	94.994994994995
-9.154129390173926e-12	0.9000000000091539	0.1	95.0950950950951
-9.059486310080472e-12	0.9000000000090593	0.1	95.1951951951952
-8.964843229987005e-12	0.9000000000089646	0.1	95.2952952952953
-8.87020014989355e-12	0.90000000000887	0.1	95.3953953953954
-8.775557069800084e-12	0.9000000000087753	0.1	95.4954954954955
-8.68091398970663e-12	0.9000000000086807	0.1	95.5955955955956
-8.586270909613162e-12	0.900000000008586	0.1	95.6956956956957
-8.491627829519708e-12	0.9000000000084915	0.1	95.7957957957958
-8.396984749426241e-12	0.9000000000083969	0.1	95.8958958958959
-8.302341669332787e-12	0.9000000000083022	0.1	95.995995995996
-8.20769858923932e-12	0.9000000000082076	0.1	96.0960960960961
-8.113055509145866e-12	0.9000000000081129	0.1	96.1961961961962
-8.018412429052399e-12	0.9000000000080183	0.1	96.2962962962963
-7.923769348958945e-12	0.9000000000079236	0.1	96.3963963963964
-7.829126268865474e-12	0.900000000007829	0.1	96.4964964964965
-7.734483188772022e-12	0.9000000000077343	0.1	96.5965965965966
-7.639840108678555e-12	0.9000000000076397	0.1	96.6966966966967
-7.5451970285851e-12	0.900000000007545	0.1	96.7967967967968
-7.450553948491634e-12	0.9000000000074504	0.1	96.8968968968969
-7.35591086839818e-12	0.9000000000073557	0.1	96.996996996997
-7.261267788304712e-12	0.9000000000072611	0.1	97.0970970970971
-7.1666247082112575e-12	0.9000000000071664	0.1	97.1971971971972
-7.0719816281177896e-12	0.9000000000070718	0.1	97.2972972972973
-6.977338548024336e-12	0.9000000000069771	0.1	97.3973973973974
-6.882695467930868e-12	0.9000000000068825	0.1	97.4974974974975
-6.788052387837415e-12	0.9000000000067879	0.1	97.5975975975976
-6.693409307743948e-12	0.9000000000066932	0.1	97.6976976976977
-6.598766227650493e-12	0.9000000000065986	0.1	97.7977977977978
-6.504123147557026e-12	0.9000000000065039	0.1	97.8978978978979
-6.409480067463572e-12	0.9000000000064093	0.1	97.997997997998
-6.314836987370104e-12	0.9000000000063146	0.1	98.0980980980981
-6.220193907276651e-12	0.90000000000622	0.1	98.1981981981982
-6.125550827183183e-12	0.9000000000061253	0.1	98.2982982982983
-6.030907747089729e-12	0.9000000000060308	0.1	98.3983983983984
-5.936264666996262e-12	0.900000000005936	0.1	98.4984984984985
-5.8416215869028075e-12	0.9000000000058415	0.1	98.5985985985986
-5.7469785068093405e-12	0.9000000000057468	0.1	98.6986986986987
-5.6523354267158855e-12	0.9000000000056522	0.1	98.7987987987988
-5.5576923466224185e-12	0.9000000000055575	0.1	98.8988988988989
-5.463049266528965e-12	0.9000000000054629	0.1	98.998998998999
-5.368406186435497e-12	0.9000000000053683	0.1	99.0990990990991
-5.273763106342043e-12	0.9000000000052736	0.1	99.1991991991992
-5.179120026248575e-12	0.900000000005179	0.1	99.2992992992993
-5.084476946155122e-12	0.9000000000050843	0.1	99.3993993993994
-4.989833866061655e-12	0.9000000000049897	0.1	99.4994994994995
-4.895190785968201e-12	0.900000000004895	0.1	99.5995995995996
-4.800547705874733e-12	0.9000000000048004	0.1	99.6996996996997
-4.7059046257812796e-12	0.9000000000047057	0.1	99.7997997997998
-4.611261545687811e-12	0.9000000000046111	0.1	99.8998998998999
-4.5166184655943576e-12	0.9000000000045164	0.1	100.0
