0.0	1.0	0.0
0.083	0.917	0.01
0.1543	0.8457	0.02
0.2227	0.7773	0.03
0.2777	0.7223	0.04
0.3246	0.6754	0.05
0.3684	0.6316	0.06
0.4025	0.5975	0.07
0.4388	0.5612	0.08
0.4691	0.5309	0.09
0.4953	0.5047	0.1
0.5239	0.4761	0.11
0.5488	0.4512	0.12
0.5649	0.4351	0.13
0.5861	0.4139	0.14
0.6008	0.3992	0.15
0.6184	0.3816	0.16
0.6162	0.3838	0.17
0.6378	0.3622	0.18
0.6501	0.3499	0.19
0.6686	0.3314	0.2
0.6777	0.3223	0.21
0.6835	0.3165	0.22
0.6908	0.3092	0.23
0.6968	0.3032	0.24
0.7127	0.2873	0.25
0.7071	0.2929	0.26
0.7249	0.2751	0.27
0.7281	0.2719	0.28
0.7369	0.2631	0.29
0.7445	0.2555	0.3
0.7558	0.2442	0.31
0.7627	0.2373	0.32
0.7573	0.2427	0.33
0.7728	0.2272	0.34
0.7757	0.2243	0.35
0.7793	0.2207	0.36
0.7921	0.2079	0.37
0.7867	0.2133	0.38
0.7881	0.2119	0.39
0.7928	0.2072	0.4
0.8049	0.1951	0.41
0.808	0.192	0.42
0.809	0.191	0.43
0.8068	0.1932	0.44
0.8215	0.1785	0.45
0.8216	0.1784	0.46
0.821	0.179	0.47
0.826	0.174	0.48
0.829	0.171	0.49
0.8323	0.1677	0.5
0.8322	0.1678	0.51
0.8429	0.1571	0.52
0.8358	0.1642	0.53
0.8391	0.1609	0.54
0.846	0.154	0.55
0.8438	0.1562	0.56
0.8432	0.1568	0.57
0.8568	0.1432	0.58
0.8501	0.1499	0.59
0.8534	0.1466	0.6
0.8643	0.1357	0.61
0.8522	0.1478	0.62
0.8691	0.1309	0.63
0.8659	0.1341	0.64
0.8648	0.1352	0.65
0.8621	0.1379	0.66
0.8684	0.1316	0.67
0.8678	0.1322	0.68
0.8713	0.1287	0.69
0.8715	0.1285	0.7
0.8735	0.1265	0.71
0.8734	0.1266	0.72
0.8754	0.1246	0.73
0.8809	0.1191	0.74
0.8792	0.1208	0.75
0.886	0.114	0.76
0.8876	0.1124	0.77
0.8946	0.1054	0.78
0.8836	0.1164	0.79
0.8882	0.1118	0.8
0.8847	0.1153	0.81
0.8877	0.1123	0.82
0.8879	0.1121	0.83
0.8929	0.1071	0.84
0.8905	0.1095	0.85
0.8869	0.1131	0.86
0.8992	0.1008	0.87
0.8982	0.1018	0.88
0.8958	0.1042	0.89
0.8992	0.1008	0.9
0.8962	0.1038	0.91
0.8977	0.1023	0.92
0.898	0.102	0.93
0.9084	0.0916	0.94
0.9037	0.0963	0.95
0.9019	0.0981	0.96
0.909	0.091	0.97
0.903	0.097	0.98
0.9052	0.0948	0.99
0.9111	0.0889	1.0
0.9028	0.0972	1.01
0.9117	0.0883	1.02
0.9146	0.0854	1.03
0.9141	0.0859	1.04
0.9174	0.0826	1.05
0.9082	0.0918	1.06
0.911	0.089	1.07
0.9148	0.0852	1.08
0.9192	0.0808	1.09
0.9096	0.0904	1.1
0.9131	0.0869	1.11
0.9158	0.0842	1.12
0.9179	0.0821	1.13
0.9189	0.0811	1.14
0.9213	0.0787	1.15
0.9148	0.0852	1.16
0.9194	0.0806	1.17
0.9207	0.0793	1.18
0.9237	0.0763	1.19
0.9222	0.0778	1.2
0.9225	0.0775	1.21
0.9263	0.0737	1.22
0.9243	0.0757	1.23
0.917	0.083	1.24
0.9261	0.0739	1.25
0.9244	0.0756	1.26
0.9286	0.0714	1.27
0.926	0.074	1.28
0.9241	0.0759	1.29
0.9268	0.0732	1.3
0.9295	0.0705	1.31
0.9324	0.0676	1.32
0.9311	0.0689	1.33
0.9323	0.0677	1.34
0.9348	0.0652	1.35
0.926	0.074	1.36
0.9333	0.0667	1.37
0.9285	0.0715	1.38
0.9345	0.0655	1.39
0.9322	0.0678	1.4
0.9314	0.0686	1.41
0.9333	0.0667	1.42
0.9333	0.0667	1.43
0.9363	0.0637	1.44
0.9315	0.0685	1.45
0.9359	0.0641	1.46
0.9411	0.0589	1.47
0.9348	0.0652	1.48
0.9373	0.0627	1.49
0.9329	0.0671	1.5
0.9349	0.0651	1.51
0.9383	0.0617	1.52
0.9389	0.0611	1.53
0.9384	0.0616	1.54
0.9389	0.0611	1.55
0.9409	0.0591	1.56
0.9337	0.0663	1.57
0.9374	0.0626	1.58
0.9422	0.0578	1.59
0.9347	0.0653	1.6
0.9407	0.0593	1.61
0.9368	0.0632	1.62
0.9412	0.0588	1.63
0.9407	0.0593	1.64
0.94	0.06	1.65
0.9438	0.0562	1.66
0.9412	0.0588	1.67
0.944	0.056	1.68
0.9436	0.0564	1.69
0.944	0.056	1.7
0.9454	0.0546	1.71
0.9443	0.0557	1.72
0.9443	0.0557	1.73
0.9446	0.0554	1.74
0.9467	0.0533	1.75
0.9486	0.0514	1.76
0.9457	0.0543	1.77
0.9465	0.0535	1.78
0.947	0.053	1.79
0.9437	0.0563	1.8
0.9455	0.0545	1.81
0.9496	0.0504	1.82
0.9523	0.0477	1.83
0.9447	0.0553	1.84
0.9474	0.0526	1.85
0.9471	0.0529	1.86
0.9436	0.0564	1.87
0.9503	0.0497	1.88
0.9504	0.0496	1.89
0.9493	0.0507	1.9
0.9484	0.0516	1.91
0.9497	0.0503	1.92
0.9485	0.0515	1.93
0.9503	0.0497	1.94
0.9535	0.0465	1.95
0.9512	0.0488	1.96
0.95	0.05	1.97
0.9533	0.0467	1.98
0.9469	0.0531	1.99
0.9492	0.0508	2.0
0.9565	0.0435	2.01
0.9489	0.0511	2.02
0.9471	0.0529	2.03
0.9528	0.0472	2.04
0.9569	0.0431	2.05
0.9529	0.0471	2.06
0.9555	0.0445	2.07
0.9552	0.0448	2.08
0.9526	0.0474	2.09
0.9548	0.0452	2.1
0.9567	0.0433	2.11
0.9531	0.0469	2.12
0.9546	0.0454	2.13
0.9547	0.0453	2.14
0.9492	0.0508	2.15
0.9573	0.0427	2.16
0.9549	0.0451	2.17
0.9567	0.0433	2.18
0.9527	0.0473	2.19
0.9569	0.0431	2.2
0.9587	0.0413	2.21
0.9569	0.0431	2.22
0.9581	0.0419	2.23
0.9594	0.0406	2.24
0.956	0.044	2.25
0.958	0.042	2.26
0.9576	0.0424	2.27
0.9577	0.0423	2.28
0.9586	0.0414	2.29
0.9579	0.0421	2.3
0.9593	0.0407	2.31
0.9618	0.0382	2.32
0.956	0.044	2.33
0.958	0.042	2.34
0.9614	0.0386	2.35
0.9584	0.0416	2.36
0.9607	0.0393	2.37
0.9595	0.0405	2.38
0.956	0.044	2.39
0.957	0.043	2.4
0.9618	0.0382	2.41
0.9594	0.0406	2.42
0.9574	0.0426	2.43
0.9594	0.0406	2.44
0.9588	0.0412	2.45
0.9633	0.0367	2.46
0.9616	0.0384	2.47
0.9611	0.0389	2.48
0.9576	0.0424	2.49
0.9614	0.0386	2.5
0.9584	0.0416	2.51
0.9607	0.0393	2.52
0.9634	0.0366	2.53
0.9632	0.0368	2.54
0.9653	0.0347	2.55
0.9604	0.0396	2.56
0.9635	0.0365	2.57
0.9643	0.0357	2.58
0.9598	0.0402	2.59
0.9628	0.0372	2.6
0.9619	0.0381	2.61
0.9598	0.0402	2.62
0.9584	0.0416	2.63
0.9641	0.0359	2.64
0.9618	0.0382	2.65
0.962	0.038	2.66
0.9642	0.0358	2.67
0.9629	0.0371	2.68
0.9649	0.0351	2.69
0.9616	0.0384	2.7
0.9646	0.0354	2.71
0.9659	0.0341	2.72
0.9659	0.0341	2.73
0.9638	0.0362	2.74
0.9661	0.0339	2.75
0.9653	0.0347	2.76
0.9661	0.0339	2.77
0.9617	0.0383	2.78
0.9634	0.0366	2.79
0.9639	0.0361	2.8
0.9632	0.0368	2.81
0.9673	0.0327	2.82
0.9645	0.0355	2.83
0.9664	0.0336	2.84
0.9639	0.0361	2.85
0.965	0.035	2.86
0.9656	0.0344	2.87
0.9673	0.0327	2.88
0.9679	0.0321	2.89
0.9668	0.0332	2.9
0.9665	0.0335	2.91
0.9692	0.0308	2.92
0.9677	0.0323	2.93
0.9631	0.0369	2.94
0.9666	0.0334	2.95
0.9673	0.0327	2.96
0.9716	0.0284	2.97
0.9659	0.0341	2.98
0.9687	0.0313	2.99
0.9712	0.0288	3.0
0.97	0.03	3.01
0.9647	0.0353	3.02
0.9695	0.0305	3.03
0.97	0.03	3.04
0.9673	0.0327	3.05
0.9683	0.0317	3.06
0.9653	0.0347	3.07
0.9682	0.0318	3.08
0.9668	0.0332	3.09
0.9672	0.0328	3.1
0.9689	0.0311	3.11
0.9687	0.0313	3.12
0.9665	0.0335	3.13
0.9703	0.0297	3.14
0.9681	0.0319	3.15
0.9674	0.0326	3.16
0.9693	0.0307	3.17
0.9707	0.0293	3.18
0.9695	0.0305	3.19
0.9683	0.0317	3.2
0.9677	0.0323	3.21
0.9692	0.0308	3.22
0.9673	0.0327	3.23
0.9709	0.0291	3.24
0.9708	0.0292	3.25
0.9714	0.0286	3.26
0.9712	0.0288	3.27
0.9709	0.0291	3.28
0.9708	0.0292	3.29
0.9694	0.0306	3.3
0.9736	0.0264	3.31
0.969	0.031	3.32
0.9686	0.0314	3.33
0.972	0.028	3.34
0.9701	0.0299	3.35
0.9714	0.0286	3.36
0.9695	0.0305	3.37
0.9704	0.0296	3.38
0.9709	0.0291	3.39
0.9713	0.0287	3.4
0.9706	0.0294	3.41
0.9728	0.0272	3.42
0.9699	0.0301	3.43
0.9713	0.0287	3.44
0.9738	0.0262	3.45
0.9716	0.0284	3.46
0.9739	0.0261	3.47
0.9722	0.0278	3.48
0.971	0.029	3.49
0.9724	0.0276	3.5
0.9731	0.0269	3.51
0.9709	0.0291	3.52
0.9768	0.0232	3.53
0.9705	0.0295	3.54
0.9722	0.0278	3.55
0.9719	0.0281	3.56
0.9726	0.0274	3.57
0.9741	0.0259	3.58
0.9734	0.0266	3.59
0.9723	0.0277	3.6
0.9718	0.0282	3.61
0.9738	0.0262	3.62
0.9714	0.0286	3.63
0.9716	0.0284	3.64
0.9702	0.0298	3.65
0.9755	0.0245	3.66
0.9726	0.0274	3.67
0.9746	0.0254	3.68
0.969	0.031	3.69
0.9771	0.0229	3.7
0.9723	0.0277	3.71
0.9733	0.0267	3.72
0.9712	0.0288	3.73
0.974	0.026	3.74
0.9747	0.0253	3.75
0.9739	0.0261	3.76
0.975	0.025	3.77
0.9739	0.0261	3.78
0.974	0.026	3.79
0.9736	0.0264	3.8
0.9715	0.0285	3.81
0.9721	0.0279	3.82
0.9747	0.0253	3.83
0.9748	0.0252	3.84
0.9735	0.0265	3.85
0.9735	0.0265	3.86
0.9735	0.0265	3.87
0.974	0.026	3.88
0.9768	0.0232	3.89
0.9762	0.0238	3.9
0.9732	0.0268	3.91
0.9752	0.0248	3.92
0.9759	0.0241	3.93
0.9751	0.0249	3.94
0.9758	0.0242	3.95
0.9753	0.0247	3.96
0.9782	0.0218	3.97
0.977	0.023	3.98
0.9736	0.0264	3.99
0.9746	0.0254	4.0
0.9734	0.0266	4.01
0.9736	0.0264	4.02
0.9745	0.0255	4.03
0.9756	0.0244	4.04
0.9758	0.0242	4.05
0.9747	0.0253	4.06
0.9763	0.0237	4.07
0.9764	0.0236	4.08
0.9753	0.0247	4.09
0.9733	0.0267	4.1
0.9766	0.0234	4.11
0.9732	0.0268	4.12
0.975	0.025	4.13
0.9759	0.0241	4.14
0.9749	0.0251	4.15
0.9751	0.0249	4.16
0.975	0.025	4.17
0.9767	0.0233	4.18
0.9756	0.0244	4.19
0.9774	0.0226	4.2
0.9764	0.0236	4.21
0.9749	0.0251	4.22
0.9772	0.0228	4.23
0.9766	0.0234	4.24
0.9787	0.0213	4.25
0.9769	0.0231	4.26
0.9783	0.0217	4.27
0.9781	0.0219	4.28
0.9772	0.0228	4.29
0.9771	0.0229	4.3
0.9755	0.0245	4.31
0.9771	0.0229	4.32
0.9759	0.0241	4.33
0.9767	0.0233	4.34
0.9782	0.0218	4.35
0.9766	0.0234	4.36
0.9761	0.0239	4.37
0.9759	0.0241	4.38
0.975	0.025	4.39
0.9799	0.0201	4.4
0.9751	0.0249	4.41
0.9804	0.0196	4.42
0.978	0.022	4.43
0.9767	0.0233	4.44
0.9769	0.0231	4.45
0.9779	0.0221	4.46
0.9791	0.0209	4.47
0.9802	0.0198	4.48
0.9775	0.0225	4.49
0.9797	0.0203	4.5
0.9784	0.0216	4.51
0.9766	0.0234	4.52
0.9812	0.0188	4.53
0.978	0.022	4.54
0.9785	0.0215	4.55
0.9778	0.0222	4.56
0.9794	0.0206	4.57
0.9764	0.0236	4.58
0.9794	0.0206	4.59
0.9801	0.0199	4.6
0.9771	0.0229	4.61
0.9801	0.0199	4.62
0.9792	0.0208	4.63
0.9788	0.0212	4.64
0.9776	0.0224	4.65
0.9808	0.0192	4.66
0.9813	0.0187	4.67
0.976	0.024	4.68
0.9813	0.0187	4.69
0.9803	0.0197	4.7
0.9787	0.0213	4.71
0.9787	0.0213	4.72
0.9795	0.0205	4.73
0.9809	0.0191	4.74
0.9804	0.0196	4.75
0.9778	0.0222	4.76
0.9802	0.0198	4.77
0.98	0.02	4.78
0.9778	0.0222	4.79
0.9786	0.0214	4.8
0.9794	0.0206	4.81
0.9784	0.0216	4.82
0.9801	0.0199	4.83
0.9777	0.0223	4.84
0.9804	0.0196	4.85
0.9799	0.0201	4.86
0.9808	0.0192	4.87
0.9808	0.0192	4.88
0.9784	0.0216	4.89
0.977	0.023	4.9
0.9812	0.0188	4.91
0.9805	0.0195	4.92
0.9808	0.0192	4.93
0.9817	0.0183	4.94
0.98	0.02	4.95
0.9791	0.0209	4.96
0.9787	0.0213	4.97
0.9818	0.0182	4.98
0.9806	0.0194	4.99
