## Learning rate = 1e-06
## Povprecje 1000ih zaporednih tock   \Delta E
0	0.5210379848119902
1	0.5149984316872204
2	0.5140479655736591
3	0.5132517825189107
4	0.5180561471930486
5	0.5109355953265826
6	0.5120217293083195
7	0.5115270856464742
8	0.5092024839204561
9	0.5067221422207265
10	0.5080645474027289
11	0.5044671420276587
12	0.5033018878732929
13	0.5084135631001826
14	0.5033554265764284
15	0.5011823958273701
16	0.5011566981803444
17	0.5022344204821421
18	0.49783897892238793
19	0.5012230570930899
20	0.5025715375448523
21	0.4945849954941955
22	0.4978932355981498
23	0.49739180965162005
24	0.4929904168215394
25	0.4946383388874282
26	0.48917920945878574
27	0.49015400985130225
28	0.48567011065446886
29	0.49153776302288044
30	0.49515565722582083
31	0.487601424390092
32	0.4903230398049932
33	0.48931734101097835
34	0.49139686396822413
35	0.4879231200457928
36	0.48643120507696436
37	0.48726232977082407
38	0.4866768394368517
39	0.48639665354578765
40	0.4823465861147628
41	0.4828402899044563
42	0.48493498432836984
43	0.48280606242303165
44	0.479547875493275
45	0.4835775210696978
46	0.4779071355125191
47	0.47741214870137993
48	0.4747703574235458
49	0.48049426473365897
50	0.47255787392906556
51	0.479954128009622
52	0.4751836993045895
53	0.47436301755359683
54	0.47400634051323176
55	0.4706445950460841
56	0.46855451790559216
57	0.4777476689275883
58	0.4755657683019989
59	0.4716904323720679

## Learning rate = 1e-05
## Povprecje 1000ih zaporednih tock   \Delta E
0	0.5449247950187488
1	0.5299942105751482
2	0.507568324150546
3	0.5028419341807511
4	0.5005916275497695
5	0.483667631600973
6	0.4778104403456433
7	0.4767257357486852
8	0.46872401155595567
9	0.4598081129279119
10	0.4534882965395542
11	0.4550645479656517
12	0.4533886311591392
13	0.45389453813215463
14	0.4520613926917276
15	0.44028793554385187
16	0.4370863802022203
17	0.4412119861705312
18	0.4284645997764214
19	0.4274463520691188
20	0.4257443105055311
21	0.42141446724845016
22	0.42796522869717235
23	0.4186496065782858
24	0.4133298051399653
25	0.4111330577801379
26	0.40802136302442543
27	0.4146049207969876
28	0.4055060157558038
29	0.40457569592727954
30	0.40971274058441287
31	0.41051123502133646
32	0.40370710099819535
33	0.3959814345457733
34	0.39867594288512703
35	0.3933203320046797
36	0.3883936971579184
37	0.39137307185211556
38	0.38770318484847416
39	0.3887764486640969
40	0.3851724465833039
41	0.389016086140252
42	0.3848718116356584
43	0.38077228633139065
44	0.38183603395917376
45	0.3830486181978818
46	0.3764072456630212
47	0.37721496057672144
48	0.36897613105249577
49	0.38614500228411397
50	0.37012585170514856
51	0.365385072646559
52	0.3674000836255191
53	0.36170993917749744
54	0.367208946430078
55	0.3555997753570093
56	0.3601183228353405
57	0.36528766714328775
58	0.3496741013190413
59	0.34809788958701937

## Learning rate = 0.0001
## Povprecje 1000ih zaporednih tock   \Delta E
0	0.5062702312668886
1	0.4527195886281918
2	0.42314670364837614
3	0.40480118445881924
4	0.38718122775593883
5	0.3687910680166807
6	0.3517095524046478
7	0.35813923910778384
8	0.3451912261351337
9	0.3239950906692432
10	0.3202279491729876
11	0.31909599359259433
12	0.31791819928751197
13	0.3154840629475591
14	0.32396394075172325
15	0.3028521474701761
16	0.3006811191466018
17	0.3074957771617984
18	0.2839464090020788
19	0.2852527859228369
20	0.2877438984199949
21	0.27274044663214636
22	0.2894930556927477
23	0.27829289023608517
24	0.2835136552767027
25	0.2658010384048301
26	0.27830693165447085
27	0.27580912928475265
28	0.2663372199522887
29	0.27790876616543586
30	0.28150270133446675
31	0.28084770966015354
32	0.2779734349177571
33	0.2604024011729045
34	0.2679828956447891
35	0.26154422709448794
36	0.26009223385747615
37	0.2703480026977719
38	0.25578421939937684
39	0.2658740253331802
40	0.25168059123344944
41	0.2704460095645601
42	0.2691644763478031
43	0.2510054951464596
44	0.2617194569440526
45	0.26114996261309215
46	0.25282150041827894
47	0.25910786212026016
48	0.24540426401664373
49	0.2738416249906367
50	0.25478925565174804
51	0.24179500582872016
52	0.252851292367132
53	0.2441934795265916
54	0.2503580202006757
55	0.23467511256021736
56	0.24019914505154333
57	0.24563051924529086
58	0.21568212545351217
59	0.22540083385133

## Learning rate = 0.001
## Povprecje 1000ih zaporednih tock   \Delta E
0	0.38975365580802873
1	0.3098630446756996
2	0.27194764966530555
3	0.27003344509984534
4	0.25731297977399586
5	0.2431292254410732
6	0.2369056770976181
7	0.2563916255803213
8	0.25480407597802723
9	0.22419100495783117
10	0.22571272815865182
11	0.23726992237421984
12	0.24629069128276293
13	0.24268496418385543
14	0.2604418419810662
15	0.23289212797621048
16	0.23215964672217057
17	0.24055796585770275
18	0.21031466392111922
19	0.22210539635278312
20	0.22612778447626308
21	0.206189556365431
22	0.23296902142052345
23	0.22137737554099637
24	0.224592577813638
25	0.20398366114533645
26	0.21751010276702748
27	0.21325207350666833
28	0.2070471288833322
29	0.22427872382649808
30	0.22470573657014684
31	0.22351944928759107
32	0.2197775611637665
33	0.1987851563430042
34	0.21151726258277875
35	0.20062637584071974
36	0.19799634961932042
37	0.21642835713213418
38	0.19420590820802908
39	0.20825285875563584
40	0.18856982156683214
41	0.20820572047407365
42	0.20992028573451307
43	0.1866081554454973
44	0.19778262826801318
45	0.20059862362635966
46	0.19055969928223512
47	0.19427009078120736
48	0.1772734894842499
49	0.209931601332751
50	0.18652075152580358
51	0.16970455601986692
52	0.1895665391370444
53	0.17198070126408976
54	0.17730111515005928
55	0.15950945376969367
56	0.16560146219877947
57	0.17107209043183735
58	0.13500292374794196
59	0.14299398790270237

## Learning rate = 0.01
## Povprecje 1000ih zaporednih tock   \Delta E
0	0.2878071218945855
1	0.24855349026763912
2	0.21426594384704256
3	0.20627329376705544
4	0.19189774387922215
5	0.17989759745201248
6	0.15978060647107106
7	0.17723180893825372
8	0.1736110861194683
9	0.1403188983125475
10	0.13502793091424822
11	0.14235907920618457
12	0.1483616612626696
13	0.14521166051941112
14	0.16152165392443688
15	0.13694218752640483
16	0.1290647317654986
17	0.1418516666985034
18	0.10684355987118907
19	0.111422083519719
20	0.12385416968752608
21	0.10158721730597929
22	0.129092406151177
23	0.11536596875625588
24	0.12581311176831322
25	0.10263978044757524
26	0.11558441552131589
27	0.11023932047586872
28	0.10621734176588027
29	0.1252122959666232
30	0.11911074088827354
31	0.12341422800761588
32	0.1208115945355773
33	0.09130168864137908
34	0.11022439921985211
35	0.09864063517879071
36	0.09457612938035892
37	0.12196000253082948
38	0.09923650355920478
39	0.11207979718161869
40	0.09127484445608622
41	0.11366221300914976
42	0.11792745651256582
43	0.09436449887961339
44	0.09894994377004115
45	0.11273191404069896
46	0.10224306581388869
47	0.1061921738186229
48	0.0988601232232185
49	0.11544621347973114
50	0.10950340816932962
51	0.0888801789402775
52	0.11239652457846973
53	0.09047062560409351
54	0.0923676542139236
55	0.07960571276069286
56	0.08980371689831608
57	0.08702389374300486
58	0.059230114056137206
59	0.07039342385175382

## Learning rate = 0.1
## Povprecje 1000ih zaporednih tock   \Delta E
0	2.8159754407633235
1	3.3131776726915905
2	3.527425307369783
3	3.5017976977320986
4	3.52484558307297
5	3.650475631052902
6	3.60883503371616
7	3.739205521195016
8	4.0117662570450685
9	4.053614101343806
10	3.7454277848032684
11	3.8080819527835077
12	4.06728294555441
13	4.025768678438249
14	4.028490781835472
15	3.9485819209160335
16	3.7658976772458987
17	4.1341803654706215
18	3.803395832592206
19	3.658258563161703
20	3.7953569484086387
21	3.97804203551139
22	3.945774001511129
23	4.017185607843838
24	4.196222522319508
25	4.09790359601443
26	4.2931325401914595
27	4.136430835107771
28	4.029141938824771
29	4.291292690076262
30	4.270987092000897
31	3.8962226115920053
32	4.320276270053946
33	3.8030609055663045
34	3.9571959854135166
35	4.092991466819115
36	4.042675272331299
37	4.151210002411866
38	4.123796717777445
39	4.349804492614092
40	4.380651875467468
41	4.2853890564746235
42	4.357715632714468
43	4.407051774438283
44	4.402155115146098
45	4.352672066590053
46	4.206328430372896
47	4.279195848107258
48	4.3248981568749585
49	4.208875788709201
50	4.147025324759121
51	3.8537687329926285
52	4.068172738620449
53	4.238864130311104
54	4.150948750198797
55	4.3074244108940825
56	4.149910282755193
57	3.931442203358121
58	4.103292838178806
59	4.099447444099208

## Learning rate = 1
## Povprecje 1000ih zaporednih tock   \Delta E
0	4.9405432054906235
1	5.196369031326749
2	5.323388669853708
3	5.301526956503701
4	5.369036006070576
5	5.573699555968971
6	5.687999449927271
7	5.663446854890375
8	5.721996356956677
9	5.713994360097953
10	5.683737291420371
11	5.657206339544622
12	5.689235074498481
13	5.695999721899315
14	5.6499997117427085
15	5.6819991975073645
16	5.645995763304128
17	5.691992056443834
18	5.5076334634526045
19	5.443510082941148
20	5.495999001633877
21	5.515998747715655
22	5.495998349889366
23	5.4919975538620385
24	5.487994282264114
25	5.428553205079444
26	5.2459998693051135
27	5.285999865406731
28	5.277999861529203
29	5.261999857816057
30	5.287999749527237
31	5.2599973936145
32	5.31199426797231
33	5.177852919162168
34	5.09999930953245
35	5.137999201033181
36	5.0819990534983175
37	5.317528877343584
38	5.327740739478243
39	5.317999731117043
40	5.341999719313282
41	5.291999704247487
42	5.315999694865188
43	5.325999684207755
44	5.2599996654580865
45	5.339999647224889
46	5.341999625034496
47	5.341999606331429
48	5.339999575827914
49	5.319999533155348
50	5.287754552242182
51	5.265997341645764
52	5.3379938032479695
53	5.457495495984532
54	5.5479999700525156
55	5.509999970192876
56	5.469999970482836
57	5.5519999698842755
58	5.517999969684297
59	5.499999969587683
