0.29166348249723956
0.24802365747803737
0.2154603550390001
0.20557949439215803
0.19007451827429894
0.17429006248537116
0.15647096498887755
0.17007889383809519
0.16433971779711073
0.13250472670685154
0.12767492869431293
0.1359292587731684
0.14010388388042644
0.13826230082922683
0.15162260350921988
0.13162160464939815
0.12200518392027952
0.13450681495529004
0.09812697418463244
0.10503900893296667
0.12018363626050688
0.09628903325109879
0.12058484323847661
0.11010729256413838
0.12265157418811493
0.09966950073543146
0.10978737886565579
0.10580272619608554
0.10117057719820818
0.12019987442241406
0.11526985055843736
0.11890783528713798
0.11608531920035113
0.0887958693493485
0.10698801081140556
0.09437806992578913
0.09066909313198221
0.118262847192227
0.09602914421207395
0.10895061543763154
0.0886103240108393
0.1117406449612368
0.11485936730632573
0.08825197847372089
0.09603956913085446
0.1083668296521791
0.0988104342665265
0.10219075726901708
0.09252092903324055
0.11256824348127364
0.10399351552806571
0.08555283789491959
0.10908561064114669
0.08711714717937138
0.08906256149910578
0.07648990654610296
0.08477531646006821
0.08487594023939164
0.05766264626848881
0.06664789719158941
0.09174912036484571
0.09842913285965946
0.08011628638494316
0.07701558296820572
0.08246553904196441
0.08523971539175848
0.08020186122117565
0.08758952043268022
0.10741621786841592
0.07680308849723926
0.08064745043459794
0.08998529537005014
0.09317528937377623
0.09562619106278282
0.11133347846907345
0.09490925213958329
0.086927934016717
0.097934912245477
0.06862989177127832
0.07827734361781094
0.08973963636528916
0.07224202249025635
0.09281348127384093
0.08501977255581418
0.09513320927394334
0.07958288597214798
0.08919556350936364
0.08833509704795045
0.07992022313609339
0.10011560972161672
0.09316654618325733
0.09831997076670657
0.0948980693355527
0.0708476081157267
0.08927463096836026
0.0787960607227996
0.07602342647927668
0.10345996191313267
0.08091196148717791
0.09351871627702191
0.07287613682705332
0.09745973390221709
0.10048364094834374
0.07436052536921055
0.08304338417652023
0.09450025067873621
0.08560204048655826
0.09101527309484192
0.07876411215618066
0.09939984355035159
0.09066175116517239
0.07501311493457576
0.09731739173129947
0.07547213980905583
0.07845667167118595
0.06728250711381466
0.07574343223320344
0.07565816678207214
0.051061932570872284
0.059257716769813874
0.08016330918583747
0.08877125410382596
0.07060774484440123
0.0684898106802301
0.07277164563110605
0.07723065419936596
0.07261071012839122
0.0779682881792795
0.09926918405257777
0.06976072337821729
0.0736974328529443
0.08226048481516947
0.08551012241276777
0.08562336090100992
0.10275958795258197
0.08629259900674711
0.07838701402262496
0.08891703144451919
0.062132194977107
0.0722902534911481
0.08274890502317035
0.06670939927459396
0.08552465014137556
0.0774422769154152
0.08560162549177239
0.07338125915320792
0.0824139971096505
0.08189071157946558
0.07442544150268504
0.09245299701365033
0.08553835791123851
0.09143026301683932
0.08783082723505517
0.06531200967834291
0.08350904793529344
0.07284305014553304
0.07100786647564691
0.09821572586777959
0.07569680273646733
0.08774114292765355
0.06685743143638437
0.09197214662539592
0.0939836525792279
0.06965392838028595
0.07814108708994966
0.08845986887274473
0.08038002739722287
0.08612365987054682
0.07303372901994111
0.09317686584540122
0.08515195393191226
0.0704609794444556
0.09199531714001688
0.07074056127410046
0.07324860705941452
0.06400328190047139
0.07157037099605407
0.07144859457576604
0.048888529207859716
0.05644203186759643
