##Velikost skritega Natančnost treninga	    Natančnost testa
10		    0.8826833333333334	    0.8888
20		    0.9112		    0.9144
30		    0.9186166666666666	    0.9192
40		    0.9280666666666667	    0.9287
50		    0.9311166666666667	    0.9287
60		    0.9355666666666667	    0.935
70		    0.93375		    0.9344
80		    0.93625		    0.9391
90		    0.9398		    0.9409
100		    0.9368333333333333	    0.9394
200		    0.9372666666666667	    0.9406
400		    0.8701833333333333	    0.8668
784		    0.4322666666666667	    0.4327
