3   8863.798149502127	#T[0,1]		X[0,1]
5   2700.9480116053737	#T[0,1,2]	X[0,1]
5   217.47679427350855	#T[0,1]		X[0,1,2]
6   113.31870826892694	#T[0,1,2]	X[0,1,2]
9   54.107727299495124	#T[0,1,2,3]	X[0,1,2]
9   54.615554090940655	#T[0,1,2]	X[0,1,2,3]
10  52.89883188265805	#T[0,1,2,3]	X[0,1,2,3]
14  46.849404410733975	#T[0,1,2,3,4]	X[0,1,2,3]
14  48.71188571978862	#T[0,1,2,3]	X[0,1,2,3,4]
15  46.848824070659695	#T[0,1,2,3,4]	X[0,1,2,3,4]
20  95.87721891627555	#T[0,1,2,3,4,5] X[0,1,2,3,4]
20  44.98258220131182	#T[0,1,2,3,4]	X[0,1,2,3,4,5]
21  269.48493591809216	#T[0,1,2,3,4,5] X[0,1,2,3,4,5]
27  114084.24487934966	#T[0,1,2,3,4,5,6] X[0,1,2,3,4,5]
27  173102.33335306784	#T[0,1,2,3,4,5]	X[0,1,2,3,4,5,6]
28  65421.75405131633	#T[0,1,2,3,4,5,6]  X[0,1,2,3,4,5,6]
