6	4518.963432597518	T = [-1, 0, 1]		X = [0, 1]
6	4516.150839768001	T = [0, 1]		X = [-1, 0, 1]
9	4285.472381783743	T = [-1, 0, 1]		X = [-1, 0, 1]
12	2558.63768985125	T = [-1, 0, 1, 2]	X = [-1, 0, 1]
12	198.90501953659484	T = [-1, 0, 1]		X = [-1, 0, 1, 2]
12	4193.463055664964	T = [-2, -1, 0, 1]	X = [-1, 0, 1]
12	4120.355836543055	T = [-1, 0, 1]		X = [-2, -1, 0, 1]
20	59.40281732451282	T = [-2, -1, 0, 1, 2]	X = [-1, 0, 1, 2]
20	60.476423414112325	T = [-1, 0, 1, 2]	X = [-2, -1, 0, 1, 2]
20	187.27732154198227	T = [-2, -1, 0, 1]	X = [-2, -1, 0, 1, 2]
20	2451.050620955208	T = [-2, -1, 0, 1, 2]	X = [-2, -1, 0, 1]
25	59.17689748234032	T = [-2, -1, 0, 1, 2]	X = [-2, -1, 0, 1, 2]
30	53.066059950358074	T = [-2, -1, 0, 1, 2]	X = [-2, -1, 0, 1, 2, 3]
35	49.33134471018173	T = [-2, -1, 0, 1, 2, 3]	X = [-2, -1, 0, 1, 2, 3]
42	910.1040506034299	T = [-3, -2, -1, 0, 1, 2, 3]	X = [-2, -1, 0, 1, 2, 3]
42	423.37532884698027	T = [-2, -1, 0, 1, 2, 3]	X = [-3, -2, -1, 0, 1, 2, 3]
49	973.0927216966538	T = [-3, -2, -1, 0, 1, 2, 3]	X = [-3, -2, -1, 0, 1, 2, 3]
63	119353.23474946714	T = [-3, -2, -1, 0, 1, 2, 3, 4]	X = [-3, -2, -1, 0, 1, 2, 3, 4]
71	63499.25705212176	T = [-3, -2, -1, 0, 1, 2, 3, 4]	X = [-3, -2, -1, 0, 1, 2, 3, 4, 5]
53	19625.34894913111	T = [-2, -1, 0, 1, 2, 3, 4]	X = [-2, -1, 0, 1, 2, 3, 4, 5]
43	10363.654279092687	T = [-2, -1, 0, 1, 2, 3, 4]	X = [-1, 0, 1, 2, 3, 4, 5]
36	7146.778879138721	T = [-1, 0, 1, 2, 3, 4]	X = [-1, 0, 1, 2, 3, 4, 5]
28	2033.4836878541162	T = [-2, -1, 0, 1, 2, 3, 4]	X = [-2, -1, 0, 1]
