"$t = 0.001 $"
0	0.0
1	0.0
2	0.0
3	0.0
4	0.0
5	0.0
6	0.0
7	0.0
8	0.0
9	0.0
10	0.0
11	0.0
12	0.0
13	0.0
14	0.0
15	0.0
16	0.0
17	0.0
18	0.0
19	0.0
20	0.0
21	0.0
22	0.0
23	0.0
24	0.0
25	0.0
26	0.0
27	0.0
28	0.0
29	0.0
30	0.0
31	0.0
32	0.0
33	0.0
34	0.0
35	0.0
36	0.0
37	0.0
38	0.0
39	0.0
40	0.0
41	0.0
42	0.0
43	0.0
44	0.0
45	0.0
46	0.0
47	0.0
48	0.0
49	0.0
50	0.0
51	0.0
52	0.0
53	0.0
54	0.0
55	0.0
56	0.0
57	0.0
58	0.0
59	0.0
60	0.0
61	0.0
62	0.0
63	0.0
64	0.0
65	0.0
66	0.0
67	0.0
68	0.0
69	0.0
70	0.0
71	0.0
72	0.0
73	0.0
74	0.0
75	0.0
76	0.0
77	0.0
78	0.0
79	0.0
80	0.0
81	0.0
82	0.0
83	0.0
84	0.0
85	0.0
86	0.0
87	0.0
88	0.0
89	0.0
90	0.0
91	0.0
92	0.0
93	0.0
94	0.0
95	0.0
96	0.0
97	0.0
98	0.0
99	0.0
100	0.0
101	0.0
102	0.0
103	0.0
104	0.0
105	0.0
106	0.0
107	0.0
108	0.0
109	0.0
110	0.0
111	0.0
112	0.0
113	0.0
114	0.0
115	0.0
116	0.0
117	0.0
118	0.0
119	0.0
120	0.0
121	0.0
122	0.0
123	0.0
124	0.0
125	0.0
126	0.0
127	0.0
128	0.0
129	0.0
130	0.0
131	0.0
132	0.0
133	0.0
134	0.0
135	0.0
136	0.0
137	0.0
138	0.0
139	0.0
140	0.0
141	0.0
142	0.0
143	0.0
144	0.0
145	0.0
146	0.0
147	0.0
148	0.0
149	0.0
150	0.0
151	0.0
152	0.0
153	0.0
154	0.0
155	0.0
156	0.0
157	0.0
158	0.0
159	0.0
160	0.0
161	0.0
162	0.0
163	0.0
164	0.0
165	0.0
166	0.0
167	0.0
168	0.0
169	0.0
170	0.0
171	0.0
172	0.0
173	0.0
174	0.0
175	0.0
176	0.0
177	0.0
178	0.0
179	0.0
180	0.0
181	0.0
182	0.0
183	0.0
184	0.0
185	0.0
186	0.0
187	0.0
188	0.0
189	0.0
190	0.0
191	0.0
192	0.0
193	0.0
194	0.0
195	0.0
196	0.0
197	0.0
198	0.0
199	0.0
200	0.0
201	0.0
202	0.0
203	0.0
204	0.0
205	0.0
206	0.0
207	0.0
208	0.0
209	0.0
210	0.0
211	0.0
212	0.0
213	0.0
214	0.0
215	0.0
216	0.0
217	0.0
218	0.0
219	0.0
220	0.0
221	0.0
222	0.0
223	0.0
224	0.0
225	0.0
226	0.0
227	0.0
228	0.0
229	0.0
230	0.0
231	0.0
232	0.0
233	0.0
234	0.0
235	0.0
236	0.0
237	0.0
238	0.0
239	0.0
240	0.0
241	0.0
242	0.0
243	0.0
244	0.0
245	0.0
246	0.0
247	0.0
248	0.249
249	0.751


"$t = 0.50$"
0	1.1210060059830255e-122
1	8.433437994214548e-120
2	3.1431399792584115e-117
3	7.737897311699183e-115
4	1.4155782163328503e-112
5	2.0526931599625174e-110
6	2.4576553065749197e-108
7	2.498951196373449e-106
8	2.2028646381578566e-104
9	1.7102079424409556e-102
10	1.1839529086728641e-100
11	7.382565903130015e-99
12	4.180900456720915e-97
13	2.165440863168468e-95
14	1.03183938855276e-93
15	4.5465957539697816e-92
16	1.8608062843767153e-90
17	7.101561552966487e-89
18	2.535987793521121e-87
19	8.500037330867271e-86
20	2.681493417549429e-84
21	7.981766159019631e-83
22	2.2468312900256815e-81
23	5.99357799023498e-80
24	1.5179746870508207e-78
25	3.656425905001037e-77
26	8.389861306355273e-76
27	1.836529024971741e-74
28	3.840415214558201e-73
29	7.681505175880268e-72
30	1.4713463380637277e-70
31	2.7018585049665236e-69
32	4.761428558623565e-68
33	8.060441848883098e-67
34	1.3119636195052572e-65
35	2.0549312809915312e-64
36	3.099811452043454e-63
37	4.506776801180762e-62
38	6.319779715835968e-61
39	8.553397501281296e-60
40	1.1180379224490592e-58
41	1.412282834674816e-57
42	1.724991573380633e-56
43	2.0384169181871128e-55
44	2.331679872366543e-54
45	2.583051945760776e-53
46	2.77264393343791e-52
47	2.885033613495174e-51
48	2.911345586128313e-50
49	2.8503933142143367e-49
50	2.7086834207441782e-48
51	2.4993156687783767e-47
52	2.240028073755315e-46
53	1.950782605145937e-45
54	1.651333443537968e-44
55	1.3591668410839862e-43
56	1.088075278926471e-42
57	8.47469636313617e-42
58	6.423833342093615e-41
59	4.740132233451361e-40
60	3.405880348667922e-39
61	2.383545443028741e-38
62	1.6251030516670091e-37
63	1.079707703346596e-36
64	6.99197718006599e-36
65	4.414275547093348e-35
66	2.7175543178540926e-34
67	1.6317245521716984e-33
68	9.557683014564453e-33
69	5.462354717704198e-32
70	3.0465628549209887e-31
71	1.658525122304662e-30
72	8.814378130705989e-30
73	4.573961429545843e-29
74	2.317904501961755e-28
75	1.1472800717567976e-27
76	5.547286438611528e-27
77	2.6205540128410665e-26
78	1.209675930964995e-25
79	5.457180513070372e-25
80	2.406295269253091e-24
81	1.0372104015969055e-23
82	4.370954842149614e-23
83	1.801066031833303e-22
84	7.257338881971522e-22
85	2.8600163015272078e-21
86	1.1024278654284728e-20
87	4.1568853238177713e-20
88	1.5334377410397136e-19
89	5.534610024700396e-19
90	1.954662239064253e-18
91	6.7555364634749126e-18
92	2.2850177311853978e-17
93	7.564804946050956e-17
94	2.4514316816667764e-16
95	7.776602734759188e-16
96	2.415132531285529e-15
97	7.343524980258983e-15
98	2.1863069232371435e-14
99	6.373673518300725e-14
100	1.8195694285107688e-13
101	5.087148653670118e-13
102	1.392941611015406e-12
103	3.735671435589146e-12
104	9.813076784264836e-12
105	2.5250204350362686e-11
106	6.364570713636369e-11
107	1.5715859902046941e-10
108	3.801817414920702e-10
109	9.01045407564476e-10
110	2.092288879191614e-09
111	4.760278923931988e-09
112	1.061192548254205e-08
113	2.3180419910350646e-08
114	4.961660406484859e-08
115	1.0406957052234934e-07
116	2.1390596099145127e-07
117	4.3085871449152255e-07
118	8.50490133716575e-07
119	1.6452605714502069e-06
120	3.1191682057816538e-06
121	5.795465973382079e-06
122	1.0553323072865168e-05
123	1.883416414043332e-05
124	3.294304487825463e-05
125	5.6473474783895494e-05
126	9.48835393902464e-05
127	0.0001562442831736291
128	0.00025216492576076414
129	0.0003988705645618374
130	0.0006183646159896777
131	0.0009395507888209192
132	0.0013991221030463356
133	0.0020419566274211603
134	0.00292070595522361
135	0.0040942423140044246
136	0.005624664842769693
137	0.007572673435752874
138	0.009991309215132086
139	0.012918328393059463
140	0.0163677950009024
141	0.02032180013646877
142	0.024723476023116246
143	0.029472600190652926
144	0.034425014833789076
145	0.03939678165455532
146	0.04417345834563395
147	0.04852417552438774
148	0.05221941720207651
149	0.05505070171968114
150	0.05684986789933425
151	0.057505511340616836
152	0.0569743504562384
153	0.055285917173219595
154	0.05253987069273258
155	0.048896269265442556
156	0.04456011910324674
157	0.03976227554265139
158	0.0347391714847664
159	0.029713838264263874
160	0.02488029315830199
161	0.02039269558697859
162	0.016359864898103583
163	0.012844960609590539
164	0.009869482191343794
165	0.007420334264846946
166	0.0054585521743098775
167	0.0039283673630373245
168	0.0027655492525538936
169	0.0019043101003829396
170	0.0012824233287152755
171	0.0008445225501700332
172	0.0005437808522225492
173	0.0003423056966968824
174	0.00021063211240111992
175	0.00012667643852943923
176	7.445027041011479e-05
177	4.275353007957342e-05
178	2.3985384050965036e-05
179	1.3143821553434289e-05
180	7.034377183769066e-06
181	3.6760783932268364e-06
182	1.8755227598772154e-06
183	9.340257711891956e-07
184	4.539539800221143e-07
185	2.1527601184221417e-07
186	9.959130941806213e-08
187	4.493626793861071e-08
188	1.9770904332112637e-08
189	8.480287238243166e-09
190	3.5452406745324397e-09
191	1.4441908560640166e-09
192	5.731066867252811e-10
193	2.2149412454318364e-10
194	8.334583895956259e-11
195	3.0526343609599165e-11
196	1.0879370575842283e-11
197	3.771675599278849e-12
198	1.2715227553815155e-12
199	4.1670116521681156e-13
200	1.3270311300108153e-13
201	4.10517332998253e-14
202	1.2331240460513198e-14
203	3.595258032096875e-15
204	1.0169891467579084e-15
205	2.789791128565194e-16
206	7.418105387766205e-17
207	1.9110281897188167e-17
208	4.767274348453783e-18
209	1.1509776621731117e-18
210	2.6878795948349724e-19
211	6.067896521566273e-20
212	1.323357015591475e-20
213	2.786352813793399e-21
214	5.659897227159242e-22
215	1.1083310159795155e-22
216	2.0906173063306466e-23
217	3.7954042562305094e-24
218	6.62568956750487e-25
219	1.1111670070763961e-25
220	1.7883830284571707e-26
221	2.7593174763814195e-27
222	4.076577750367446e-28
223	5.759675667464589e-29
224	7.771805857883166e-30
225	1.0000782576174881e-30
226	1.2253159146727056e-31
227	1.4269831007758664e-32
228	1.5766441222041973e-33
229	1.6493144708910238e-34
230	1.6298637495284584e-35
231	1.517745639898059e-36
232	1.3281608864334386e-37
233	1.0888615106655894e-38
234	8.334282082791595e-40
235	5.932614721477313e-41
236	3.910033816415059e-42
237	2.373877372782997e-43
238	1.3198068797596538e-44
239	6.672962238636052e-46
240	3.042896684171058e-47
241	1.238965860205982e-48
242	4.448853425398211e-50
243	1.3868262322960193e-51
244	3.676497440098631e-53
245	8.058573097973426e-55
246	1.4020797096054944e-56
247	1.8153355684033475e-58
248	1.554769113927447e-60
249	6.60645531875047e-63


"$t = 1.00$"
0	1.5107342519586838e-55
1	2.8456192183757557e-53
2	2.6616245440966466e-51
3	1.648274892710992e-49
4	7.602748188494331e-48
5	2.786064010513007e-46
6	8.449139551935406e-45
7	2.181030805903722e-43
8	4.891999181921625e-42
9	9.685411200144582e-41
10	1.7137373324188963e-39
11	2.737297861660784e-38
12	3.97967692839221e-37
13	5.3032261695189494e-36
14	6.515812320775882e-35
15	7.419020136232464e-34
16	7.863222196655626e-33
17	7.787933304956289e-32
18	7.232837978741189e-31
19	6.318213638007753e-30
20	5.205653916516671e-29
21	4.055368934065251e-28
22	2.9938977204191166e-27
23	2.0988660381444318e-26
24	1.3998669231381772e-25
25	8.897929584646244e-25
26	5.3985605545362125e-24
27	3.131034282160874e-23
28	1.7382237457404453e-22
29	9.248616883579012e-22
30	4.721812374707431e-21
31	2.315661529386734e-20
32	1.0919900887812357e-19
33	4.956264754847825e-19
34	2.1670652096685316e-18
35	9.135607149944253e-18
36	3.716171998804529e-17
37	1.459730304340654e-16
38	5.54083686814023e-16
39	2.0337376937687587e-15
40	7.222822231489871e-15
41	2.4835488302443484e-14
42	8.272570148614971e-14
43	2.670829209929291e-13
44	8.362077327341581e-13
45	2.5401448370746754e-12
46	7.490018457034367e-12
47	2.1447759695008925e-11
48	5.966798929040728e-11
49	1.6133881172654556e-10
50	4.2417407431794285e-10
51	1.0847252714850639e-09
52	2.699115439266007e-09
53	6.5373003514730026e-09
54	1.5416784007848414e-08
55	3.5411539201129987e-08
56	7.924708498540393e-08
57	1.728366603687865e-07
58	3.6747193316729374e-07
59	7.618424762760182e-07
60	1.5405343515767398e-06
61	3.0391422255603996e-06
62	5.850706050092138e-06
63	1.0993689393668675e-05
64	2.0167552361164364e-05
65	3.612688828458476e-05
66	6.320701169431025e-05
67	0.00010802984957918079
68	0.00018040537295521198
69	0.00029441690788989703
70	0.0004696357573488192
71	0.0007323513734188969
72	0.0011166316977842374
73	0.0016649536522211092
74	0.0024280816528403073
75	0.0034638431311360485
76	0.00483447717275053
77	0.006602335293539968
78	0.008823902147941556
79	0.011542372302807809
80	0.014779339657094841
81	0.01852647942126375
82	0.022738362966832126
83	0.027327672210873
84	0.03216401213669651
85	0.037077225310114786
86	0.04186560085382719
87	0.04630870086421614
88	0.050183801884722955
89	0.053284296849159925
90	0.055437953983728167
91	0.05652278546530507
92	0.056478488746713795
93	0.05531196819190637
94	0.05309623796926509
95	0.049962912731606725
96	0.046089352446301614
97	0.041682195502789114
98	0.03695938531532686
99	0.03213282663323286
100	0.027393521180483
101	0.022900506457351588
102	0.018774269583725807
103	0.015094651330507159
104	0.011902698989512111
105	0.009205541400423331
106	0.006983174310370772
107	0.005196048580424694
108	0.003792506972327755
109	0.002715360685945259
110	0.0019071757368841248
111	0.0013141019688920872
112	0.0008882899174984279
113	0.0005890862724503158
114	0.0003832761676388664
115	0.0002446598871569945
116	0.00015322870681488322
117	9.415672670405235e-05
118	5.676791454692425e-05
119	3.3581532225646065e-05
120	1.949165671628065e-05
121	1.1100728286967426e-05
122	6.2031396087232785e-06
123	3.4011908082332714e-06
124	1.8298306291557078e-06
125	9.659428799885494e-07
126	5.003247209973781e-07
127	2.5427921020135785e-07
128	1.2680186418834393e-07
129	6.204302091601572e-08
130	2.978574500218093e-08
131	1.4030303071607136e-08
132	6.484292634947527e-09
133	2.9402762383050522e-09
134	1.3080842837058235e-09
135	5.709480036457965e-10
136	2.4448987193998735e-10
137	1.0271124263610517e-10
138	4.233077912360751e-11
139	1.711445725483111e-11
140	6.787737744295311e-12
141	2.6407514455505875e-12
142	1.0077552313244525e-12
143	3.7721693502083987e-13
144	1.384899970682796e-13
145	4.986757308213959e-14
146	1.7610477366244477e-14
147	6.098970193895491e-15
148	2.0713463941643516e-15
149	6.898220359342784e-16
150	2.2526082588024806e-16
151	7.21229705017217e-17
152	2.2639913813288276e-17
153	6.967258179222664e-18
154	2.1018734454719234e-18
155	6.215543187029055e-19
156	1.8015593811249623e-19
157	5.117794926129617e-20
158	1.4247823417087222e-20
159	3.8869659080794764e-21
160	1.0390426165774147e-21
161	2.721315392643419e-22
162	6.982457865904505e-23
163	1.755016773734628e-23
164	4.3207166995015466e-24
165	1.0418097224942869e-24
166	2.459993999314487e-25
167	5.68782219203369e-26
168	1.2875849920490391e-26
169	2.8534719164764705e-27
170	6.189950563146935e-28
171	1.3142042552837434e-28
172	2.730517648304075e-29
173	5.551059500596371e-30
174	1.1040680872717237e-30
175	2.1480436514764967e-31
176	4.087461009667876e-32
177	7.606084633391402e-33
178	1.3838756828983856e-33
179	2.4614461514268186e-34
180	4.2792468930771225e-35
181	7.270292164961204e-36
182	1.2068823284083763e-36
183	1.9571527052287383e-37
184	3.099890959813078e-38
185	4.794486980769897e-39
186	7.2397030703798406e-40
187	1.0670572803490272e-40
188	1.5347761096610973e-41
189	2.1537282206719692e-42
190	2.947947332000924e-43
191	3.934792352899744e-44
192	5.120156804141798e-45
193	6.493601676261823e-46
194	8.024276176015838e-47
195	9.658637857204216e-48
196	1.1320938652419263e-48
197	1.2917152455520134e-49
198	1.434248444597627e-50
199	1.5491896190420376e-51
200	1.6272347562737791e-52
201	1.6614882686847906e-53
202	1.6484451118206866e-54
203	1.588557089796938e-55
204	1.4862608785752317e-56
205	1.3494448905960251e-57
206	1.1884415212448998e-58
207	1.0147235374979096e-59
208	8.39535256085978e-61
209	6.726885487366224e-62
210	5.217030316308684e-63
211	3.913849005675885e-64
212	2.8384359422289426e-65
213	1.9886395023209567e-66
214	1.3450114571626583e-67
215	8.775298701487293e-69
216	5.518453004634871e-70
217	3.3421392801749154e-71
218	1.9475674646773263e-72
219	1.0909499598259405e-73
220	5.86836565310295e-75
221	3.02798994594277e-76
222	1.4969508728713776e-77
223	7.081573652657849e-79
224	3.2013446602909718e-80
225	1.3809564355605624e-81
226	5.675240666882717e-83
227	2.218185825543222e-84
228	8.230122351583895e-86
229	2.892798635702023e-87
230	9.610693435434158e-89
231	3.0104793474501868e-90
232	8.866722246104236e-92
233	2.4479431784073316e-93
234	6.31323051395401e-95
235	1.5150286672842044e-96
236	3.3680688299722076e-98
237	6.901078222780719e-100
238	1.295560716598496e-101
239	2.2130094163556132e-103
240	3.4111084115258633e-105
241	4.697165913712301e-107
242	5.707099557175529e-109
243	6.022832101029905e-111
244	5.408077764584201e-113
245	4.0171068637232777e-115
246	2.369677107185267e-117
247	1.0407521423893904e-119
248	3.025108559568653e-122
249	4.3645251878646484e-125


"$t = 1.50$"
0	7.854612424744469e-30
1	6.520973762738903e-28
2	2.688873583410731e-26
3	7.342252189485693e-25
4	1.4935977774792028e-23
5	2.4143713814482723e-22
6	3.2304359322025956e-21
7	3.6798578723899347e-20
8	3.64300987841385e-19
9	3.184051591858706e-18
10	2.4875789970160945e-17
11	1.7547166879293752e-16
12	1.1268497811285458e-15
13	6.633943251297944e-15
14	3.6015786576606206e-14
15	1.812350381492961e-13
16	8.490732969921714e-13
17	3.7178582507549524e-12
18	1.5267975772209078e-11
19	5.898539744468919e-11
20	2.1496984055156684e-10
21	7.408979915951713e-10
22	2.420269810304761e-09
23	7.509006799735554e-09
24	2.2168017999963087e-08
25	6.237951636070003e-08
26	1.6757673962828256e-07
27	4.304030152128855e-07
28	1.0583104708255077e-06
29	2.4944313306585407e-06
30	5.642316734620225e-06
31	1.2261500519174796e-05
32	2.5625484228576635e-05
33	5.155335971361545e-05
34	9.99279558491663e-05
35	0.00018677883036223345
36	0.0003369171573018357
37	0.0005869459532189185
38	0.0009882329058033012
39	0.001609151161828844
40	0.002535627765854062
41	0.0038688853671354708
42	0.0057193323123157615
43	0.008195945115254713
44	0.0113912321269801
45	0.01536290546076404
46	0.020114539150679685
47	0.025578474011982745
48	0.03160472257308207
49	0.037959362657204586
50	0.04433477028931966
51	0.05037213969625433
52	0.05569441210307182
53	0.05994549649902402
54	0.06283006559945395
55	0.06414768467620074
56	0.06381576755832517
57	0.061877728056134874
58	0.05849529587760137
59	0.05392670896096772
60	0.04849477934775953
61	0.04255019961618912
62	0.03643570282161511
63	0.030455880332915585
64	0.024855897335935906
65	0.019810448704206885
66	0.015422496138058826
67	0.011729951051828856
68	0.008717691204131153
69	0.006332134372471566
70	0.00449592312135879
71	0.0031209136795989426
72	0.0021184106075847935
73	0.0014062834875277937
74	0.000913137893622209
75	0.0005800489704891966
76	0.00036051185267740675
77	0.0002192606145680498
78	0.00013051047958056905
79	7.603775219108187e-05
80	4.336763644065286e-05
81	2.4216222629519247e-05
82	1.324039454100082e-05
83	7.08920042993483e-06
84	3.717419504739858e-06
85	1.909318507171763e-06
86	9.60617616198969e-07
87	4.734774947402288e-07
88	2.286464662032169e-07
89	1.0818927945958569e-07
90	5.0164363314987676e-08
91	2.279465661457983e-08
92	1.015152803389647e-08
93	4.431216610267217e-09
94	1.8960029024209093e-09
95	7.952605423244349e-10
96	3.2701147265743644e-10
97	1.3183390629345956e-10
98	5.211084023789804e-11
99	2.0197188317469325e-11
100	7.676080723362187e-12
101	2.8608605197943394e-12
102	1.0456443635950571e-12
103	3.748193585177491e-13
104	1.3177413353420278e-13
105	4.5438799848179896e-14
106	1.5368426182688347e-14
107	5.098637081652715e-15
108	1.6592668948497469e-15
109	5.297001757141283e-16
110	1.6588571569577387e-16
111	5.096419563610933e-17
112	1.5360664436317072e-17
113	4.542070274579465e-18
114	1.3176684343323393e-18
115	3.7503807840682503e-19
116	1.0472950904329747e-19
117	2.869418373007558e-20
118	7.713571154567533e-21
119	2.034504723838523e-21
120	5.265109302567025e-22
121	1.3369172602233907e-22
122	3.330827871420639e-23
123	8.142383291533131e-24
124	1.953002778082161e-24
125	4.596269907285388e-25
126	1.0613485060834195e-25
127	2.4046834518147564e-26
128	5.345667219963247e-27
129	1.1659658204454007e-27
130	2.4951950933698208e-28
131	5.239043134919623e-29
132	1.0792481252336839e-29
133	2.1812461004104022e-30
134	4.325071863080015e-31
135	8.413517859951231e-32
136	1.6056354874184542e-32
137	3.0060058173022165e-33
138	5.520694705088624e-34
139	9.945927436897983e-35
140	1.7576407240151507e-35
141	3.0467221211413e-36
142	5.18008847393354e-37
143	8.638250242775697e-38
144	1.4127988434395566e-38
145	2.266112574912575e-39
146	3.564583982760586e-40
147	5.49845927405568e-41
148	8.316784891656731e-42
149	1.233470138340462e-42
150	1.7936423234182135e-43
151	2.5571209684956925e-44
152	3.5739459682434787e-45
153	4.896636393421822e-46
154	6.5761481921e-47
155	8.656427015717697e-48
156	1.1167792621818045e-48
157	1.4119670918624759e-49
158	1.7493473607511252e-50
159	2.123665597024732e-51
160	2.5259095882122517e-52
161	2.9432873552335503e-53
162	3.359625688094725e-54
163	3.756221488513468e-55
164	4.113114151407937e-56
165	4.4106769882111733e-57
166	4.631361969610429e-58
167	4.761388260720315e-59
168	4.7921521848867185e-60
169	4.721160147386904e-61
170	4.5523452260333705e-62
171	4.295713616410799e-63
172	3.9663639560132565e-64
173	3.5830129495631694e-65
174	3.166227987648801e-66
175	2.7365997556664418e-67
176	2.3130807430385596e-68
177	1.9116727775765866e-69
178	1.5445787776419763e-70
179	1.2198554310830875e-71
180	9.415295806163484e-73
181	7.100840407110356e-74
182	5.231856730467252e-75
183	3.765212705067433e-76
184	2.6462146424924198e-77
185	1.8158237667302104e-78
186	1.2163074203091553e-79
187	7.951308860620668e-81
188	5.07178152790819e-82
189	3.1557779644684982e-83
190	1.9150044888749328e-84
191	1.1330263667893501e-85
192	6.534347833994247e-87
193	3.6722916953662525e-88
194	2.010577217892277e-89
195	1.0720722109107135e-90
196	5.565610834660068e-92
197	2.812208234018239e-93
198	1.3825552237714232e-94
199	6.610986560853335e-96
200	3.073553354850538e-97
201	1.3888040961875233e-98
202	6.096698849317459e-100
203	2.599094435871857e-101
204	1.0755602754204109e-102
205	4.318529449685785e-104
206	1.6815863640733556e-105
207	6.346998226456378e-107
208	2.3209007362931223e-108
209	8.217607532728305e-110
210	2.8156861748013268e-111
211	9.330594518434316e-113
212	2.988426532890432e-114
213	9.244654738016193e-116
214	2.7602200895837533e-117
215	7.948290114016879e-119
216	2.2056329112716292e-120
217	5.893232149156218e-122
218	1.514756055303121e-123
219	3.7418233778504254e-125
220	8.874215936691923e-127
221	2.0183977346988302e-128
222	4.39747625883638e-130
223	9.165845194093824e-132
224	1.825257420346363e-133
225	3.467542440187478e-135
226	6.274460396768041e-137
227	1.0795418793783763e-138
228	1.7627694197375766e-140
229	2.7261656535550683e-142
230	3.9840956194980464e-144
231	5.48841361578819e-146
232	7.107299017204809e-148
233	8.625142023122188e-150
234	9.775345782264684e-152
235	1.0306423712598094e-153
236	1.0063865887337705e-155
237	9.054961900536198e-158
238	7.462790844234785e-160
239	5.594838814412279e-162
240	3.783960734175978e-164
241	2.2856972605553743e-166
242	1.217906229225236e-168
243	5.635047756327017e-171
244	2.2177879217609446e-173
245	7.218574860689917e-176
246	1.8653827093662886e-178
247	3.5879421168750973e-181
248	4.5660010659659573e-184
249	2.883404064118877e-187


"$t = 2.00$"
0	3.896001811823958e-17
1	1.6682472999809085e-15
2	3.547427638611914e-14
3	4.994692314661673e-13
4	5.238295368335233e-12
5	4.364930999351982e-11
6	3.0101700224934e-10
7	1.7670816888390761e-09
8	9.014055282230946e-09
9	4.058937353391933e-08
10	1.6334998948410607e-07
11	5.934666268190985e-07
12	1.9626324211428884e-06
13	5.949280162906379e-06
14	1.6628032571910715e-05
15	4.307055609624118e-05
16	0.00010385045442018146
17	0.000233999531615946
18	0.0004944200700332803
19	0.0009826177908918655
20	0.0018419406428414598
21	0.003264724080085961
22	0.0054836949302142024
23	0.00874670318414236
24	0.01327307594689871
25	0.019195501082949706
26	0.02649801345920447
27	0.03496599460258445
28	0.04416548705550649
29	0.05346488770374841
30	0.06210249423045254
31	0.0692909396683538
32	0.0743382624742266
33	0.0767592127287537
34	0.07635174081296775
35	0.07322217925904263
36	0.0677556180353294
37	0.06054120666991087
38	0.05227163753777561
39	0.043639523028260886
40	0.03525063896723041
41	0.02756685026244344
42	0.020882732017460187
43	0.015332115859026423
44	0.010915776777784544
45	0.007539759249544794
46	0.005054906458075554
47	0.0032909006955469736
48	0.0020813584729846147
49	0.0012793390924562597
50	0.0007645389700273664
51	0.0004443753588161366
52	0.0002512991653957201
53	0.00013831546170226352
54	7.411920784995128e-05
55	3.86818389656651e-05
56	1.966664243973385e-05
57	9.743732456317686e-06
58	4.705576174211484e-06
59	2.215685959916071e-06
60	1.0174725091580645e-06
61	4.557882518637663e-07
62	1.9921973623008928e-07
63	8.498246823293986e-08
64	3.538745453713859e-08
65	1.4387456935758499e-08
66	5.712442237261091e-09
67	2.215377735960738e-09
68	8.393516310464479e-10
69	3.107343818049019e-10
70	1.1242426990025225e-10
71	3.9758470948448156e-11
72	1.3745764591651098e-11
73	4.6467148639504124e-12
74	1.5361260727543512e-12
75	4.966779517364973e-13
76	1.5709099384937157e-13
77	4.860882131037962e-14
78	1.471713212919598e-14
79	4.360441256578228e-15
80	1.264415250960285e-15
81	3.5888228072810664e-16
82	9.971636368163475e-17
83	2.7125659323839944e-17
84	7.225022697630682e-18
85	1.88446064834342e-18
86	4.813557211258871e-19
87	1.2042511866284573e-19
88	2.95106674261922e-20
89	7.084180246833512e-21
90	1.6660381702138482e-21
91	3.838838029070272e-22
92	8.666973255522581e-23
93	1.9174317839208016e-23
94	4.157074708974007e-24
95	8.832843310635609e-25
96	1.83944197656857e-25
97	3.75466651588107e-26
98	7.512456715547969e-27
99	1.47347363517647e-27
100	2.833190656640308e-28
101	5.340776505555703e-29
102	9.870728002833707e-30
103	1.788669257209497e-30
104	3.17808709559262e-31
105	5.536995761518755e-32
106	9.459581649549077e-33
107	1.5848007791777474e-33
108	2.6037367465024487e-34
109	4.195200826499552e-35
110	6.629096914935722e-36
111	1.0273385162008393e-36
112	1.5614966309872545e-37
113	2.3278046889687918e-38
114	3.4036022954068373e-39
115	4.881189763057907e-40
116	6.866162657411319e-41
117	9.473489186435862e-42
118	1.2820895691344146e-42
119	1.7019367914801739e-43
120	2.2160949357191681e-44
121	2.8304499567590603e-45
122	3.546060911543268e-46
123	4.3577368105724337e-47
124	5.252904472876043e-48
125	6.2109840718861904e-49
126	7.203466546295294e-50
127	8.194827168710056e-51
128	9.144315324424154e-52
129	1.0008542585218522e-52
130	1.0744666836013095e-53
131	1.1313860956664496e-54
132	1.1684681803171913e-55
133	1.1835935756811588e-56
134	1.175867896034154e-57
135	1.1457090366351335e-58
136	1.0948099408532739e-59
137	1.0259814172561133e-60
138	9.428952834039196e-62
139	8.497604644317497e-63
140	7.509717343543212e-64
141	6.507716442018094e-65
142	5.529610973846812e-66
143	4.606843219151843e-67
144	3.7630167046517035e-68
145	3.0135101596099636e-69
146	2.365875450096139e-70
147	1.8208394390000638e-71
148	1.3736900881785984e-72
149	1.0158250401018274e-73
150	7.362692991261213e-75
151	5.230167106116624e-76
152	3.6410601658916684e-77
153	2.4839606781072326e-78
154	1.6604894120428344e-79
155	1.0876039698403923e-80
156	6.979370297682393e-82
157	4.387718078565849e-83
158	2.702110736906058e-84
159	1.6299456777638604e-85
160	9.629659313429418e-87
161	5.571567136217872e-88
162	3.156689640018883e-89
163	1.751186586348313e-90
164	9.511202300066961e-92
165	5.057032741297178e-93
166	2.6318840707905656e-94
167	1.3406025546446216e-95
168	6.682601897511753e-97
169	3.259504746391748e-98
170	1.5554804310927824e-99
171	7.261543825487137e-101
172	3.315793742540977e-102
173	1.48074701166922e-103
174	6.466178173933396e-105
175	2.760733154125438e-106
176	1.1522467150920647e-107
177	4.700487068663008e-109
178	1.8738994184784896e-110
179	7.299329532244049e-112
180	2.7776508486105083e-113
181	1.0324104589875948e-114
182	3.7473695048927177e-116
183	1.3280562981347958e-117
184	4.5944738395024763e-119
185	1.5512964168605773e-120
186	5.11093835756887e-122
187	1.64269561285246e-123
188	5.149491756181524e-125
189	1.5740516038109914e-126
190	4.690439422110622e-128
191	1.3621867049767409e-129
192	3.8545403521147056e-131
193	1.0624322538077389e-132
194	2.851659852648298e-134
195	7.451302675958604e-136
196	1.8948274578479663e-137
197	4.687805568193438e-139
198	1.1279390779524083e-140
199	2.638550267457658e-142
200	5.998599096219882e-144
201	1.3248698888301132e-145
202	2.8415967907321737e-147
203	5.916115967944956e-149
204	1.1951071563239016e-150
205	2.341397455909421e-152
206	4.446664935857614e-154
207	8.182151256930233e-156
208	1.4579634280350877e-157
209	2.5143894520200014e-159
210	4.194437634447352e-161
211	6.764029795696188e-163
212	1.0537775484561118e-164
213	1.584928857254133e-166
214	2.299731628760112e-168
215	3.216786707026708e-170
216	4.334078010241738e-172
217	5.6199297302525355e-174
218	7.006995972316539e-176
219	8.392306847413946e-178
220	9.645685569437909e-180
221	1.0626985876256226e-181
222	1.1209890594265024e-183
223	1.1307282432382287e-185
224	1.0891560014729539e-187
225	1.0003671977674573e-189
226	8.74734447032432e-192
227	7.269274631408361e-194
228	5.730432663901821e-196
229	4.2763387519826004e-198
230	3.014145618481173e-200
231	2.0016199713012417e-202
232	1.2488906711912331e-204
233	7.298857448929496e-207
234	3.9817346975807447e-209
235	2.0196752214350043e-211
236	9.483148259067237e-214
237	4.1007972137216444e-216
238	1.6235128111151712e-218
239	5.843763490197392e-221
240	1.8966146027305582e-223
241	5.494831800794909e-226
242	1.403548976262551e-228
243	3.1114521717826347e-231
244	5.864218127596569e-234
245	9.135616973170596e-237
246	1.1293313806175252e-239
247	1.0385695672472997e-242
248	6.315846074015315e-246
249	1.9049080115504922e-249


"$t = 2.50$"
0	2.947685626693707e-10
1	6.9805168505764345e-09
2	8.207098756521697e-08
3	6.387298193535199e-07
4	3.701806291442745e-06
5	1.7041146124056812e-05
6	6.490709216100194e-05
7	0.00021038704747682483
8	0.000592413448551511
9	0.0014721090066813504
10	0.003268509917337963
11	0.006549524201939395
12	0.011943026132026326
13	0.01995632375373892
14	0.030738025290945332
15	0.043864416123435473
16	0.05825247444250184
17	0.07227230726787467
18	0.08405825186737585
19	0.09193314431468293
20	0.09480729831379789
21	0.09242005255819222
22	0.08535344635396223
23	0.07483317759159724
24	0.06240176737170926
25	0.049576205425136965
26	0.037584448509628346
27	0.02722913329413235
28	0.018877112383461743
29	0.012538825243352954
30	0.007989202736564456
31	0.004888179200957102
32	0.0028749408079549775
33	0.0016269039518498874
34	0.0008866124285005641
35	0.00046570302529395853
36	0.00023595589035364843
37	0.00011540450207426553
38	5.4524351472943044e-05
39	2.4901366139200936e-05
40	1.1000045760760066e-05
41	4.702881101691864e-06
42	1.947054211865212e-06
43	7.810353810998799e-07
44	3.037138835429749e-07
45	1.1454386732483518e-07
46	4.1917397805558656e-08
47	1.4891030064342402e-08
48	5.137443331988032e-09
49	1.7220149915378008e-09
50	5.609993536746938e-10
51	1.7769861055366417e-10
52	5.474642507361269e-11
53	1.6410616738421543e-11
54	4.7877631948923286e-12
55	1.3599234463493869e-12
56	3.7618392119199217e-13
57	1.0137122224840935e-13
58	2.6618133309644373e-14
59	6.812461174531642e-15
60	1.699826582744308e-15
61	4.136048924990461e-16
62	9.81633734770357e-17
63	2.2729739008972422e-17
64	5.135885118245083e-18
65	1.132669498383365e-18
66	2.438630253584719e-19
67	5.12658439750995e-20
68	1.0525218494162101e-20
69	2.110733776158362e-21
70	4.1353355048471163e-22
71	7.916548322719794e-23
72	1.481081811135598e-23
73	2.708370000675988e-24
74	4.841589476793894e-25
75	8.462172111334236e-26
76	1.44627307917502e-26
77	2.4174179852612445e-27
78	3.95223282097789e-28
79	6.3208705997149e-29
80	9.890248244222703e-30
81	1.5142019196202345e-30
82	2.2685859627286044e-31
83	3.326352595500888e-32
84	4.773840724584383e-33
85	6.706524008887561e-34
86	9.223561231402588e-35
87	1.2419710204673893e-35
88	1.6374743209363168e-36
89	2.114096306044412e-37
90	2.672993034358755e-38
91	3.30999854618663e-39
92	4.014647571800108e-40
93	4.769667089229835e-41
94	5.551109151869224e-42
95	6.3292356827684236e-43
96	7.070173044515787e-44
97	7.738242312188554e-45
98	8.298758524227576e-46
99	8.720999787731424e-47
100	8.980994397411808e-48
101	9.063774384076044e-49
102	8.964800805563687e-50
103	8.690372218243686e-51
104	8.256965720985456e-52
105	7.689605830363226e-53
106	7.019484829528796e-54
107	6.281147611771395e-55
108	5.50959111783024e-56
109	4.7376104979182353e-57
110	3.993658758991953e-58
111	3.300389485543548e-59
112	2.6739428723676417e-60
113	2.1239330709675678e-61
114	1.6540149613996807e-62
115	1.2628597716291634e-63
116	9.453533354084446e-65
117	6.938440138948543e-66
118	4.993011613656784e-67
119	3.5228960243386604e-68
120	2.4371157305230994e-69
121	1.653077472876908e-70
122	1.0993898735916152e-71
123	7.168884211036458e-73
124	4.58344099632919e-74
125	2.873227442691359e-75
126	1.7659718832726528e-76
127	1.0642146128941919e-77
128	6.287842302195071e-79
129	3.642465840406979e-80
130	2.0687322575434572e-81
131	1.1519155997293812e-82
132	6.288344398344647e-84
133	3.365441618084084e-85
134	1.7657440965528327e-86
135	9.082018380412488e-88
136	4.579245442795067e-89
137	2.263338341177827e-90
138	1.0965670376798119e-91
139	5.207583245558466e-93
140	2.424023340918358e-94
141	1.1059109436517222e-95
142	4.945025664868124e-97
143	2.1670215789008568e-98
144	9.306458797763364e-100
145	3.9166200200042905e-101
146	1.615185321778504e-102
147	6.526710433482689e-104
148	2.5840651114764896e-105
149	1.0023621252900107e-106
150	3.809182595846116e-108
151	1.4180698169518487e-109
152	5.171228131143014e-111
153	1.8471002018156533e-112
154	6.461853492622116e-114
155	2.2139186115063435e-115
156	7.427981999288532e-117
157	2.4403390171200885e-118
158	7.849894049674091e-120
159	2.4721486746080356e-121
160	7.621562570872368e-123
161	2.300023018348479e-124
162	6.793564862191e-126
163	1.9638025996006384e-127
164	5.5550524461360005e-129
165	1.537527313385739e-130
166	4.1634597967050533e-132
167	1.1028936688561855e-133
168	2.857655183795278e-135
169	7.2415302749833545e-137
170	1.7944892436221637e-138
171	4.34795588378613e-140
172	1.0299236250791017e-141
173	2.384736583413572e-143
174	5.396710747871674e-145
175	1.1934573780265853e-146
176	2.57873815767967e-148
177	5.443288849564365e-150
178	1.1222721810946921e-151
179	2.2596653685223323e-153
180	4.442455293830257e-155
181	8.526214469024162e-157
182	1.5972106092023146e-158
183	2.9198228361722744e-160
184	5.207770642586674e-162
185	9.060617027838666e-164
186	1.5373776931181626e-165
187	2.5434497599343756e-167
188	4.1018984874071386e-169
189	6.447056470004782e-171
190	9.872897906754107e-173
191	1.4727266409522933e-174
192	2.1393282151692754e-176
193	3.0254463026943084e-178
194	4.164208839972819e-180
195	5.5766821512594616e-182
196	7.264131874716771e-184
197	9.20056684803398e-186
198	1.1327166479108091e-187
199	1.3550348887503359e-189
200	1.574498822271323e-191
201	1.7763566765151408e-193
202	1.9450912807056358e-195
203	2.0662842037335667e-197
204	2.128582174164143e-199
205	2.1254082489462653e-201
206	2.0560696051070647e-203
207	1.9260108479690694e-205
208	1.746129257649712e-207
209	1.531265990011295e-209
210	1.2981624388673465e-211
211	1.0632758903459827e-213
212	8.408558941973308e-216
213	6.415945533464278e-218
214	4.7201029185412885e-220
215	3.3455243811888455e-222
216	2.2827037199114095e-224
217	1.4980865783592523e-226
218	9.447838595091275e-229
219	5.720275290913512e-231
220	3.321567651867975e-233
221	1.8477066246148573e-235
222	9.835007922694245e-238
223	5.002862338623824e-240
224	2.4286948029389736e-242
225	1.1235681737594402e-244
226	4.945462954666915e-247
227	2.0674982755250624e-249
228	8.194009723114464e-252
229	3.0723223096018937e-254
230	1.0873619876305663e-256
231	3.6235596222016514e-259
232	1.1338345719263364e-261
233	3.3210716713240562e-264
234	9.07443027568454e-267
235	2.303970084357861e-269
236	5.411524534456873e-272
237	1.1698486864383873e-274
238	2.3138377615963463e-277
239	4.158206410085668e-280
240	6.733612659922601e-283
241	9.727414548148857e-286
242	1.2381175382133423e-288
243	1.36679997410053e-291
244	1.2819605574679417e-294
245	9.932058446285239e-298
246	6.102006547990991e-301
247	2.7870755076112026e-304
248	8.412352254819073e-308
249	1.258468966464e-311


"$t = 3.50$"
0	0.0004401903730272257
1	0.0035049317409515343
2	0.013845168051804534
3	0.03617640522568342
4	0.07034021423064281
5	0.10855548809176858
6	0.13851231901877945
7	0.1502926885406949
8	0.14156137723468656
9	0.11758131829163114
10	0.08719732764950597
11	0.058316804111767644
12	0.03546529517495045
13	0.0197491611740149
14	0.010129679982284366
15	0.004810115869630308
16	0.002123986745256381
17	0.0008755348461468021
18	0.00033807639505972135
19	0.00012266128400993784
20	4.1931944980697895e-05
21	1.3539519857123817e-05
22	4.138633069648573e-06
23	1.200032122660704e-06
24	3.3069027704633673e-07
25	8.67532414801125e-08
26	2.1700490650146276e-08
27	5.1832742650159235e-09
28	1.183788163961145e-09
29	2.5883404668391546e-10
30	5.424393320165894e-11
31	1.0907722417690063e-11
32	2.1067360897350583e-12
33	3.911933275829352e-13
34	6.989798368254574e-14
35	1.2027993729828267e-14
36	1.994891259132082e-15
37	3.191283368840517e-16
38	4.927609154645734e-17
39	7.348859209939541e-18
40	1.0592271366006549e-18
41	1.4763939769662525e-19
42	1.991153453174315e-20
43	2.5997377098660987e-21
44	3.287746135672453e-22
45	4.029228449545098e-23
46	4.7874179076431886e-24
47	5.517320839689933e-25
48	6.170004071349095e-26
49	6.698038015385563e-27
50	7.06125038356841e-28
51	7.231811128744035e-29
52	7.197749800575334e-30
53	6.9642906149900225e-31
54	6.552810753993146e-32
55	5.997680093679725e-33
56	5.341616892085707e-34
57	4.6304112648477623e-35
58	3.907891158557807e-36
59	3.2118509754733137e-37
60	2.5713893554839e-38
61	2.005788131108091e-39
62	1.524783562815575e-40
63	1.129885843937095e-41
64	8.163149394626553e-43
65	5.751323333035803e-44
66	3.9523131753069214e-45
67	2.6496704750440696e-46
68	1.7332836846655372e-47
69	1.106527047364335e-48
70	6.895146491582621e-50
71	4.194553783598554e-51
72	2.4914830120642565e-52
73	1.4451952683449371e-53
74	8.187582081172986e-55
75	4.531135787569429e-56
76	2.4498541350903167e-57
77	1.294232756770175e-58
78	6.681572880504455e-60
79	3.371260389479218e-61
80	1.6626631607825646e-62
81	8.016113275074542e-64
82	3.778490732991071e-65
83	1.7414594762827725e-66
84	7.848608859373032e-68
85	3.4593811508343106e-69
86	1.4913206354782752e-70
87	6.288533732622542e-72
88	2.5940051549807307e-73
89	1.0468179286600277e-74
90	4.1331834275803225e-76
91	1.5967771686575677e-77
92	6.03644927182984e-79
93	2.2331944287227297e-80
94	8.085521857649956e-82
95	2.865191222154058e-83
96	9.937781157969415e-85
97	3.3739643025584146e-86
98	1.121322489321769e-87
99	3.648229389180893e-89
100	1.1620282534183137e-90
101	3.6237182318794004e-92
102	1.106405808657479e-93
103	3.307613572347991e-95
104	9.682160637178591e-97
105	2.7752546374401427e-98
106	7.789708434419233e-100
107	2.141120530992592e-101
108	5.763353865104648e-103
109	1.519271555609877e-104
110	3.922222018886519e-106
111	9.916885303029748e-108
112	2.4556896749836737e-109
113	5.955723321575756e-111
114	1.4147026911561286e-112
115	3.2913292629695914e-114
116	7.499941495155475e-116
117	1.673897208833098e-117
118	3.659208049106771e-119
119	7.834926862256242e-121
120	1.6431360264170267e-122
121	3.3752278902615885e-124
122	6.790833309396914e-126
123	1.3382334782801916e-127
124	2.5830161380673405e-129
125	4.88321010435383e-131
126	9.041958537356174e-133
127	1.6398089945670187e-134
128	2.912672173672537e-136
129	5.0669960849438054e-138
130	8.633010531757262e-140
131	1.4405154522457262e-141
132	2.354007342998907e-143
133	3.767222919169268e-145
134	5.904007338776504e-147
135	9.060914619477108e-149
136	1.361705993090592e-150
137	2.003855763107572e-152
138	2.8873940049206e-154
139	4.073670057338242e-156
140	5.627151578101838e-158
141	7.61020075998074e-160
142	1.0076022615255453e-161
143	1.3060128589138935e-163
144	1.6571042668600022e-165
145	2.0581357432942203e-167
146	2.5020540119025343e-169
147	2.9771002639711003e-171
148	3.466880795709307e-173
149	3.950995021415624e-175
150	4.406243822167129e-177
151	4.808351963961452e-179
152	5.134045500448371e-181
153	5.363246982806386e-183
154	5.481105772309053e-185
155	5.479580710411715e-187
156	5.358342122162165e-189
157	5.1248533757082233e-191
158	4.793612954497245e-193
159	4.384663658501201e-195
160	3.921582141039789e-197
161	3.4292296335956877e-199
162	2.931562173569008e-201
163	2.4497655941376404e-203
164	2.0009070118493073e-205
165	1.5971979676278356e-207
166	1.2458649539583142e-209
167	9.495390447409909e-212
168	7.070203011267296e-214
169	5.142495842803664e-216
170	3.6532805734199775e-218
171	2.5345523192748107e-220
172	1.7169943528785323e-222
173	1.13559658321666e-224
174	7.331672676157665e-227
175	4.619977788992424e-229
176	2.8409682832358124e-231
177	1.7045593482235696e-233
178	9.977099718838853e-236
179	5.695969946041612e-238
180	3.1712059779125985e-240
181	1.7214489421837503e-242
182	9.109479512047633e-245
183	4.6982554353060774e-247
184	2.361208096205324e-249
185	1.1560970620516454e-251
186	5.5134227412265295e-254
187	2.5604507278084246e-256
188	1.1576500911641213e-258
189	5.0944566108735e-261
190	2.1815648181339605e-263
191	9.088119395505922e-266
192	3.6821142302369593e-268
193	1.4504909308784882e-270
194	5.553922133570872e-273
195	2.06642233180948e-275
196	7.468531504189065e-278
197	2.62122904725479e-280
198	8.930573156030117e-283
199	2.9525899690609602e-285
200	9.469231634346505e-288
201	2.94473080251114e-290
202	8.876052996404759e-293
203	2.5921135700365973e-295
204	7.330881547911922e-298
205	2.0069004570802076e-300
206	5.315608387293434e-303
207	1.3615002236064883e-305
208	3.370462061265774e-308
209	8.059834155516e-311
210	1.86068720914e-313
211	4.14441947e-316
212	8.90054e-319
213	1.833e-321
214	1e-323
215	1e-323
216	1e-323
217	1e-323
218	1e-323
219	1e-323
220	1e-323
221	1e-323
222	1e-323
223	1e-323
224	1e-323
225	1e-323
226	1e-323
227	1e-323
228	1e-323
229	1e-323
230	1e-323
231	1e-323
232	1e-323
233	1e-323
234	1e-323
235	1e-323
236	1e-323
237	1e-323
238	1e-323
239	1e-323
240	1e-323
241	1e-323
242	1e-323
243	1e-323
244	1e-323
245	1e-323
246	1e-323
247	1e-323
248	1e-323
249	1e-323


"$t = 10.00$"
0	0.9888139884222483
1	0.011124086179497374
2	6.16998349561092e-05
3	2.2495545631924527e-07
4	6.065108739358625e-10
5	1.2898017407585752e-12
6	2.2535249313634545e-15
7	3.3271712486466364e-18
8	4.237404833705259e-21
9	4.728897577873763e-24
10	4.682024207554033e-27
11	4.1540290798005544e-30
12	3.330083344382761e-33
13	2.4288470546567406e-36
14	1.6213075484760095e-39
15	9.95532481627175e-43
16	5.6479107390036795e-46
17	2.9719762290149727e-49
18	1.4555133284981e-52
19	6.654656717223058e-56
20	2.8481386334460565e-59
21	1.1439110814866174e-62
22	4.321031964325318e-66
23	1.538251585997535e-69
24	5.170302730847321e-73
25	1.6435771532373363e-76
26	4.949111505092732e-80
27	1.4136838268576099e-83
28	3.8356878328571304e-87
29	9.897743284799455e-91
30	2.4318088326555417e-94
31	5.694916244869531e-98
32	1.2724580924873333e-101
33	2.715210476365258e-105
34	5.5379311898127675e-109
35	1.080519422821399e-112
36	2.0183394049229364e-116
37	3.612006254366727e-120
38	6.197171771404914e-124
39	1.020024923277588e-127
40	1.6116337256657747e-131
41	2.4457502059489306e-135
42	3.566865230126752e-139
43	5.001687148704242e-143
44	6.747089756193839e-147
45	8.759732045317835e-151
46	1.095049519191857e-154
47	1.318651921912241e-158
48	1.5302280361716946e-162
49	1.7119045790496018e-166
50	1.846972629362132e-170
51	1.9224349699432257e-174
52	1.9310745663682735e-178
53	1.872587014016755e-182
54	1.7535323679645063e-186
55	1.586141028106528e-190
56	1.386270378017378e-194
57	1.1709784023829887e-198
58	9.562166876343266e-203
59	7.550526097042495e-207
60	5.766523145589004e-211
61	4.2605433222944433e-215
62	3.045959704916347e-219
63	2.1075687342909622e-223
64	1.4116409394070588e-227
65	9.154498643337442e-232
66	5.748998769349981e-236
67	3.4968213333889994e-240
68	2.0603991509251717e-244
69	1.1762403848834115e-248
70	6.506910680417396e-253
71	3.488607405753276e-257
72	1.812965920372433e-261
73	9.133699125718716e-266
74	4.461491200507257e-270
75	2.113216712834495e-274
76	9.707128307381748e-279
77	4.324840583843004e-283
78	1.8690880371964633e-287
79	7.836378077845049e-292
80	3.187649905464935e-296
81	1.2581637577434154e-300
82	4.818977124434888e-305
83	1.791272668568536e-309
84	6.462401061e-314
85	2.26307e-318
86	1.33e-322
87	8.4e-323
88	8.4e-323
89	8e-323
90	8e-323
91	8e-323
92	8e-323
93	8e-323
94	7.4e-323
95	7.4e-323
96	7.4e-323
97	7.4e-323
98	7.4e-323
99	7.4e-323
100	2.5e-323
101	2e-323
102	2e-323
103	2e-323
104	2e-323
105	2e-323
106	2e-323
107	2e-323
108	2e-323
109	2e-323
110	2e-323
111	2e-323
112	2e-323
113	2e-323
114	2e-323
115	2e-323
116	2e-323
117	2e-323
118	2e-323
119	2e-323
120	2e-323
121	2e-323
122	2e-323
123	2e-323
124	2e-323
125	2e-323
126	1.5e-323
127	1.5e-323
128	1.5e-323
129	1.5e-323
130	1.5e-323
131	1.5e-323
132	1.5e-323
133	1.5e-323
134	1.5e-323
135	1.5e-323
136	1.5e-323
137	1.5e-323
138	1.5e-323
139	1.5e-323
140	1.5e-323
141	1.5e-323
142	1.5e-323
143	1.5e-323
144	1.5e-323
145	1.5e-323
146	1.5e-323
147	1.5e-323
148	1.5e-323
149	1.5e-323
150	1.5e-323
151	1.5e-323
152	1.5e-323
153	1.5e-323
154	1.5e-323
155	1.5e-323
156	1.5e-323
157	1.5e-323
158	1.5e-323
159	1.5e-323
160	1.5e-323
161	1.5e-323
162	1.5e-323
163	1.5e-323
164	1.5e-323
165	1.5e-323
166	1.5e-323
167	1e-323
168	1e-323
169	1e-323
170	1e-323
171	1e-323
172	1e-323
173	1e-323
174	1e-323
175	1e-323
176	1e-323
177	1e-323
178	1e-323
179	1e-323
180	1e-323
181	1e-323
182	1e-323
183	1e-323
184	1e-323
185	1e-323
186	1e-323
187	1e-323
188	1e-323
189	1e-323
190	1e-323
191	1e-323
192	1e-323
193	1e-323
194	1e-323
195	1e-323
196	1e-323
197	1e-323
198	1e-323
199	1e-323
200	1e-323
201	1e-323
202	1e-323
203	1e-323
204	1e-323
205	1e-323
206	1e-323
207	1e-323
208	1e-323
209	1e-323
210	1e-323
211	1e-323
212	1e-323
213	1e-323
214	1e-323
215	1e-323
216	1e-323
217	1e-323
218	1e-323
219	1e-323
220	1e-323
221	1e-323
222	1e-323
223	1e-323
224	1e-323
225	1e-323
226	1e-323
227	1e-323
228	1e-323
229	1e-323
230	1e-323
231	1e-323
232	1e-323
233	1e-323
234	1e-323
235	1e-323
236	1e-323
237	1e-323
238	1e-323
239	1e-323
240	1e-323
241	1e-323
242	1e-323
243	1e-323
244	1e-323
245	1e-323
246	1e-323
247	1e-323
248	1e-323
249	1e-323
