0.001 7.775000000000977
0.042625 7.62987500000006
0.08425 3.201499999999968
0.12587500000000001 3.0209999999999764
0.1675 4.019999999999985
0.209125 5.018999999999964
0.25075000000000003 6.018000000000026
0.292375 7.01699999999995
0.334 8.016000000000053
0.37562500000000004 9.014999999999993
0.41725 10.014000000000053
0.45887500000000003 11.01299999999994
0.5005000000000001 12.011999999999963
0.5421250000000001 13.01100000000014
0.58375 14.01000000000015
0.625375 15.009000000000013
0.667 16.007999999999864
0.7086250000000001 17.006999999999813
0.7502500000000001 18.00600000000006
0.791875 19.00499999999997
0.8335 20.004000000000083
0.875125 21.003000000000043
0.9167500000000001 22.00200000000024
0.9583750000000001 23.001000000000165
1.0 24.0
