0.001 10.112999999999916
0.042625 10.613624999999958
0.08425 17.271249999999956
0.12587500000000001 22.909250000000114
0.1675 28.307500000000307
0.209125 33.66912500000026
0.25075000000000003 38.61549999999989
0.292375 43.56387499999985
0.334 48.43000000000027
0.37562500000000004 53.33874999999983
0.41725 57.997749999999606
0.45887500000000003 62.40699999999944
0.5005000000000001 67.06699999999985
0.5421250000000001 71.56049999999964
0.58375 75.88750000000005
0.625375 80.04800000000009
0.667 84.70900000000032
0.7086250000000001 89.28674999999943
0.7502500000000001 93.03100000000028
0.791875 97.4006250000002
0.8335 101.68699999999986
0.875125 105.89012499999863
0.9167500000000001 110.0100000000003
0.9583750000000001 114.04662500000099
1.0 118.0
