2.0676848021133836
2.0770294687855757
2.0270684379222406
2.0717616271873505
2.0676848021133836
2.042883287538174
2.031960125973339
2.0167122627777916
1.9940465734039465
1.983421435154922
1.94998704175224
1.959398299447321
1.939364372691048
1.9087355907105845
1.8956575974119032
1.8718276322269063
1.8607321095852125
1.848617128515681
1.8805224971208827
1.910108386734926
1.8655217667716735
2.0427410711456533
1.8681412724603044
1.8498065289236174
1.8347930401119839
1.824619544856584
1.8486823682843752
1.8085118885505098
1.7942429076846658
1.8346148402734017
1.8014423524637269
1.767946033421084
1.7507510428146649
1.810586591036231
1.8014300718927407
1.7576151496536336
1.757505183876318
1.7806118228728827
1.7378561073837848
1.7640786178649042
1.777223986405398
1.7480804753157024
1.7738842018505858
1.7430613602816225
1.7631596948249928
1.7434521893068076
1.7364145037239962
1.7480382297946595
1.7361407126247204
1.7528138413674785
1.7423364433664954
1.7433670898329936
1.7355735389807119
1.739575013251
1.734265217145688
1.7415879951970035
1.7336342539023777
1.7472605457175692
1.7329525343008243
1.7383897260344785
1.7336320892388024
1.7328270837617517
1.7357003177358021
1.7329661999086983
1.7326595226617898
1.7351026277918444
1.7347138703353817
1.7323756745880787
1.7356366706003992
1.7321182968922195
1.732341018257342
1.7333798011032093
1.7321893853803418
1.7333038140263963
1.732148079747212
1.7325798623013866
1.7321142383743533
1.7324752230897116
1.7321096582381141
1.7323615192033857
1.7320707222910325
1.7323603775129957
1.7320611104172725
1.732081715207954
1.732184720739825
1.7320605015221573
1.732182689326701
1.7320598307131578
1.7320754084352992
1.732056223459169
1.7320959295392258
1.7320536274195233
1.7320800325715004
1.7320521838324179
1.7320645197522442
1.7320532827591808
1.7320608903482317
1.7320532240068904
1.7320543842065956
1.7320515223408952
1.7320587663913836
1.7320511172036357
1.732055035355064
1.7320513363886745
1.7320549963609073
1.7320513160188131
1.732051824761141
1.732051037579517
1.7320525811633294
1.732050914609794
1.7320519288943164
1.7320509170176543
1.7320513156502346
1.7320509548399814
1.7320510165976595
1.7320511024666017
1.7320508629907643
1.732051056887396
1.732050856524082
1.7320512339450544
1.7320508243447343
1.7320509286751613
1.7320508374302386
1.7320510565315288
1.732050826643306
1.7320508587879448
1.7320508240677488
1.732050832955597
1.7320508940844124
1.7320508114795605
1.7320508366791687
1.7320508147697078
1.7320508201777733
1.7320508369685312
1.732050810867515
1.7320508373814594
1.7320508107376367
1.7320508248498747
1.732050810426153
1.7320508180840772
1.73205080916905
1.732050820056445
1.7320508080489216
1.732050812518612
1.7320508085087174
1.7320508129975247
1.7320508084201764
1.7320508103360766
1.7320508084520208
1.7320508088505466
1.732050808006969
1.7320508110994246
1.7320508077737737
Cas:  0.007116746972315013
0	0	1
0.4330035276948833	-0.7499996948803404	-0.500008402612579
-0.4493920244320167	0.7784242134470976	-0.43829505164462124
