0.0 17.491090408955923
1.7831887925283523 5.349449826585366
3.5663775850567045 5.386112311538851
5.349566377585057 5.957954940489273
7.132755170113409 6.678788328916785
8.915943962641762 7.468554215547428
10.699132755170114 8.302443310928938
12.482321547698465 9.16956695947789
14.265510340226818 10.062267423442764
16.04869913275517 10.973257788382691
17.831887925283525 11.89521779421968
19.615076717811874 12.821069023725574
21.398265510340227 13.744301578776117
23.18145430286858 14.659175545185143
24.96464309539693 15.560790564645917
26.747831887925283 16.44506474082293
28.531020680453636 17.308664987132943
30.31420947298199 18.14891869824845
32.09739826551034 18.96372428184719
33.88058705803869 19.75146917272291
35.66377585056705 20.510958483178563
37.4469646430954 21.24135449255719
39.23015343562375 21.94212581604978
41.013342228152105 22.61300463547512
42.796531020680455 23.253950383380268
44.579719813208804 23.8651184872085
46.36290860573716 24.446833059989064
48.14609739826551 24.999562696208816
49.92928619079386 25.52389876479404
51.71247498332222 26.02053577589425
53.495663775850566 26.490253535882086
55.27885256837892 26.93390090203536
57.06204136090727 27.35238101270354
58.84523015343562 27.746637908211703
60.62841894596398 28.11764447923013
62.41160773849233 28.46639168854231
64.19479653102069 28.79387901355228
65.97798532354904 29.101106053843054
67.76117411607738 29.389065243038583
69.54436290860573 29.658735598770047
71.3275517011341 29.91107743974067
73.11074049366245 30.14702799530863
74.8939292861908 30.367497830929704
76.67711807871915 30.573368012260584
78.4603068712475 30.7654879316186
80.24349566377585 30.944673722637887
82.02668445630421 31.111707192130265
83.80987324883256 31.267335202113426
85.59306204136091 31.41226943948202
87.37625083388926 31.54718651566363
89.15943962641761 31.672728343640635
90.94262841894597 31.789502744784713
92.72581721147432 31.898084242921303
94.50900600400267 31.999015007828277
96.29219479653102 32.09280591490772
98.07538358905937 32.17993769200795
99.85857238158772 32.260862128286476
101.64176117411608 32.33600332358157
103.42494996664443 32.405758959996945
105.20813875917278 32.470501580309225
106.99132755170113 32.530579860395015
108.77451634422948 32.58631986515831
110.55770513675785 32.63802627944514
112.3408939292862 32.68598360717747
114.12408272181455 32.73045733345021
115.9072715143429 32.7716950456328
117.69046030687124 32.80992751062412
119.47364909939961 32.84536970634704
121.25683789192796 32.878221806355874
123.04002668445631 32.90867011708539
124.82321547698466 32.93688796780988
126.606404269513 32.96303655382037
128.38959306204137 32.98726573368148
130.1727818545697 33.009714781708134
131.95597064709807 33.03051309701773
133.73915943962643 33.04978087067502
135.52234823215477 33.067629712562784
137.30553702468313 33.08416323968939
139.08872581721147 33.09947762769039
140.87191460973983 33.1136621273014
142.6551034022682 33.12679954757821
144.43829219479653 33.138966707620895
146.2214809873249 33.15023485852711
148.00466977985323 33.16067007725553
149.7878585723816 33.17033363402963
151.57104736490993 33.179282334853845
153.3542361574383 33.18756884065227
155.13742494996666 33.195241964475294
156.920613742495 33.202346948152424
158.70380253502336 33.20892571970279
160.4869913275517 33.215017132747384
162.27018012008006 33.22065718910081
164.05336891260842 33.225879245655115
165.83655770513676 33.23071420660517
167.61974649766512 33.235190702003415
169.40293529019345 33.23933525357291
171.18612408272182 33.24317242865076
172.96931287525018 33.2467249830798
174.75250166777852 33.250013993814726
176.53569046030688 33.25305898195969
178.31887925283522 33.25587802690779
180.10206804536358 33.25848787220902
181.88525683789194 33.26090402375113
183.66844563042028 33.26314084079943
185.45163442294864 33.26521162040374
187.23482321547698 33.26712867564687
189.01801200800534 33.26890340817584
190.8012008005337 33.27054637542696
192.58438959306204 33.272067352927074
194.3675783855904 33.273475392026675
196.15076717811874 33.27477887339564
197.9339559706471 33.2759855565888
199.71714476317544 33.27710262596719
201.5003335557038 33.278136733240075
203.28352234823217 33.27909403687413
205.0667111407605 33.279980238598704
206.84989993328887 33.28080061721925
208.6330887258172 33.281560059936105
210.41627751834557 33.282263091351304
212.19946631087393 33.282913900333305
213.98265510340227 33.28351636489658
215.76584389593063 33.28407407524216
217.54903268845896 33.28459035509446
219.33222148098733 33.285068281459644
221.1154102735157 33.28551070292192
222.89859906604403 33.28592025658553
224.6817878585724 33.28629938376224
226.46497665110073 33.28665034449707
228.2481654436291 33.2869752310178
230.03135423615745 33.28727598018807
231.8145430286858 33.2875543850374
233.59773182121415 33.287812105436615
235.3809206137425 33.28805067798174
237.16410940627085 33.28827152514496
238.94729819879922 33.28847596374699
240.73048699132755 33.28866521280089
242.51367578385592 33.28884040077407
244.29686457638425 33.28900257231149
246.08005336891262 33.28915269445998
247.86324216144098 33.289291662430585
249.64643095396931 33.28942030493338
251.42961974649768 33.28953938911623
253.212808539026 33.28964962513696
254.99599733155438 33.289751670396136
256.77918612408274 33.2898461334555
258.5623749166111 33.289933577665664
260.3455637091394 33.290014524524295
262.1287525016678 33.29008945678498
263.91194129419614 33.29015882133525
265.6951300867245 33.2902230318609
267.47831887925287 33.29028247131237
269.2615076717812 33.29033749418806
271.04469646430954 33.290388428647915
272.8278852568379 33.2904355784702
274.61107404936627 33.290479224862786
276.3942628418946 33.29051962813997
278.17745163442294 33.29055702927476
279.96064042695133 33.2905916513358
281.74382921947966 33.29062370081758
283.527018012008 33.2906533688718
285.3102068045364 33.29068083244736
287.0933955970647 33.2907062553455
288.87658438959306 33.29072978919675
290.6597731821214 33.290751574365096
292.4429619746498 33.29077174078512
294.2261507671781 33.290790408736925
296.00933955970646 33.29080768956339
297.79252835223485 33.290823686334306
299.5757171447632 33.290838494460964
301.3589059372915 33.29085220226531
303.14209472981986 33.29086489150661
304.92528352234825 33.290876637869076
306.7084723148766 33.29088751141332
308.4916611074049 33.2908975769941
310.2748498999333 33.29090689464725
312.05803869246165 33.2909155199476
313.84122748499 33.29092350434061
315.6244162775184 33.29093089544903
317.4076050700467 33.29093773735703
319.19079386257505 33.290944070873124
320.9739826551034 33.290949933773575
322.7571714476318 33.29095536102764
324.5403602401601 33.290960385006215
326.32354903268845 33.290965035674866
328.10673782521684 33.29096934077258
329.8899266177452 33.29097332597715
331.6731154102735 33.290977015058424
333.4563042028019 33.29098043002001
335.23949299533024 33.29098359123051
337.0226817878586 33.29098651754506
338.8058705803869 33.290989226417715
340.5890593729153 33.29099173400567
342.37224816544364 33.2909940552655
344.155436957972 33.290996204042415
345.93862575050036 33.29099819315288
347.7218145430287 33.29100003446103
349.50500333555703 33.291001738949404
351.28819212808537 33.29100331678448
353.07138092061376 33.29100477737735
354.8545697131421 33.291006129439765
356.63775850567043 33.29100738103615
358.4209472981988 33.291008539631704
360.20413609072716 33.291009612136925
361.9873248832555 33.29101060494882
363.7705136757839 33.29101152398906
365.5537024683122 33.2910123747393
367.33689126084056 33.291013162273885
369.1200800533689 33.291013891290106
370.9032688458973 33.29101456613619
372.6864576384256 33.291015190837314
374.46964643095396 33.29101576911952
376.25283522348235 33.29101630443202
378.0360240160107 33.2910167999677
379.819212808539 33.29101725868221
381.6024016010674 33.29101768331158
383.38559039359575 33.29101807638852
385.1687791861241 33.29101844025756
386.9519679786524 33.29101877708902
388.7351567711808 33.29101908889197
390.51834556370915 33.29101937752615
392.3015343562375 33.291019644713124
394.0847231487659 33.29101989204658
395.8679119412942 33.291020121001715
397.65110073382255 33.29102033294416
399.4342895263509 33.29102052913804
401.2174783188793 33.291020710753585
403.0006671114076 33.291020878874036
404.78385590393594 33.291021034502165
406.56704469646434 33.29102117856622
408.35023348899267 33.291021311925476
410.133422281521 33.29102143537536
411.9166110740494 33.291021549652214
413.69979986657773 33.29102165543763
415.48298865910607 33.29102175336258
417.2661774516344 33.29102184401114
419.0493662441628 33.29102192792398
420.83255503669113 33.2910220056016
422.61574382921947 33.29102207750732
424.39893262174786 33.29102214407004
426.1821214142762 33.291022205686765
427.96531020680453 33.29102226272501
429.7484989993329 33.29102231552497
431.53168779186126 33.2910223644016
433.3148765843896 33.29102240964641
435.09806537691793 33.29102245152926
436.8812541694463 33.29102249029998
438.66444296197466 33.29102252618979
440.447631754503 33.2910225594128
442.2308205470314 33.29102259016714
444.0140093395597 33.29102261863627
445.79719813208806 33.29102264498996
447.58038692461645 33.291022669385434
449.3635757171448 33.29102269196817
451.1467645096731 33.29102271287289
452.92995330220145 33.29102273222424
454.71314209472985 33.291022750137685
456.4963308872582 33.29102276672006
458.2795196797865 33.29102278207027
460.0627084723149 33.291022796279876
461.84589726484325 33.29102280943362
463.6290860573716 33.291022821609964
465.4122748498999 33.291022832881524
467.1954636424283 33.29102284331555
468.97865243495664 33.291022852974265
470.761841227485 33.291022861915295
472.54503002001337 33.29102287019194
474.3282188125417 33.2910228778536
476.11140760507004 33.29102288494594
477.89459639759843 33.29102289151128
479.67778519012677 33.291022897588775
481.4609739826551 33.29102290321467
483.24416277518344 33.29102290842254
485.02735156771183 33.291022913243424
486.81054036024017 33.2910229177061
488.5937291527685 33.29102292183716
490.3769179452969 33.29102292566128
492.16010673782523 33.291022929201226
493.94329553035357 33.29102293247813
495.72648432288196 33.291022935511556
497.5096731154103 33.29102293831957
499.29286190793863 33.29102294091894
501.07605070046696 33.29102294332516
502.85923949299536 33.29102294555259
504.6424282855237 33.2910229476145
506.425617078052 33.29102294952321
508.2088058705804 33.29102295129009
509.99199466310876 33.291022952925665
511.7751834556371 33.29102295443971
513.5583722481655 33.291022955841264
515.3415610406938 33.29102295713867
517.1247498332222 33.29102295833967
518.9079386257505 33.29102295945143
520.6911274182788 33.291022960480575
522.4743162108072 33.29102296143326
524.2575050033356 33.29102296231515
526.040693795864 33.29102296313151
527.8238825883923 33.29102296388721
529.6070713809206 33.29102296458675
531.390260173449 33.29102296523432
533.1734489659773 33.291022965833776
534.9566377585057 33.291022966388674
536.7398265510341 33.29102296690235
538.5230153435624 33.29102296737784
540.3062041360907 33.29102296781802
542.0893929286191 33.29102296822548
543.8725817211474 33.29102296860266
545.6557705136757 33.29102296895182
547.4389593062042 33.29102296927504
549.2221480987325 33.29102296957423
551.0053368912609 33.2910229698512
552.7885256837892 33.29102297010758
554.5717144763175 33.29102297034491
556.3549032688459 33.29102297056461
558.1380920613742 33.29102297076799
559.9212808539027 33.29102297095625
561.704469646431 33.29102297113053
563.4876584389593 33.29102297129185
565.2708472314877 33.29102297144119
567.054036024016 33.29102297157943
568.8372248165443 33.2910229717074
570.6204136090728 33.29102297182586
572.4036024016011 33.29102297193552
574.1867911941295 33.29102297203702
575.9699799866578 33.29102297213098
577.7531687791861 33.29102297221797
579.5363575717145 33.29102297229849
581.3195463642428 33.29102297237303
583.1027351567712 33.29102297244203
584.8859239492996 33.2910229725059
586.6691127418279 33.29102297256503
588.4523015343563 33.29102297261976
590.2354903268846 33.291022972670426
592.0186791194129 33.29102297271733
593.8018679119413 33.291022972760736
595.5850567044697 33.291022972800924
597.368245496998 33.291022972838135
599.1514342895264 33.29102297287257
600.9346230820547 33.29102297290445
602.717811874583 33.29102297293395
604.5010006671114 33.291022972961265
606.2841894596397 33.29102297298656
608.0673782521682 33.29102297300996
609.8505670446965 33.29102297303163
611.6337558372248 33.29102297305169
613.4169446297532 33.29102297307026
615.2001334222815 33.29102297308744
616.9833222148098 33.29102297310336
618.7665110073383 33.291022973118096
620.5496997998666 33.291022973131724
622.332888592395 33.291022973144344
624.1160773849233 33.291022973156025
625.8992661774516 33.29102297316685
627.68245496998 33.29102297317686
629.4656437625083 33.29102297318613
631.2488325550368 33.29102297319471
633.0320213475651 33.29102297320265
634.8152101400934 33.291022973210005
636.5983989326218 33.291022973216805
638.3815877251501 33.29102297322311
640.1647765176784 33.29102297322895
641.9479653102068 33.291022973234355
643.7311541027352 33.29102297323934
645.5143428952636 33.291022973243976
647.2975316877919 33.29102297324826
649.0807204803202 33.291022973252225
650.8639092728486 33.29102297325589
652.6470980653769 33.29102297325929
654.4302868579052 33.29102297326243
656.2134756504337 33.29102297326534
657.996664442962 33.29102297326804
659.7798532354904 33.29102297327054
661.5630420280187 33.29102297327285
663.346230820547 33.29102297327499
665.1294196130754 33.291022973276974
666.9126084056038 33.29102297327881
668.6957971981321 33.291022973280505
670.4789859906605 33.29102297328208
672.2621747831888 33.29102297328353
674.0453635757171 33.29102297328488
675.8285523682455 33.29102297328613
677.6117411607738 33.29102297328728
679.3949299533023 33.29102297328835
681.1781187458306 33.291022973289344
682.9613075383589 33.291022973290254
684.7444963308873 33.2910229732911
686.5276851234156 33.29102297329188
688.310873915944 33.291022973292606
690.0940627084723 33.29102297329327
691.8772515010007 33.2910229732939
693.6604402935291 33.291022973294474
695.4436290860574 33.291022973295
697.2268178785857 33.29102297329549
699.0100066711141 33.29102297329594
700.7931954636424 33.291022973296364
702.5763842561707 33.291022973296755
704.3595730486992 33.29102297329713
706.1427618412275 33.29102297329746
707.9259506337559 33.291022973297764
709.7091394262842 33.291022973298055
711.4923282188125 33.29102297329832
713.2755170113409 33.29102297329856
715.0587058038693 33.291022973298794
716.8418945963977 33.291022973299
718.625083388926 33.2910229732992
720.4082721814543 33.291022973299384
722.1914609739827 33.29102297329955
723.974649766511 33.2910229732997
725.7578385590393 33.291022973299846
727.5410273515678 33.291022973299974
729.3242161440961 33.29102297330011
731.1074049366244 33.291022973300215
732.8905937291528 33.29102297330032
734.6737825216811 33.291022973300414
736.4569713142095 33.2910229733005
738.2401601067378 33.291022973300585
740.0233488992662 33.29102297330066
741.8065376917946 33.29102297330073
743.5897264843229 33.29102297330079
745.3729152768512 33.29102297330085
747.1561040693796 33.2910229733009
748.9392928619079 33.29102297330095
750.7224816544363 33.291022973301004
752.5056704469647 33.29102297330105
754.288859239493 33.2910229733011
756.0720480320214 33.29102297330113
757.8552368245497 33.29102297330117
759.638425617078 33.29102297330121
761.4216144096064 33.29102297330124
763.2048032021348 33.291022973301274
764.9879919946632 33.29102297330131
766.7711807871915 33.29102297330134
768.5543695797198 33.29102297330136
770.3375583722482 33.29102297330138
772.1207471647765 33.2910229733014
773.9039359573048 33.291022973301416
775.6871247498333 33.29102297330143
777.4703135423616 33.291022973301445
779.25350233489 33.29102297330145
781.0366911274183 33.291022973301466
782.8198799199466 33.29102297330147
784.603068712475 33.29102297330149
786.3862575050033 33.2910229733015
788.1694462975317 33.2910229733015
789.9526350900601 33.29102297330151
791.7358238825884 33.291022973301516
793.5190126751168 33.291022973301516
795.3022014676451 33.29102297330152
797.0853902601734 33.29102297330153
798.8685790527018 33.29102297330153
800.6517678452302 33.29102297330153
802.4349566377585 33.29102297330153
804.2181454302869 33.29102297330153
806.0013342228152 33.29102297330153
807.7845230153436 33.29102297330153
809.5677118078719 33.29102297330153
811.3509006004003 33.29102297330153
813.1340893929287 33.29102297330153
814.917278185457 33.29102297330153
816.7004669779853 33.29102297330153
818.4836557705137 33.29102297330153
820.266844563042 33.29102297330153
822.0500333555703 33.29102297330153
823.8332221480988 33.29102297330153
825.6164109406271 33.29102297330153
827.3995997331555 33.29102297330153
829.1827885256838 33.29102297330153
830.9659773182121 33.29102297330153
832.7491661107405 33.29102297330153
834.5323549032688 33.29102297330153
836.3155436957973 33.29102297330153
838.0987324883256 33.29102297330153
839.8819212808539 33.29102297330153
841.6651100733823 33.29102297330153
843.4482988659106 33.29102297330153
845.2314876584389 33.29102297330153
847.0146764509674 33.29102297330153
848.7978652434957 33.29102297330153
850.581054036024 33.29102297330153
852.3642428285524 33.29102297330153
854.1474316210807 33.29102297330153
855.9306204136091 33.29102297330153
857.7138092061374 33.29102297330153
859.4969979986658 33.29102297330153
861.2801867911942 33.29102297330153
863.0633755837225 33.29102297330153
864.8465643762509 33.29102297330153
866.6297531687792 33.29102297330153
868.4129419613075 33.29102297330153
870.1961307538359 33.29102297330153
871.9793195463643 33.29102297330153
873.7625083388926 33.29102297330153
875.545697131421 33.29102297330153
877.3288859239493 33.29102297330153
879.1120747164777 33.29102297330153
880.895263509006 33.29102297330153
882.6784523015343 33.29102297330153
884.4616410940628 33.29102297330153
886.2448298865911 33.29102297330153
888.0280186791194 33.29102297330153
889.8112074716478 33.29102297330153
891.5943962641761 33.29102297330153
893.3775850567044 33.29102297330153
895.1607738492329 33.29102297330153
896.9439626417612 33.29102297330153
898.7271514342896 33.29102297330153
900.5103402268179 33.29102297330153
902.2935290193462 33.29102297330153
904.0767178118746 33.29102297330153
905.8599066044029 33.29102297330153
907.6430953969314 33.29102297330153
909.4262841894597 33.29102297330153
911.209472981988 33.29102297330153
912.9926617745164 33.29102297330153
914.7758505670447 33.29102297330153
916.559039359573 33.29102297330153
918.3422281521014 33.29102297330153
920.1254169446298 33.29102297330153
921.9086057371582 33.29102297330153
923.6917945296865 33.29102297330153
925.4749833222148 33.29102297330153
927.2581721147432 33.29102297330153
929.0413609072715 33.29102297330153
930.8245496997998 33.29102297330153
932.6077384923283 33.29102297330153
934.3909272848566 33.29102297330153
936.174116077385 33.29102297330153
937.9573048699133 33.29102297330153
939.7404936624416 33.29102297330153
941.52368245497 33.29102297330153
943.3068712474984 33.29102297330153
945.0900600400267 33.29102297330153
946.8732488325551 33.29102297330153
948.6564376250834 33.29102297330153
950.4396264176117 33.29102297330153
952.2228152101401 33.29102297330153
954.0060040026684 33.29102297330153
955.7891927951969 33.29102297330153
957.5723815877252 33.29102297330153
959.3555703802535 33.29102297330153
961.1387591727819 33.29102297330153
962.9219479653102 33.29102297330153
964.7051367578385 33.29102297330153
966.4883255503669 33.29102297330153
968.2715143428953 33.29102297330153
970.0547031354237 33.29102297330153
971.837891927952 33.29102297330153
973.6210807204803 33.29102297330153
975.4042695130087 33.29102297330153
977.187458305537 33.29102297330153
978.9706470980653 33.29102297330153
980.7538358905938 33.29102297330153
982.5370246831221 33.29102297330153
984.3202134756505 33.29102297330153
986.1034022681788 33.29102297330153
987.8865910607071 33.29102297330153
989.6697798532355 33.29102297330153
991.4529686457639 33.29102297330153
993.2361574382923 33.29102297330153
995.0193462308206 33.29102297330153
996.8025350233489 33.29102297330153
998.5857238158773 33.29102297330153
1000.3689126084056 33.29102297330153
1002.1521014009339 33.29102297330153
1003.9352901934624 33.29102297330153
1005.7184789859907 33.29102297330153
1007.501667778519 33.29102297330153
1009.2848565710474 33.29102297330153
1011.0680453635757 33.29102297330153
1012.851234156104 33.29102297330153
1014.6344229486324 33.29102297330153
1016.4176117411608 33.29102297330153
1018.2008005336892 33.29102297330153
1019.9839893262175 33.29102297330153
1021.7671781187458 33.29102297330153
1023.5503669112742 33.29102297330153
1025.3335557038026 33.29102297330153
1027.116744496331 33.29102297330153
1028.8999332888593 33.29102297330153
1030.6831220813876 33.29102297330153
1032.466310873916 33.29102297330153
1034.2494996664443 33.29102297330153
1036.0326884589726 33.29102297330153
1037.815877251501 33.29102297330153
1039.5990660440293 33.29102297330153
1041.3822548365576 33.29102297330153
1043.165443629086 33.29102297330153
1044.9486324216143 33.29102297330153
1046.7318212141429 33.29102297330153
1048.5150100066712 33.29102297330153
1050.2981987991996 33.29102297330153
1052.081387591728 33.29102297330153
1053.8645763842562 33.29102297330153
1055.6477651767846 33.29102297330153
1057.430953969313 33.29102297330153
1059.2141427618412 33.29102297330153
1060.9973315543696 33.29102297330153
1062.780520346898 33.29102297330153
1064.5637091394262 33.29102297330153
1066.3468979319546 33.29102297330153
1068.130086724483 33.29102297330153
1069.9132755170115 33.29102297330153
1071.6964643095398 33.29102297330153
1073.4796531020681 33.29102297330153
1075.2628418945965 33.29102297330153
1077.0460306871248 33.29102297330153
1078.8292194796531 33.29102297330153
1080.6124082721815 33.29102297330153
1082.3955970647098 33.29102297330153
1084.1787858572382 33.29102297330153
1085.9619746497665 33.29102297330153
1087.7451634422948 33.29102297330153
1089.5283522348232 33.29102297330153
1091.3115410273515 33.29102297330153
1093.0947298198798 33.29102297330153
1094.8779186124084 33.29102297330153
1096.6611074049367 33.29102297330153
1098.444296197465 33.29102297330153
1100.2274849899934 33.29102297330153
1102.0106737825217 33.29102297330153
1103.79386257505 33.29102297330153
1105.5770513675784 33.29102297330153
1107.3602401601067 33.29102297330153
1109.143428952635 33.29102297330153
1110.9266177451634 33.29102297330153
1112.7098065376917 33.29102297330153
1114.49299533022 33.29102297330153
1116.2761841227484 33.29102297330153
1118.059372915277 33.29102297330153
1119.8425617078053 33.29102297330153
1121.6257505003337 33.29102297330153
1123.408939292862 33.29102297330153
1125.1921280853903 33.29102297330153
1126.9753168779187 33.29102297330153
1128.758505670447 33.29102297330153
1130.5416944629753 33.29102297330153
1132.3248832555037 33.29102297330153
1134.108072048032 33.29102297330153
1135.8912608405603 33.29102297330153
1137.6744496330887 33.29102297330153
1139.457638425617 33.29102297330153
1141.2408272181456 33.29102297330153
1143.024016010674 33.29102297330153
1144.8072048032022 33.29102297330153
1146.5903935957306 33.29102297330153
1148.373582388259 33.29102297330153
1150.1567711807872 33.29102297330153
1151.9399599733156 33.29102297330153
1153.723148765844 33.29102297330153
1155.5063375583723 33.29102297330153
1157.2895263509006 33.29102297330153
1159.072715143429 33.29102297330153
1160.8559039359573 33.29102297330153
1162.6390927284856 33.29102297330153
1164.422281521014 33.29102297330153
1166.2054703135425 33.29102297330153
1167.9886591060708 33.29102297330153
1169.7718478985992 33.29102297330153
1171.5550366911275 33.29102297330153
1173.3382254836558 33.29102297330153
1175.1214142761842 33.29102297330153
1176.9046030687125 33.29102297330153
1178.6877918612408 33.29102297330153
1180.4709806537692 33.29102297330153
1182.2541694462975 33.29102297330153
1184.0373582388258 33.29102297330153
1185.8205470313542 33.29102297330153
1187.6037358238825 33.29102297330153
1189.386924616411 33.29102297330153
1191.1701134089394 33.29102297330153
1192.9533022014677 33.29102297330153
1194.736490993996 33.29102297330153
1196.5196797865244 33.29102297330153
1198.3028685790528 33.29102297330153
1200.086057371581 33.29102297330153
1201.8692461641094 33.29102297330153
1203.6524349566378 33.29102297330153
1205.435623749166 33.29102297330153
1207.2188125416944 33.29102297330153
1209.0020013342228 33.29102297330153
1210.785190126751 33.29102297330153
1212.5683789192794 33.29102297330153
1214.351567711808 33.29102297330153
1216.1347565043363 33.29102297330153
1217.9179452968647 33.29102297330153
1219.701134089393 33.29102297330153
1221.4843228819213 33.29102297330153
1223.2675116744497 33.29102297330153
1225.050700466978 33.29102297330153
1226.8338892595063 33.29102297330153
1228.6170780520347 33.29102297330153
1230.400266844563 33.29102297330153
1232.1834556370914 33.29102297330153
1233.9666444296197 33.29102297330153
1235.749833222148 33.29102297330153
1237.5330220146766 33.29102297330153
1239.316210807205 33.29102297330153
1241.0993995997333 33.29102297330153
1242.8825883922616 33.29102297330153
1244.66577718479 33.29102297330153
1246.4489659773183 33.29102297330153
1248.2321547698466 33.29102297330153
1250.015343562375 33.29102297330153
1251.7985323549033 33.29102297330153
1253.5817211474316 33.29102297330153
1255.36490993996 33.29102297330153
1257.1480987324883 33.29102297330153
1258.9312875250166 33.29102297330153
1260.714476317545 33.29102297330153
1262.4976651100735 33.29102297330153
1264.2808539026018 33.29102297330153
1266.0640426951302 33.29102297330153
1267.8472314876585 33.29102297330153
1269.6304202801869 33.29102297330153
1271.4136090727152 33.29102297330153
1273.1967978652435 33.29102297330153
1274.9799866577719 33.29102297330153
1276.7631754503002 33.29102297330153
1278.5463642428285 33.29102297330153
1280.3295530353569 33.29102297330153
1282.1127418278852 33.29102297330153
1283.8959306204135 33.29102297330153
1285.679119412942 33.29102297330153
1287.4623082054704 33.29102297330153
1289.2454969979988 33.29102297330153
1291.028685790527 33.29102297330153
1292.8118745830554 33.29102297330153
1294.5950633755838 33.29102297330153
1296.378252168112 33.29102297330153
1298.1614409606404 33.29102297330153
1299.9446297531688 33.29102297330153
1301.7278185456971 33.29102297330153
1303.5110073382255 33.29102297330153
1305.2941961307538 33.29102297330153
1307.0773849232821 33.29102297330153
1308.8605737158105 33.29102297330153
1310.643762508339 33.29102297330153
1312.4269513008674 33.29102297330153
1314.2101400933957 33.29102297330153
1315.993328885924 33.29102297330153
1317.7765176784524 33.29102297330153
1319.5597064709807 33.29102297330153
1321.342895263509 33.29102297330153
1323.1260840560374 33.29102297330153
1324.9092728485657 33.29102297330153
1326.692461641094 33.29102297330153
1328.4756504336224 33.29102297330153
1330.2588392261507 33.29102297330153
1332.042028018679 33.29102297330153
1333.8252168112076 33.29102297330153
1335.608405603736 33.29102297330153
1337.3915943962643 33.29102297330153
1339.1747831887926 33.29102297330153
1340.957971981321 33.29102297330153
1342.7411607738493 33.29102297330153
1344.5243495663776 33.29102297330153
1346.307538358906 33.29102297330153
1348.0907271514343 33.29102297330153
1349.8739159439626 33.29102297330153
1351.657104736491 33.29102297330153
1353.4402935290193 33.29102297330153
1355.2234823215476 33.29102297330153
1357.006671114076 33.29102297330153
1358.7898599066045 33.29102297330153
1360.5730486991329 33.29102297330153
1362.3562374916612 33.29102297330153
1364.1394262841895 33.29102297330153
1365.9226150767179 33.29102297330153
1367.7058038692462 33.29102297330153
1369.4889926617745 33.29102297330153
1371.2721814543029 33.29102297330153
1373.0553702468312 33.29102297330153
1374.8385590393596 33.29102297330153
1376.621747831888 33.29102297330153
1378.4049366244162 33.29102297330153
1380.1881254169446 33.29102297330153
1381.9713142094731 33.29102297330153
1383.7545030020015 33.29102297330153
1385.5376917945298 33.29102297330153
1387.3208805870581 33.29102297330153
1389.1040693795865 33.29102297330153
1390.8872581721148 33.29102297330153
1392.6704469646431 33.29102297330153
1394.4536357571715 33.29102297330153
1396.2368245496998 33.29102297330153
1398.0200133422281 33.29102297330153
1399.8032021347565 33.29102297330153
1401.5863909272848 33.29102297330153
1403.3695797198131 33.29102297330153
1405.1527685123415 33.29102297330153
1406.93595730487 33.29102297330153
1408.7191460973984 33.29102297330153
1410.5023348899267 33.29102297330153
1412.285523682455 33.29102297330153
1414.0687124749834 33.29102297330153
1415.8519012675117 33.29102297330153
1417.63509006004 33.29102297330153
1419.4182788525684 33.29102297330153
1421.2014676450967 33.29102297330153
1422.984656437625 33.29102297330153
1424.7678452301534 33.29102297330153
1426.5510340226817 33.29102297330153
1428.33422281521 33.29102297330153
1430.1174116077386 33.29102297330153
1431.900600400267 33.29102297330153
1433.6837891927953 33.29102297330153
1435.4669779853236 33.29102297330153
1437.250166777852 33.29102297330153
1439.0333555703803 33.29102297330153
1440.8165443629086 33.29102297330153
1442.599733155437 33.29102297330153
1444.3829219479653 33.29102297330153
1446.1661107404937 33.29102297330153
1447.949299533022 33.29102297330153
1449.7324883255503 33.29102297330153
1451.5156771180787 33.29102297330153
1453.298865910607 33.29102297330153
1455.0820547031356 33.29102297330153
1456.865243495664 33.29102297330153
1458.6484322881922 33.29102297330153
1460.4316210807206 33.29102297330153
1462.214809873249 33.29102297330153
1463.9979986657772 33.29102297330153
1465.7811874583056 33.29102297330153
1467.564376250834 33.29102297330153
1469.3475650433622 33.29102297330153
1471.1307538358906 33.29102297330153
1472.913942628419 33.29102297330153
1474.6971314209472 33.29102297330153
1476.4803202134756 33.29102297330153
1478.2635090060041 33.29102297330153
1480.0466977985325 33.29102297330153
1481.8298865910608 33.29102297330153
1483.6130753835891 33.29102297330153
1485.3962641761175 33.29102297330153
1487.1794529686458 33.29102297330153
1488.9626417611742 33.29102297330153
1490.7458305537025 33.29102297330153
1492.5290193462308 33.29102297330153
1494.3122081387592 33.29102297330153
1496.0953969312875 33.29102297330153
1497.8785857238158 33.29102297330153
1499.6617745163442 33.29102297330153
1501.4449633088725 33.29102297330153
1503.228152101401 33.29102297330153
1505.0113408939294 33.29102297330153
1506.7945296864577 33.29102297330153
1508.577718478986 33.29102297330153
1510.3609072715144 33.29102297330153
1512.1440960640427 33.29102297330153
1513.927284856571 33.29102297330153
1515.7104736490994 33.29102297330153
1517.4936624416277 33.29102297330153
1519.276851234156 33.29102297330153
1521.0600400266844 33.29102297330153
1522.8432288192128 33.29102297330153
1524.626417611741 33.29102297330153
1526.4096064042697 33.29102297330153
1528.192795196798 33.29102297330153
1529.9759839893263 33.29102297330153
1531.7591727818547 33.29102297330153
1533.542361574383 33.29102297330153
1535.3255503669113 33.29102297330153
1537.1087391594397 33.29102297330153
1538.891927951968 33.29102297330153
1540.6751167444963 33.29102297330153
1542.4583055370247 33.29102297330153
1544.241494329553 33.29102297330153
1546.0246831220813 33.29102297330153
1547.8078719146097 33.29102297330153
1549.591060707138 33.29102297330153
1551.3742494996666 33.29102297330153
1553.157438292195 33.29102297330153
1554.9406270847232 33.29102297330153
1556.7238158772516 33.29102297330153
1558.50700466978 33.29102297330153
1560.2901934623083 33.29102297330153
1562.0733822548366 33.29102297330153
1563.856571047365 33.29102297330153
1565.6397598398933 33.29102297330153
1567.4229486324216 33.29102297330153
1569.20613742495 33.29102297330153
1570.9893262174783 33.29102297330153
1572.7725150100066 33.29102297330153
1574.5557038025352 33.29102297330153
1576.3388925950635 33.29102297330153
1578.1220813875918 33.29102297330153
1579.9052701801202 33.29102297330153
1581.6884589726485 33.29102297330153
1583.4716477651768 33.29102297330153
1585.2548365577052 33.29102297330153
1587.0380253502335 33.29102297330153
1588.8212141427618 33.29102297330153
1590.6044029352902 33.29102297330153
1592.3875917278185 33.29102297330153
1594.1707805203469 33.29102297330153
1595.9539693128752 33.29102297330153
1597.7371581054035 33.29102297330153
1599.520346897932 33.29102297330153
1601.3035356904604 33.29102297330153
1603.0867244829888 33.29102297330153
1604.869913275517 33.29102297330153
1606.6531020680454 33.29102297330153
1608.4362908605738 33.29102297330153
1610.219479653102 33.29102297330153
1612.0026684456304 33.29102297330153
1613.7858572381588 33.29102297330153
1615.569046030687 33.29102297330153
1617.3522348232154 33.29102297330153
1619.1354236157438 33.29102297330153
1620.918612408272 33.29102297330153
1622.7018012008007 33.29102297330153
1624.484989993329 33.29102297330153
1626.2681787858573 33.29102297330153
1628.0513675783857 33.29102297330153
1629.834556370914 33.29102297330153
1631.6177451634424 33.29102297330153
1633.4009339559707 33.29102297330153
1635.184122748499 33.29102297330153
1636.9673115410274 33.29102297330153
1638.7505003335557 33.29102297330153
1640.533689126084 33.29102297330153
1642.3168779186124 33.29102297330153
1644.1000667111407 33.29102297330153
1645.8832555036693 33.29102297330153
1647.6664442961976 33.29102297330153
1649.449633088726 33.29102297330153
1651.2328218812543 33.29102297330153
1653.0160106737826 33.29102297330153
1654.799199466311 33.29102297330153
1656.5823882588393 33.29102297330153
1658.3655770513676 33.29102297330153
1660.148765843896 33.29102297330153
1661.9319546364243 33.29102297330153
1663.7151434289526 33.29102297330153
1665.498332221481 33.29102297330153
1667.2815210140093 33.29102297330153
1669.0647098065376 33.29102297330153
1670.8478985990662 33.29102297330153
1672.6310873915945 33.29102297330153
1674.4142761841229 33.29102297330153
1676.1974649766512 33.29102297330153
1677.9806537691795 33.29102297330153
1679.7638425617079 33.29102297330153
1681.5470313542362 33.29102297330153
1683.3302201467645 33.29102297330153
1685.1134089392929 33.29102297330153
1686.8965977318212 33.29102297330153
1688.6797865243495 33.29102297330153
1690.4629753168779 33.29102297330153
1692.2461641094062 33.29102297330153
1694.0293529019348 33.29102297330153
1695.812541694463 33.29102297330153
1697.5957304869914 33.29102297330153
1699.3789192795198 33.29102297330153
1701.162108072048 33.29102297330153
1702.9452968645764 33.29102297330153
1704.7284856571048 33.29102297330153
1706.5116744496331 33.29102297330153
1708.2948632421615 33.29102297330153
1710.0780520346898 33.29102297330153
1711.8612408272181 33.29102297330153
1713.6444296197465 33.29102297330153
1715.4276184122748 33.29102297330153
1717.2108072048031 33.29102297330153
1718.9939959973317 33.29102297330153
1720.77718478986 33.29102297330153
1722.5603735823884 33.29102297330153
1724.3435623749167 33.29102297330153
1726.126751167445 33.29102297330153
1727.9099399599734 33.29102297330153
1729.6931287525017 33.29102297330153
1731.47631754503 33.29102297330153
1733.2595063375584 33.29102297330153
1735.0426951300867 33.29102297330153
1736.825883922615 33.29102297330153
1738.6090727151434 33.29102297330153
1740.3922615076717 33.29102297330153
1742.1754503002003 33.29102297330153
1743.9586390927286 33.29102297330153
1745.741827885257 33.29102297330153
1747.5250166777853 33.29102297330153
1749.3082054703136 33.29102297330153
1751.091394262842 33.29102297330153
1752.8745830553703 33.29102297330153
1754.6577718478986 33.29102297330153
1756.440960640427 33.29102297330153
1758.2241494329553 33.29102297330153
1760.0073382254836 33.29102297330153
1761.790527018012 33.29102297330153
1763.5737158105403 33.29102297330153
1765.3569046030686 33.29102297330153
1767.1400933955972 33.29102297330153
1768.9232821881255 33.29102297330153
1770.7064709806539 33.29102297330153
1772.4896597731822 33.29102297330153
1774.2728485657105 33.29102297330153
1776.0560373582389 33.29102297330153
1777.8392261507672 33.29102297330153
1779.6224149432956 33.29102297330153
1781.405603735824 33.29102297330153
1783.1887925283522 33.29102297330153
1784.9719813208806 33.29102297330153
1786.755170113409 33.29102297330153
1788.5383589059372 33.29102297330153
1790.3215476984658 33.29102297330153
1792.1047364909941 33.29102297330153
1793.8879252835225 33.29102297330153
1795.6711140760508 33.29102297330153
1797.4543028685791 33.29102297330153
1799.2374916611075 33.29102297330153
1801.0206804536358 33.29102297330153
1802.8038692461641 33.29102297330153
1804.5870580386925 33.29102297330153
1806.3702468312208 33.29102297330153
1808.1534356237491 33.29102297330153
1809.9366244162775 33.29102297330153
1811.7198132088058 33.29102297330153
1813.5030020013342 33.29102297330153
1815.2861907938627 33.29102297330153
1817.069379586391 33.29102297330153
1818.8525683789194 33.29102297330153
1820.6357571714477 33.29102297330153
1822.418945963976 33.29102297330153
1824.2021347565044 33.29102297330153
1825.9853235490327 33.29102297330153
1827.768512341561 33.29102297330153
1829.5517011340894 33.29102297330153
1831.3348899266177 33.29102297330153
1833.118078719146 33.29102297330153
1834.9012675116744 33.29102297330153
1836.6844563042027 33.29102297330153
1838.4676450967313 33.29102297330153
1840.2508338892596 33.29102297330153
1842.034022681788 33.29102297330153
1843.8172114743163 33.29102297330153
1845.6004002668446 33.29102297330153
1847.383589059373 33.29102297330153
1849.1667778519013 33.29102297330153
1850.9499666444297 33.29102297330153
1852.733155436958 33.29102297330153
1854.5163442294863 33.29102297330153
1856.2995330220147 33.29102297330153
1858.082721814543 33.29102297330153
1859.8659106070713 33.29102297330153
1861.6490993995997 33.29102297330153
1863.4322881921282 33.29102297330153
1865.2154769846566 33.29102297330153
1866.998665777185 33.29102297330153
1868.7818545697132 33.29102297330153
1870.5650433622416 33.29102297330153
1872.34823215477 33.29102297330153
1874.1314209472982 33.29102297330153
1875.9146097398266 33.29102297330153
1877.697798532355 33.29102297330153
1879.4809873248832 33.29102297330153
1881.2641761174116 33.29102297330153
1883.04736490994 33.29102297330153
1884.8305537024683 33.29102297330153
1886.6137424949968 33.29102297330153
1888.3969312875251 33.29102297330153
1890.1801200800535 33.29102297330153
1891.9633088725818 33.29102297330153
1893.7464976651102 33.29102297330153
1895.5296864576385 33.29102297330153
1897.3128752501668 33.29102297330153
1899.0960640426952 33.29102297330153
1900.8792528352235 33.29102297330153
1902.6624416277518 33.29102297330153
1904.4456304202802 33.29102297330153
1906.2288192128085 33.29102297330153
1908.0120080053368 33.29102297330153
1909.7951967978652 33.29102297330153
1911.5783855903937 33.29102297330153
1913.361574382922 33.29102297330153
1915.1447631754504 33.29102297330153
1916.9279519679787 33.29102297330153
1918.711140760507 33.29102297330153
1920.4943295530354 33.29102297330153
1922.2775183455637 33.29102297330153
1924.060707138092 33.29102297330153
1925.8438959306204 33.29102297330153
1927.6270847231488 33.29102297330153
1929.410273515677 33.29102297330153
1931.1934623082054 33.29102297330153
1932.9766511007338 33.29102297330153
1934.7598398932623 33.29102297330153
1936.5430286857907 33.29102297330153
1938.326217478319 33.29102297330153
1940.1094062708473 33.29102297330153
1941.8925950633757 33.29102297330153
1943.675783855904 33.29102297330153
1945.4589726484323 33.29102297330153
1947.2421614409607 33.29102297330153
1949.025350233489 33.29102297330153
1950.8085390260173 33.29102297330153
1952.5917278185457 33.29102297330153
1954.374916611074 33.29102297330153
1956.1581054036023 33.29102297330153
1957.9412941961307 33.29102297330153
1959.7244829886592 33.29102297330153
1961.5076717811876 33.29102297330153
1963.290860573716 33.29102297330153
1965.0740493662443 33.29102297330153
1966.8572381587726 33.29102297330153
1968.640426951301 33.29102297330153
1970.4236157438293 33.29102297330153
1972.2068045363576 33.29102297330153
1973.989993328886 33.29102297330153
1975.7731821214143 33.29102297330153
1977.5563709139426 33.29102297330153
1979.339559706471 33.29102297330153
1981.1227484989993 33.29102297330153
1982.9059372915278 33.29102297330153
1984.6891260840562 33.29102297330153
1986.4723148765845 33.29102297330153
1988.2555036691128 33.29102297330153
1990.0386924616412 33.29102297330153
1991.8218812541695 33.29102297330153
1993.6050700466978 33.29102297330153
1995.3882588392262 33.29102297330153
1997.1714476317545 33.29102297330153
1998.9546364242829 33.29102297330153
2000.7378252168112 33.29102297330153
2002.5210140093395 33.29102297330153
2004.3042028018679 33.29102297330153
2006.0873915943962 33.29102297330153
2007.8705803869248 33.29102297330153
2009.653769179453 33.29102297330153
2011.4369579719814 33.29102297330153
2013.2201467645098 33.29102297330153
2015.003335557038 33.29102297330153
2016.7865243495664 33.29102297330153
2018.5697131420948 33.29102297330153
2020.352901934623 33.29102297330153
2022.1360907271514 33.29102297330153
2023.9192795196798 33.29102297330153
2025.702468312208 33.29102297330153
2027.4856571047364 33.29102297330153
2029.2688458972648 33.29102297330153
2031.0520346897933 33.29102297330153
2032.8352234823217 33.29102297330153
2034.61841227485 33.29102297330153
2036.4016010673784 33.29102297330153
2038.1847898599067 33.29102297330153
2039.967978652435 33.29102297330153
2041.7511674449634 33.29102297330153
2043.5343562374917 33.29102297330153
2045.31754503002 33.29102297330153
2047.1007338225484 33.29102297330153
2048.8839226150767 33.29102297330153
2050.6671114076053 33.29102297330153
2052.4503002001334 33.29102297330153
2054.233488992662 33.29102297330153
2056.01667778519 33.29102297330153
2057.7998665777186 33.29102297330153
2059.5830553702467 33.29102297330153
2061.3662441627753 33.29102297330153
2063.1494329553034 33.29102297330153
2064.932621747832 33.29102297330153
2066.7158105403605 33.29102297330153
2068.4989993328886 33.29102297330153
2070.282188125417 33.29102297330153
2072.0653769179453 33.29102297330153
2073.848565710474 33.29102297330153
2075.631754503002 33.29102297330153
2077.4149432955305 33.29102297330153
2079.1981320880586 33.29102297330153
2080.981320880587 33.29102297330153
2082.7645096731153 33.29102297330153
2084.547698465644 33.29102297330153
2086.330887258172 33.29102297330153
2088.1140760507005 33.29102297330153
2089.8972648432286 33.29102297330153
2091.680453635757 33.29102297330153
2093.4636424282858 33.29102297330153
2095.246831220814 33.29102297330153
2097.0300200133424 33.29102297330153
2098.8132088058705 33.29102297330153
2100.596397598399 33.29102297330153
2102.379586390927 33.29102297330153
2104.162775183456 33.29102297330153
2105.945963975984 33.29102297330153
2107.7291527685124 33.29102297330153
2109.5123415610406 33.29102297330153
2111.295530353569 33.29102297330153
2113.0787191460972 33.29102297330153
2114.861907938626 33.29102297330153
2116.6450967311544 33.29102297330153
2118.4282855236825 33.29102297330153
2120.211474316211 33.29102297330153
2121.994663108739 33.29102297330153
2123.7778519012677 33.29102297330153
2125.561040693796 33.29102297330153
2127.3442294863244 33.29102297330153
2129.1274182788525 33.29102297330153
2130.910607071381 33.29102297330153
2132.693795863909 33.29102297330153
2134.4769846564377 33.29102297330153
2136.260173448966 33.29102297330153
2138.0433622414944 33.29102297330153
2139.826551034023 33.29102297330153
2141.609739826551 33.29102297330153
2143.3929286190796 33.29102297330153
2145.1761174116077 33.29102297330153
2146.9593062041363 33.29102297330153
2148.7424949966644 33.29102297330153
2150.525683789193 33.29102297330153
2152.308872581721 33.29102297330153
2154.0920613742496 33.29102297330153
2155.8752501667777 33.29102297330153
2157.6584389593063 33.29102297330153
2159.4416277518344 33.29102297330153
2161.224816544363 33.29102297330153
2163.0080053368915 33.29102297330153
2164.7911941294196 33.29102297330153
2166.574382921948 33.29102297330153
2168.3575717144763 33.29102297330153
2170.140760507005 33.29102297330153
2171.923949299533 33.29102297330153
2173.7071380920615 33.29102297330153
2175.4903268845896 33.29102297330153
2177.273515677118 33.29102297330153
2179.0567044696463 33.29102297330153
2180.839893262175 33.29102297330153
2182.623082054703 33.29102297330153
2184.4062708472316 33.29102297330153
2186.1894596397597 33.29102297330153
2187.972648432288 33.29102297330153
2189.755837224817 33.29102297330153
2191.539026017345 33.29102297330153
2193.3222148098735 33.29102297330153
2195.1054036024016 33.29102297330153
2196.88859239493 33.29102297330153
2198.6717811874582 33.29102297330153
2200.454969979987 33.29102297330153
2202.238158772515 33.29102297330153
2204.0213475650435 33.29102297330153
2205.8045363575716 33.29102297330153
2207.5877251501 33.29102297330153
2209.3709139426282 33.29102297330153
2211.154102735157 33.29102297330153
2212.9372915276854 33.29102297330153
2214.7204803202135 33.29102297330153
2216.503669112742 33.29102297330153
2218.28685790527 33.29102297330153
2220.0700466977987 33.29102297330153
2221.853235490327 33.29102297330153
2223.6364242828554 33.29102297330153
2225.4196130753835 33.29102297330153
2227.202801867912 33.29102297330153
2228.98599066044 33.29102297330153
2230.7691794529687 33.29102297330153
2232.552368245497 33.29102297330153
2234.3355570380254 33.29102297330153
2236.118745830554 33.29102297330153
2237.901934623082 33.29102297330153
2239.6851234156106 33.29102297330153
2241.4683122081387 33.29102297330153
2243.2515010006673 33.29102297330153
2245.0346897931954 33.29102297330153
2246.817878585724 33.29102297330153
2248.601067378252 33.29102297330153
2250.3842561707806 33.29102297330153
2252.1674449633088 33.29102297330153
2253.9506337558373 33.29102297330153
2255.7338225483654 33.29102297330153
2257.517011340894 33.29102297330153
2259.3002001334225 33.29102297330153
2261.0833889259507 33.29102297330153
2262.866577718479 33.29102297330153
2264.6497665110073 33.29102297330153
2266.432955303536 33.29102297330153
2268.216144096064 33.29102297330153
2269.9993328885926 33.29102297330153
2271.7825216811207 33.29102297330153
2273.5657104736492 33.29102297330153
2275.3488992661773 33.29102297330153
2277.132088058706 33.29102297330153
2278.915276851234 33.29102297330153
2280.6984656437626 33.29102297330153
2282.481654436291 33.29102297330153
2284.2648432288192 33.29102297330153
2286.048032021348 33.29102297330153
2287.831220813876 33.29102297330153
2289.6144096064045 33.29102297330153
2291.3975983989326 33.29102297330153
2293.180787191461 33.29102297330153
2294.9639759839893 33.29102297330153
2296.747164776518 33.29102297330153
2298.530353569046 33.29102297330153
2300.3135423615745 33.29102297330153
2302.0967311541026 33.29102297330153
2303.879919946631 33.29102297330153
2305.6631087391593 33.29102297330153
2307.446297531688 33.29102297330153
2309.2294863242164 33.29102297330153
2311.0126751167445 33.29102297330153
2312.795863909273 33.29102297330153
2314.579052701801 33.29102297330153
2316.3622414943297 33.29102297330153
2318.145430286858 33.29102297330153
2319.9286190793864 33.29102297330153
2321.7118078719145 33.29102297330153
2323.494996664443 33.29102297330153
2325.278185456971 33.29102297330153
2327.0613742494997 33.29102297330153
2328.844563042028 33.29102297330153
2330.6277518345564 33.29102297330153
2332.410940627085 33.29102297330153
2334.194129419613 33.29102297330153
2335.9773182121417 33.29102297330153
2337.7605070046698 33.29102297330153
2339.5436957971983 33.29102297330153
2341.3268845897264 33.29102297330153
2343.110073382255 33.29102297330153
2344.893262174783 33.29102297330153
2346.6764509673117 33.29102297330153
2348.45963975984 33.29102297330153
2350.2428285523683 33.29102297330153
2352.0260173448964 33.29102297330153
2353.809206137425 33.29102297330153
2355.5923949299536 33.29102297330153
2357.3755837224817 33.29102297330153
2359.1587725150102 33.29102297330153
2360.9419613075383 33.29102297330153
2362.725150100067 33.29102297330153
2364.508338892595 33.29102297330153
2366.2915276851236 33.29102297330153
2368.0747164776517 33.29102297330153
2369.8579052701803 33.29102297330153
2371.6410940627084 33.29102297330153
2373.424282855237 33.29102297330153
2375.207471647765 33.29102297330153
2376.9906604402936 33.29102297330153
2378.773849232822 33.29102297330153
2380.5570380253503 33.29102297330153
2382.340226817879 33.29102297330153
2384.123415610407 33.29102297330153
2385.9066044029355 33.29102297330153
2387.6897931954636 33.29102297330153
2389.472981987992 33.29102297330153
2391.2561707805203 33.29102297330153
2393.039359573049 33.29102297330153
2394.822548365577 33.29102297330153
2396.6057371581055 33.29102297330153
2398.3889259506336 33.29102297330153
2400.172114743162 33.29102297330153
2401.9553035356903 33.29102297330153
2403.738492328219 33.29102297330153
2405.5216811207474 33.29102297330153
2407.3048699132755 33.29102297330153
2409.088058705804 33.29102297330153
2410.871247498332 33.29102297330153
2412.6544362908608 33.29102297330153
2414.437625083389 33.29102297330153
2416.2208138759174 33.29102297330153
2418.0040026684455 33.29102297330153
2419.787191460974 33.29102297330153
2421.570380253502 33.29102297330153
2423.3535690460308 33.29102297330153
2425.136757838559 33.29102297330153
2426.9199466310874 33.29102297330153
2428.703135423616 33.29102297330153
2430.486324216144 33.29102297330153
2432.2695130086727 33.29102297330153
2434.052701801201 33.29102297330153
2435.8358905937293 33.29102297330153
2437.6190793862575 33.29102297330153
2439.402268178786 33.29102297330153
2441.185456971314 33.29102297330153
2442.9686457638427 33.29102297330153
2444.751834556371 33.29102297330153
2446.5350233488994 33.29102297330153
2448.3182121414275 33.29102297330153
2450.101400933956 33.29102297330153
2451.8845897264846 33.29102297330153
2453.6677785190127 33.29102297330153
2455.4509673115413 33.29102297330153
2457.2341561040694 33.29102297330153
2459.017344896598 33.29102297330153
2460.800533689126 33.29102297330153
2462.5837224816546 33.29102297330153
2464.3669112741827 33.29102297330153
2466.1501000667113 33.29102297330153
2467.9332888592394 33.29102297330153
2469.716477651768 33.29102297330153
2471.499666444296 33.29102297330153
2473.2828552368246 33.29102297330153
2475.066044029353 33.29102297330153
2476.8492328218813 33.29102297330153
2478.63242161441 33.29102297330153
2480.415610406938 33.29102297330153
2482.1987991994665 33.29102297330153
2483.9819879919946 33.29102297330153
2485.765176784523 33.29102297330153
2487.5483655770513 33.29102297330153
2489.33155436958 33.29102297330153
2491.114743162108 33.29102297330153
2492.8979319546365 33.29102297330153
2494.6811207471646 33.29102297330153
