3.1142297792753144	3.3314193009709086e-05	0.0
4.051079385857283	0.004791425439855755	0.001953125
5.673955488047779	3.356718462673451e-05	0.00390625
19.71810072683377	0.004904057636843157	0.005859375
2.9666491259612755	3.4177343790192e-05	0.0078125
5.200209810153616	0.005136590687241337	0.009765625
12.669480985269487	3.5287076647266445e-05	0.01171875
6.537120002482114	0.005504177920315354	0.013671875
0.5182170560743524	3.6858076971547387e-05	0.015625
10.526163345070486	0.006030007709937639	0.017578125
21.255612480636213	3.900115806570499e-05	0.01953125
15.844630298336279	0.006752801645179522	0.021484375
16.24241573003355	4.186535028242917e-05	0.0234375
20.4319595498711	0.007725231754293737	0.025390625
0.09036258880080995	4.574666276464275e-05	0.02734375
9.056349495353476	0.009027089785025338	0.029296875
6.879900005121154	5.07603861272595e-05	0.03125
4.749665116788442	0.010775442210113235	0.033203125
2.830089466603881	5.766836111586443e-05	0.03515625
1.7639917599854593	0.013143500581894018	0.037109375
10.565605396657062	6.726546772139318e-05	0.0390625
30.487544345459536	0.016399329857705924	0.041015625
49.50781952271033	8.103531695224997e-05	0.04296875
7.950886201158796	0.0209573782269711	0.044921875
1.029872119713397	0.0001013077664002972	0.046875
6.889878979034466	0.02749143013267487	0.048828125
0.1906474243578433	0.00013263256291175187	0.05078125
1.6666904142081749	0.03711946406414211	0.052734375
12.540250413005197	0.0001831279105829759	0.0546875
9.109849303637098	0.05180544136813314	0.056640625
7.806597255437055	0.0002681055784100806	0.05859375
6.786540732678134	0.07513797672337745	0.060546875
2.73616434788978	0.00041983099201094355	0.0625
6.194981591153156	0.11410356780238975	0.064453125
1.091403143754204	0.0007054205573639725	0.06640625
3.078633364756217	0.18333936547306018	0.068359375
1.6603644146213148	0.0012839175450011756	0.0703125
0.6295193189304643	0.316497129839795	0.072265625
2.80571043585021	0.0025665630095173253	0.07421875
2.4153842345638146	0.6005574091246122	0.076171875
3.168743963179139	0.00576538132927816	0.078125
19.08163464771071	1.299279453048306	0.080078125
3.739790308227015	0.015195960186820009	0.08203125
1.3918473823819224	3.4165043282275582	0.083984375
0.09582132610459562	0.05115483059252681	0.0859375
0.47695470490219294	12.40416245458005	0.087890625
0.5194250729626657	0.2662746311193165	0.08984375
7.041288909611874	85.55551308723953	0.091796875
2.2341762353551324	3.855434600084675	0.09375
0.40598199143513247	4285.399727589074	0.095703125
1.0316950854305142	61124.27389695759	0.09765625
0.41296044593845227	21519.20022348576	0.099609375
1.7339191930282976	10.02233135039926	0.1015625
4.126544743863764	142.4490197507156	0.103515625
0.4236121709452986	0.5402174034912047	0.10546875
2.558378402763828	16.409081159251507	0.107421875
13.905514595866418	0.10645699180980897	0.109375
5.9300281624725875	4.059383883916655	0.111328125
12.701110130527889	0.03500868978041287	0.11328125
5.755613596022261	1.4445961920095804	0.115234375
4.225448506007808	0.015360372512727094	0.1171875
0.12658244589676612	0.6367245737614748	0.119140625
0.39477404365925417	0.008239706673420551	0.12109375
8.134429271025166	0.32332933790464613	0.123046875
0.12133074006294736	0.005205886688435481	0.125
15.730150224341138	0.1816433112776584	0.126953125
7.892515613157921	0.0038027162227671	0.12890625
2473.2073537060483	0.11012694202573264	0.130859375
15965.586143505747	0.0031595663910722618	0.1328125
2635.31581544796	0.07088695622185402	0.134765625
3.542291647185105	0.0029251130761933975	0.13671875
8.46246488279957	0.04791052086863069	0.138671875
0.37661734275798353	0.002947190085561366	0.140625
4.075599907076796	0.03373595042051605	0.142578125
0.1630140643018223	0.003162501239094304	0.14453125
12.446210779103907	0.02461369160688952	0.146484375
12.747346241137514	0.0035478785222287533	0.1484375
12.160922546554131	0.01853867800612742	0.150390625
7.75515562074091	0.004112259661482072	0.15234375
3.8549813228167062	0.014380324369057545	0.154296875
3.1536661210057124	0.004884757009505707	0.15625
4.610277036548411	0.011478029279272087	0.158203125
3.793006702847236	0.005915808709357954	0.16015625
3.323251289717332	0.009425966891634427	0.162109375
1.5792385516391378	0.0072881902946905115	0.1640625
0.6290526396532279	0.007977895375918215	0.166015625
14.379533588799543	0.009123253232792717	0.16796875
8.77741152761092	0.006978188176476413	0.169921875
4.989461576237052	0.011606344441976682	0.171875
3.69417573301837	0.006337224911543952	0.173828125
1.6995996720991835	0.015009874228842538	0.17578125
8.541457226298856	0.006003881083019781	0.177734375
10.061490863048427	0.019769993133505245	0.1796875
4.6251818364071084	0.005975233280097687	0.181640625
2.085746744665932	0.02657088701340868	0.18359375
4.720883192821689	0.006288385203283228	0.185546875
0.6009840127503111	0.03654514581205464	0.1875
1.867408716860269	0.007041082216828129	0.189453125
0.8745334881430061	0.05162320856195317	0.19140625
2.768314776209217	0.008427688341346128	0.193359375
1.3742802416208955	0.0752602010002357	0.1953125
1.716617465354862	0.010824620573847185	0.197265625
1.7136553764740396	0.11394516762429613	0.19921875
2.0829037191560786	0.014962217217714473	0.201171875
1.4950622100165274	0.18069030780215772	0.203125
1.7902087743637711	0.022361766621521062	0.205078125
6.415062423963956	0.3036622498265964	0.20703125
3.7231415100083165	0.03643036678005984	0.208984375
1.5108233252782686	0.5501177270100652	0.2109375
7.369542086155259	0.0656866995156958	0.212890625
1.7410515793264483	1.1022899391806458	0.21484375
1275.5748928277476	0.1347102568681711	0.216796875
7998.174371170574	2.547266660308133	0.21875
1399.4831108499754	0.33060108056993426	0.220703125
2.3843408172687557	7.3174342658143114	0.22265625
36.73555361569116	1.0748910016553643	0.224609375
0.24329175295030478	30.54783810954759	0.2265625
0.8117332964250433	5.899085544418542	0.228515625
1.1338800008667629	283.7019178009551	0.23046875
2.2056601055055287	128.1929702267213	0.232421875
0.22887326164553476	63553.37108687187	0.234375
0.9356975229159701	126578.79950517445	0.236328125
3.1227841811106742	5410.02444960633	0.23828125
1.8739818866909348	34.49434063937324	0.240234375
1.8040820172947862	132.039282818569	0.2421875
2.3197588161178357	2.5941677055216577	0.244140625
0.38041991422697996	20.126198973165646	0.24609375
1.0533022120809725	0.502411984371258	0.248046875
0.416503054884981	5.675692463772946	0.25
0.9030708887157541	0.1465798313501633	0.251953125
0.5997780130192896	2.188612226674488	0.25390625
0.12114806891343166	0.05874667366520126	0.255859375
2.593723372279036	1.0207182523465175	0.2578125
6.230217983581048	0.03843445730184669	0.259765625
3.718795056603685	0.5409725390107538	0.26171875
2.7008720013080474	0.04609986765455412	0.263671875
1.5839092916386504	0.3142273465837725	0.265625
1.0100115629041326	0.07928132733234329	0.267578125
0.7385616888232481	0.19538853924405053	0.26953125
0.03402286348051707	0.15978886521684543	0.271484375
1.6771056389004615	0.12780644091447402	0.2734375
1.0737426378905743	0.36603367711158913	0.275390625
0.38599731458526737	0.08650502117605531	0.27734375
2.0411358154343135	1.007557309627408	0.279296875
5.387437235856501	0.059168118882061034	0.28125
0.38337775571669286	3.8158391781677983	0.283203125
1.4977400298452221	0.039238369469958775	0.28515625
0.36574221614507973	27.97780304552228	0.287109375
4.329195075448013	0.06140085010826387	0.2890625
1.3093960998892733	1759.8209681714561	0.291015625
0.12410253382775169	16035.824324845302	0.29296875
1.1687103997354347	3912.0946103532037	0.294921875
0.44151909556897967	0.11728364367796859	0.296875
0.16917389644221684	36.18913246895541	0.298828125
0.5547645545739439	0.01703087033559269	0.30078125
0.26625785203103813	4.43932188238931	0.302734375
0.13658464114259475	0.013034870031538782	0.3046875
0.5630689138491207	1.1333874263795294	0.306640625
0.08834720162770626	0.011483399817394628	0.30859375
0.28329601484648287	0.4132625481931467	0.310546875
0.10033169557607435	0.01023385535222081	0.3125
0.7781227371679972	0.18668817801661575	0.314453125
0.0073541128933121295	0.009198803726269338	0.31640625
0.2885508265272867	0.09757286146391621	0.318359375
0.08386887055177199	0.008365777572679853	0.3203125
0.47076632144779007	0.05684465663324939	0.322265625
0.006280288384779841	0.007719972725164172	0.32421875
1.552095793019669	0.036126811661752314	0.326171875
0.4000801116668946	0.007244076334878368	0.328125
1.0975201741347917	0.024741252118001975	0.330078125
0.1020796856406004	0.0069257667445732475	0.33203125
0.76585158560933	0.018135285061235195	0.333984375
0.8958956716135213	0.006759497703830636	0.3359375
1.3101956088245155	0.014191183861839207	0.337890625
1.5699542622829707	0.006746711838852509	0.33984375
1.8386902674496062	0.011850102954137076	0.341796875
4.178590389039773	0.0069014718644104895	0.34375
1.723116573453873	0.010564435256134094	0.345703125
3.6281079607985123	0.00725358169774609	0.34765625
0.48296141963850325	0.01006063231149874	0.349609375
0.2616581518679454	0.007850347106000133	0.3515625
2.4415568253095934	0.010228069396277597	0.353515625
4.454140068305168	0.008773797902801299	0.35546875
0.5142290508475349	0.011076117555630049	0.357421875
0.7533626368898271	0.010153665596125117	0.359375
0.2742752545861361	0.012739911045514751	0.361328125
0.5191497060250949	0.012210470402693727	0.36328125
1.276747618952113	0.015520307063606579	0.365234375
0.8218547240037566	0.01532084693594474	0.3671875
0.2722708480477787	0.019984677806344456	0.369140625
0.1509212935751651	0.020148836967356507	0.37109375
1.1202852419481473	0.027198338042197588	0.373046875
1.014251945129402	0.027948027366226327	0.375
0.6997693979736872	0.0392228251951111	0.376953125
0.894252488232347	0.04121711390837002	0.37890625
0.8470136197064082	0.06032219597589643	0.380859375
1.1819973705059241	0.06537259577084505	0.3828125
1.353019835813478	0.10008260821146345	0.384765625
4.267726880864233	0.1134136254529755	0.38671875
1.537552671109632	0.18265472207858358	0.388671875
1.2153604547309789	0.22091264446113262	0.390625
2.6928117272174292	0.37869793520274947	0.392578125
0.6258184989757751	0.5044399072521263	0.39453125
0.8401294443668965	0.9445100208714645	0.396484375
0.11988136979719427	1.4617739880103688	0.3984375
0.6510674837791631	3.1722680891400965	0.400390625
2.2168489579201625	6.367518270143638	0.40234375
2.140552857652302	18.824686416416036	0.404296875
0.7600526823761378	67.50188206691934	0.40625
0.9861748150817351	543.7769109795713	0.408203125
1.5146354481336952	42974.46998085361	0.41015625
0.17133868836767546	42963.33389339242	0.412109375
0.8085685865425848	544.7480376758833	0.4140625
0.7761064672337394	67.12005118354392	0.416015625
1.215938768691037	19.018049810990973	0.41796875
0.5839890802571949	6.247212429252018	0.419921875
0.02601264379862255	3.251345410455359	0.421875
0.062484565607118014	1.4031563647509815	0.423828125
1.2950138511847376	0.9872271466473104	0.42578125
1.508753147398147	0.4694800193370713	0.427734375
0.0812542747081766	0.405385254388418	0.4296875
1.374954382186614	0.1974342339405213	0.431640625
0.16642286788576321	0.20087751707282242	0.43359375
1.6576133628927316	0.09635526043583834	0.435546875
1.3581747109228104	0.11327389800226531	0.4375
1.2206259755951978	0.05222904729500806	0.439453125
0.3240285598714734	0.07024204364788253	0.44140625
0.5795541224481707	0.030621781599743388	0.443359375
0.5849736643153551	0.046863503168410585	0.4453125
0.05394654576260119	0.01908500920116874	0.447265625
0.07007887080375985	0.03315311199478632	0.44921875
0.538149417943685	0.01250253424115887	0.451171875
1.1504298651255953	0.024614911876140788	0.453125
0.9026519493089328	0.00853827691665324	0.455078125
1.34114501790555	0.019030770998702103	0.45703125
0.6186318456798803	0.006044062124100789	0.458984375
0.2809915448027638	0.01523629696481786	0.4609375
0.2626051500599776	0.004418343001437923	0.462890625
0.7714294804669684	0.012578448184371465	0.46484375
0.32720605283943005	0.0033278749298281066	0.466796875
2.1486288397393016	0.010667428337724012	0.46875
2.3679443959065143	0.0025779289216027153	0.470703125
1.1448093336397902	0.009271878485647337	0.47265625
0.7249560339140629	0.0020535949812954344	0.474609375
0.7768533386198164	0.008240212196931405	0.4765625
0.45883594824805385	0.001682674719692273	0.478515625
0.8899543468096522	0.007476049745633398	0.48046875
0.6998808551978546	0.001419966898162013	0.482421875
0.1245157128483465	0.006916268926859876	0.484375
0.3025638165821868	0.0012360078557273973	0.486328125
1.3110630159627394	0.006515759363098804	0.48828125
1.0295709794669743	0.0011108153848763051	0.490234375
0.6127276760097016	0.006246798355374591	0.4921875
1.473651123868976	0.0010334808659924546	0.494140625
0.5824844795830434	0.00609214154299024	0.49609375
0.3420599699574184	0.0009964838931544916	0.498046875
0.09506034784128523	0.006041498223042387	0.5
