0.74	0.01	0.25	0.0
0.7396246651861922	0.01027386706752294	0.2501014677462848	0.1001001001001001
0.7392392518112549	0.010555034439796196	0.2502057137489489	0.2002002002002002
0.7388435263762787	0.01084366844839108	0.2503128051753303	0.3003003003003003
0.7384372126049856	0.01113996575013162	0.2504228216448828	0.4004004004004004
0.73802001527698	0.011444136448985705	0.2505358482740343	0.5005005005005005
0.7375916716458777	0.0117563670453667	0.2506519613087556	0.6006006006006006
0.7371519072834244	0.012076852447332271	0.25077124026924347	0.7007007007007008
0.7367004306941674	0.01240579915855315	0.25089377014727965	0.8008008008008008
0.7362369477276532	0.012743415456862387	0.2510196368154846	0.9009009009009009
0.7357611676691262	0.013089907309210768	0.2511489250216632	1.001001001001001
0.7352727737251908	0.013445498172881834	0.2512817281019276	1.1011011011011012
0.7347714582353959	0.013810405288045027	0.25141813647655936	1.2012012012012012
0.7342568998592213	0.014184854994020652	0.25155824514675834	1.3013013013013013
0.7337287732834891	0.014569076319428758	0.25170215039708244	1.4014014014014016
0.7331867443318194	0.014963304211364744	0.25184995145681616	1.5015015015015016
0.7326304734876458	0.015367776910680102	0.25200174960167443	1.6016016016016017
0.7320596153659842	0.015782736345525298	0.25215764828849085	1.7017017017017018
0.731473814731044	0.016208431098311923	0.25231775417064434	1.8018018018018018
0.7308727084851427	0.01664511492391606	0.25248217659094163	1.9019019019019021
0.730255928740335	0.017093044342696605	0.25265102691696883	2.002002002002002
0.7296231024374592	0.01755247893901733	0.2528244186235239	2.1021021021021022
0.7289738477676153	0.018023684165438036	0.2530024680669471	2.2022022022022023
0.7283077759432469	0.018506929954845618	0.25318529410190793	2.3023023023023024
0.727624490634801	0.01900249066380299	0.2533730187013965	2.4024024024024024
0.7269235880255607	0.01951064507806321	0.2535657668963765	2.5025025025025025
0.7262046574880747	0.020031676480593126	0.2537636660313326	2.6026026026026026
0.7254672812522639	0.02056587261819668	0.25396684612953996	2.702702702702703
0.7247110342107554	0.021113525292281672	0.25417544049696345	2.802802802802803
0.7239354839324772	0.021674930387437355	0.25438958568008596	2.902902902902903
0.7231401909035793	0.022250388377908874	0.2546094207185124	3.0030030030030033
0.7223247084102222	0.022840204081190866	0.2548350875085874	3.1031031031031033
0.7214885830511634	0.023444685334364664	0.2550667316144725	3.2032032032032034
0.720631354575345	0.02406414341349688	0.2553045020111588	3.3033033033033035
0.7197525552423963	0.024698894685031086	0.25554855007257316	3.4034034034034035
0.7188517101908525	0.02534925965492834	0.25579903015421984	3.5035035035035036
0.7179283374381612	0.026015562968647155	0.2560560995931922	3.6036036036036037
0.7169819479661272	0.0266981332708967	0.2563199187629767	3.7037037037037037
0.7160120484070732	0.027397298796557053	0.2565906527963704	3.8038038038038042
0.7150181386526947	0.02811339129551809	0.2568684700517879	3.9039039039039043
0.7139997111010511	0.028846747268671164	0.2571535416302785	4.004004004004004
0.7129562514780136	0.02959770661958079	0.25744604190240633	4.104104104104104
0.7118872396840007	0.03036661168127623	0.2577461486347238	4.2042042042042045
0.7107921534227635	0.031153803045450845	0.2580540435317863	4.3043043043043046
0.7096704625261414	0.03195962608539208	0.2583699113884671	4.404404404404405
0.7085216304010242	0.03278442929289288	0.2586939403060835	4.504504504504505
0.7073451144319874	0.033628563815476735	0.2590263217525364	4.604604604604605
0.7061403698057667	0.034492379247034625	0.2593672509471994	4.704704704704705
0.7049068507481553	0.035376222266447405	0.259716926985398	4.804804804804805
0.7036440030736956	0.036280444837682425	0.26007555208862265	4.904904904904905
0.7023512676081798	0.037205400442857015	0.26044333194896385	5.005005005005005
0.701028080507419	0.038151443753005145	0.26082047573957656	5.105105105105105
0.699673881005209	0.03911892268477757	0.26120719631001416	5.205205205205205
0.698288105387017	0.040108184578684564	0.26160371003429916	5.305305305305305
0.6968701848967426	0.04111957834510776	0.2620102367581504	5.405405405405406
0.6954195487546811	0.042153451435441226	0.26242699980987844	5.505505505505506
0.693935629839725	0.04321014436697374	0.262854225793302	5.605605605605606
0.692417857341074	0.04428999780337585	0.26329214485555097	5.705705705705706
0.6908656581541384	0.0453933512096687	0.26374099063619366	5.805805805805806
0.6892784614186113	0.0465205385259606	0.2642010000554289	5.9059059059059065
0.6876557030579428	0.04767188384691966	0.2646724130951383	6.0060060060060065
0.6859968153043626	0.048847711391523295	0.2651554733041149	6.106106106106107
0.6843012306721873	0.0500483417233122	0.26565042760450125	6.206206206206207
0.6825683907493673	0.051274083614122765	0.2661575256365107	6.306306306306307
0.6807977424067835	0.05252523755067063	0.2666770200425467	6.406406406406407
0.6789887318977419	0.05380210119280337	0.2672091669094555	6.506506506506507
0.6771408068599483	0.05510496749434593	0.26775422564570656	6.606606606606607
0.675253440518222	0.05643410279872705	0.2683124566830517	6.706706706706707
0.6733260959372047	0.05778977919163307	0.2688841248711629	6.806806806806807
0.6713582473985121	0.05917225515387516	0.26946949744761345	6.906906906906907
0.6693493771606304	0.060581778562606256	0.27006884427676414	7.007007007007007
0.6672989859826948	0.06201857736336225	0.2706824366539437	7.107107107107107
0.6652065807327301	0.06348287052071676	0.2713105487465538	7.207207207207207
0.66307167992404	0.06497486310380503	0.27195345697215567	7.307307307307307
0.660893815478783	0.06649474479569015	0.27261143972552754	7.407407407407407
0.6586725332008343	0.06804268987465109	0.27328477692451536	7.507507507507508
0.6564073953066621	0.0696188544869544	0.27397375020638426	7.6076076076076085
0.6540979815525113	0.07122337576700147	0.27467864268048797	7.7077077077077085
0.6517438899430853	0.07285637131996325	0.2753997387369521	7.807807807807809
0.6493447332256335	0.07451794287021701	0.2761373239041502	7.907907907907909
0.6469001449702203	0.0762081703746287	0.2768916846551517	8.008008008008009
0.6444097801736182	0.07792711158306069	0.2776631082433218	8.108108108108109
0.6418733157938555	0.07967480170728922	0.2784518824988559	8.208208208208209
0.6392904526588882	0.0814512522867331	0.2792582950543793	8.308308308308309
0.6366609159240773	0.08325645042250843	0.28008263365341496	8.408408408408409
0.6339844561467026	0.08509035785487411	0.28092518599842387	8.508508508508509
0.6312608505936642	0.08695290998595828	0.2817862394203782	8.608608608608609
0.6284899050415659	0.08884401492389749	0.28266608003453736	8.70870870870871
0.6256714545462403	0.09076355255228877	0.28356499290147164	8.80880880880881
0.6228053644144192	0.09271137359467654	0.2844832619909049	8.90890890890891
0.6198915315532081	0.09468729867525262	0.2854211697715399	9.00900900900901
0.6169298854690184	0.09669111808617482	0.2863789964448074	9.10910910910911
0.6139203894998971	0.09872259065686191	0.2873570198432415	9.20920920920921
0.6108630421077829	0.1007814423927133	0.2883555154995045	9.30930930930931
0.6077578779804823	0.10286736584595157	0.2893747561735668	9.40940940940941
0.6046049680564978	0.10498002090989099	0.29041501103361184	9.50950950950951
0.6014044207737602	0.10711903381234038	0.29147654541389995	9.60960960960961
0.5981563846105383	0.10928399420768735	0.29255962118177486	9.70970970970971
0.5948610484682486	0.11147445544442773	0.2936644960873242	9.80980980980981
0.5915186427933625	0.11368993374518105	0.294791423461457	9.90990990990991
0.5881294395191721	0.11592990886728405	0.2959406516135444	10.01001001001001
0.5846937488642702	0.11819382870688694	0.29711242242884345	10.11011011011011
0.5812119261754286	0.12048110130154856	0.29830697252302335	10.21021021021021
0.577684371213211	0.1227910963140265	0.29952453247276306	10.31031031031031
0.5741115286242902	0.1251231450032955	0.30076532637241493	10.41041041041041
0.5704938848339862	0.12747654370311617	0.30202957146289816	10.51051051051051
0.5668319712389825	0.1298505509854745	0.3033174777755435	10.61061061061061
0.5631263663958045	0.13224438583064124	0.30462924777355477	10.710710710710712
0.5593776955406732	0.13465722847219044	0.3059650759871369	10.810810810810812
0.5555866285141545	0.13708822294399184	0.30732514854185417	10.910910910910912
0.5517538756233966	0.1395364817716525	0.30870964260495143	11.011011011011012
0.5478801965439053	0.14200107710574827	0.310118726350347	11.111111111111112
0.5439663976090077	0.1444810439292684	0.3115525584617246	11.211211211211213
0.5400133313859026	0.1469753808470562	0.3130112877670418	11.311311311311313
0.5360218886250799	0.14948305825214586	0.3144950531227747	11.411411411411413
0.5319930057944613	0.15200301139111339	0.3160039828144258	11.511511511511513
0.5279276654971745	0.15453414032490803	0.31753819417791795	11.611611611611613
0.5238268948381848	0.15707531187716153	0.31909779328465426	11.711711711711713
0.5196917600935558	0.15962536500164046	0.3206828749048043	11.811811811811813
0.5155233636016157	0.16218311406583422	0.3222935223325507	11.911911911911913
0.511322852631469	0.1647473409013107	0.32392980646722086	12.012012012012013
0.5070914148318325	0.16731679944002742	0.3255917857281407	12.112112112112113
0.5028302757246015	0.16989021835611998	0.3272795059192791	12.212212212212213
0.4985406911692643	0.1724663082249537	0.32899300060578257	12.312312312312313
0.4942239523572318	0.17504375742441255	0.3307322902183562	12.412412412412413
0.48988138771365686	0.1776212308147182	0.3324973814716255	12.512512512512513
0.4855143588576378	0.18019737375567024	0.33428826738669254	12.612612612612613
0.48112425249731827	0.182770819437763	0.3361049280649193	12.712712712712714
0.47671248102688724	0.1853401888065591	0.33794733016655426	12.812812812812814
0.472280486883915	0.18790408728922117	0.33981542582686436	12.912912912912914
0.4678297372368723	0.1904611097621259	0.34170915300100235	13.013013013013014
0.4633617219244618	0.19300984275376262	0.3436284353217762	13.113113113113114
0.4588779506620883	0.19554886702052587	0.34557318231738643	13.213213213213214
0.4543799490973583	0.19807676066255575	0.34754329024008657	13.313313313313314
0.4498692585242127	0.20059210085681883	0.349538640618969	13.413413413413414
0.4453474322400863	0.20309346701216344	0.3515591007477508	13.513513513513514
0.44081603240187234	0.20557944380486667	0.35360452379326157	13.613613613613614
0.4362766273569172	0.20804862379032016	0.35567474885276323	13.713713713713714
0.43173079976173234	0.2104995996065793	0.35776960063168894	13.813813813813814
0.427180136966691	0.21293097323408058	0.359888889799229	13.913913913913914
0.42262622697834773	0.21534135986415492	0.3620324131574979	14.014014014014014
0.4180706585231714	0.2177293877979112	0.364199953678918	14.114114114114114
0.41351501466957974	0.2200937045343826	0.3663912807960382	14.214214214214214
0.4089608716981459	0.22243297777647852	0.36860615052537615	14.314314314314315
0.40440979862609383	0.22474589578552573	0.370844305588381	14.414414414414415
0.3998633531086579	0.22703117120995978	0.3731054756813829	14.514514514514515
0.39532308255284354	0.22928753972971236	0.3753893777174447	14.614614614614615
0.39079052262667824	0.23151376127913853	0.3776957160941838	14.714714714714715
0.3862671905851593	0.23370862642411885	0.38002418299072244	14.814814814814815
0.3817545851338342	0.23587095618675222	0.38237445867941416	14.914914914914915
0.3772541845512309	0.2379996036887475	0.38474621176002216	15.015015015015017
0.37276744491870967	0.2400934557004654	0.3871390993808255	15.115115115115117
0.36829579762503006	0.2421514345634171	0.38955276781155346	15.215215215215217
0.36384064759840923	0.24417249967006494	0.39198685273152645	15.315315315315317
0.35940337193289085	0.246155648479122	0.39444097958798774	15.415415415415417
0.35498531956737917	0.24809991651214774	0.3969147639204736	15.515515515515517
0.3505878077335521	0.2500043803860078	0.39940781188044067	15.615615615615617
0.34621212098866927	0.2518681583788597	0.4019197206324716	15.715715715715717
0.3418595100201615	0.2536904112262011	0.40445007875363786	15.815815815815817
0.33753119144685406	0.2554703421125255	0.406998466440621	15.915915915915917
0.333228345377176	0.25720719839619965	0.40956445622662485	16.016016016016017
0.3289521145397217	0.2589002720665832	0.4121476133936956	16.116116116116117
0.3247036034302575	0.26054890016450066	0.41474749640524233	16.216216216216218
0.3204838782089013	0.26215246465463177	0.4173636571364675	16.316316316316318
0.31629396525133757	0.2637103931891276	0.41999564155953545	16.416416416416418
0.31213485049911055	0.26522215928011084	0.42264299022077917	16.516516516516518
0.3080074790246869	0.266687282294581	0.42530523868073267	16.616616616616618
0.30391275494363607	0.26810532739628046	0.42798191766008403	16.716716716716718
0.2998515407698443	0.2694759054260678	0.4306725538040884	16.816816816816818
0.29582465709799216	0.2707986726617004	0.433376670240308	16.916916916916918
0.2918328825498076	0.2720733304612687	0.43609378698892426	17.017017017017018
0.28787695372683836	0.2732996248074771	0.43882342146568515	17.117117117117118
0.2839575653075309	0.27447734622146425	0.4415650884710054	17.217217217217218
0.28007537021509427	0.2756063292858275	0.4443183004990789	17.31731731731732
0.27623097979802985	0.27668645117582374	0.447082569026147	17.41741741741742
0.27242496421625856	0.2777176311939391	0.44985740458980294	17.51751751751752
0.26865785289263566	0.27869982985785946	0.4526423172495055	17.61761761761762
0.2649301346878832	0.27963304843559217	0.4554368168765253	17.71771771771772
0.2612422571453022	0.2805173298847111	0.45824041296998735	17.81781781781782
0.25759462908429676	0.28135275494147566	0.46105261597422825	17.91791791791792
0.2539876207791306	0.2821394417838929	0.4638729374369772	18.01801801801802
0.25042156466098187	0.2828775449744364	0.46670089036458245	18.11811811811812
0.2468967560903629	0.2835672543152642	0.46953598959437365	18.21821821821822
0.24341345180648052	0.2842087965965799	0.47237775159694034	18.31831831831832
0.23997187299941833	0.2848024316608394	0.47522569533974296	18.41841841841842
0.23657220661636513	0.2853484506721451	0.4780793427114905	18.51851851851852
0.23321460583799766	0.28584717543484917	0.48093821872715387	18.61861861861862
0.22989919119204846	0.28629895694976776	0.4838018518581845	18.71871871871872
0.22662604973585937	0.2867041761754117	0.48666977408872963	18.81881881881882
0.22339523585419524	0.28706324297631636	0.4895415211694891	18.91891891891892
0.22020677512159312	0.28737659161644563	0.492416633261962	19.01901901901902
0.21706066412612812	0.28764468084548256	0.49529465502839004	19.11911911911912
0.2139568716672272	0.2878679924455114	0.4981751358872621	19.21921921921922
0.2108953391783273	0.28804703062494547	0.5010576301967279	19.31931931931932
0.20787597933646046	0.28818232337527744	0.5039416972882628	19.41941941941942
0.20489868110582668	0.2882744169271633	0.5068269019670107	19.51951951951952
0.2019633097259522	0.2883238756540199	0.5097128146200286	19.61961961961962
0.19906970770903423	0.2883312809052344	0.512599011385732	19.71971971971972
0.19621769588584576	0.28829722979255734	0.5154850743215976	19.81981981981982
0.19340707186088218	0.28822233663886776	0.5183705915002507	19.91991991991992
0.19063761362387552	0.28810722916594506	0.5212551572101801	20.02002002002002
0.18790908084845626	0.28795254706038514	0.5241383720911592	20.12012012012012
0.18522121542756068	0.28775894133281305	0.5270198432396269	20.22022022022022
0.18257374258898723	0.2875270730964247	0.5298991843145887	20.32032032032032
0.17996637048321393	0.2872576138378294	0.5327760156789573	20.42042042042042
0.1773987912113268	0.2869512443046308	0.535649964484043	20.52052052052052
0.1748706836290968	0.28660865168415933	0.5385206646867445	20.62062062062062
0.17238171341685338	0.2862305294434522	0.5413877571396951	20.72072072072072
0.1699315340562451	0.2858175763026153	0.5442508896411402	20.82082082082082
0.16751978733765802	0.28537049564124106	0.5471097170211016	20.92092092092092
0.16514610301677507	0.28488999567988377	0.5499639013033418	21.02102102102102
0.16281010166664944	0.2843767868093158	0.5528131115240354	21.12112112112112
0.16051139488065508	0.2838315813068537	0.5556570238124918	21.22122122122122
0.15824958601327718	0.283255092582875	0.5584953214038484	21.32132132132132
0.15602427091594065	0.2826480344352478	0.5613276946488123	21.421421421421424
0.15383503773227653	0.2820111210461432	0.564153841221581	21.521521521521525
0.1516814685633731	0.28134506554487854	0.566973465891749	21.621621621621625
0.14956314017694058	0.28065057932516485	0.5697862804978953	21.721721721721725
0.14747962449024613	0.27992837155159106	0.5725920039581635	21.821821821821825
0.14543048921828094	0.27917914855213444	0.5753903622295853	21.921921921921925
0.14341529810475656	0.2784036134252761	0.5781810884699679	22.022022022022025
0.14143361160212425	0.27760246545864475	0.5809639229392316	22.122122122122125
0.13948498782721266	0.27677639943987975	0.5837386127329082	22.222222222222225
0.13756898287340957	0.27592610528740213	0.5865049118391888	22.322322322322325
0.13568515132144732	0.27505226760924323	0.5892625810693101	22.422422422422425
0.13383304672653287	0.27415556529288	0.5920113879805877	22.522522522522525
0.13201222182887876	0.27323667102077775	0.594751107150344	22.622622622622625
0.13022222906673184	0.2722962509527136	0.5974815199805551	22.722722722722725
0.12846262119936808	0.27133496449472977	0.6002024143059027	22.822822822822825
0.12673295155314973	0.27035346395202653	0.6029135844948242	22.922922922922925
0.12503277437293578	0.26935239426656465	0.6056148313605001	23.023023023023026
0.12336164515024832	0.2683323927826642	0.608305962067088	23.123123123123126
0.1217191212250451	0.26729408843483304	0.6109867903401224	23.223223223223226
0.120104761953088	0.2662381018026248	0.6136571362442876	23.323323323323326
0.11851812875147445	0.2651650453946857	0.6163168258538403	23.423423423423426
0.11695878548974799	0.2640755232081607	0.6189656913020919	23.523523523523526
0.11542629871757105	0.2629701306021813	0.6216035706802482	23.623623623623626
0.11392023787320066	0.26184945419286604	0.6242303079339339	23.723723723723726
0.11244017598407681	0.2607140709699705	0.6268457530459532	23.823823823823826
0.11098568959372283	0.2595645486153293	0.6294497617909484	23.923923923923926
0.10955635858984425	0.25840144596733816	0.6320421954428181	24.024024024024026
0.10815176657805933	0.25722531262336445	0.6346229207985767	24.124124124124126
0.10677150101137904	0.25603668891572967	0.6371918100728918	24.224224224224226
0.10541515330661122	0.25483610590104266	0.6397487407923467	24.324324324324326
0.10408231960259098	0.25362408446809104	0.6422935959293186	24.424424424424426
0.10277260048198048	0.252401135857293	0.644826263660727	24.524524524524526
0.10148560068319608	0.2511677621891244	0.6473466371276801	24.624624624624627
0.10022092944123605	0.24992445612876293	0.6498546144300016	24.724724724724727
0.09897820054507718	0.248671700933471	0.6523500985214524	24.824824824824827
0.09775703238854087	0.24740997050519914	0.6548329971062605	24.924924924924927
0.09655704869123602	0.24613972857735142	0.6573032227314131	25.025025025025027
0.09537787809828509	0.2448614293418129	0.6597606925599026	25.125125125125127
0.0942191538768154	0.2435755179482168	0.6622053281749684	25.225225225225227
0.0930805141924034	0.2422824302533974	0.6646370555541997	25.325325325325327
0.09196160211535792	0.2409825929154613	0.6670558049691813	25.425425425425427
0.09086206560331292	0.23967642351455926	0.6694615108821284	25.525525525525527
0.08978155824971305	0.23836432973097071	0.6718541120193168	25.625625625625627
0.08871973862307855	0.23704671025093307	0.6742335511259889	25.725725725725727
0.08767627016718345	0.23572395498144122	0.6765997748513759	25.825825825825827
0.08665082134259731	0.23439644496633538	0.6789527336910679	25.925925925925927
0.08564306560156268	0.23306455250462157	0.6812923818938162	26.026026026026027
0.08465268136709304	0.23172864126188783	0.6836186773710196	26.126126126126128
0.08367935261360741	0.2303890656662377	0.6859315817201553	26.226226226226228
0.08272276832641333	0.22904617163223123	0.6882310600413559	26.326326326326328
0.08178262227341604	0.22770029691248958	0.6905170808140948	26.426426426426428
0.08085861317655293	0.22635177097314635	0.6927896158503012	26.526526526526528
0.07995044467114112	0.22500091511887685	0.6950486402099825	26.626626626626628
0.07905782526163312	0.2236480426201593	0.697294132118208	26.726726726726728
0.07818046827454309	0.2222934588418418	0.6995260728836156	26.826826826826828
0.07731809210104201	0.22093746104437037	0.701744446854588	26.926926926926928
0.07647042014886239	0.21958033850954847	0.7039492413415895	27.027027027027028
0.0756371804181824	0.2182223730866118	0.7061404464952062	27.127127127127128
0.07481810568880437	0.21686383904946133	0.7083180552617347	27.227227227227228
0.07401293350051832	0.21550500318399704	0.710482063315485	27.32732732732733
0.07322140613826907	0.21414612486776377	0.7126324689939676	27.42742742742743
0.07244327062320456	0.21278745614062877	0.714769273236167	27.52752752752753
0.07167827830848425	0.21142924227126747	0.7168924794202486	27.62762762762763
0.07092618421828965	0.21007172264531224	0.7190020931363985	27.72772772772773
0.07018674840729032	0.2087151291097944	0.7210981224829156	27.82782782782783
0.0694597353716158	0.20735968676798497	0.7231805778603996	27.92792792792793
0.0687449139752	0.20600561412445256	0.7252494719003478	28.02802802802803
0.06804205741616479	0.2046531231784948	0.7273048194053408	28.12812812812813
0.0673509431973504	0.20330241951115952	0.7293466372914904	28.22822822822823
0.0666713529620935	0.20195370253347777	0.7313749445044291	28.32832832832833
0.066003071730015	0.20060716645729254	0.7333897618126928	28.42842842842843
0.06534588889512402	0.19926299913833942	0.735391111966537	28.52852852852853
0.0646995979182774	0.19792138249341978	0.7373790195883032	28.62862862862863
0.0640639961820877	0.19658249272028452	0.7393535110976281	28.72872872872873
0.06343888494032181	0.1952465004022526	0.741314614657426	28.82882882882883
0.06282406926926476	0.19391357060923126	0.7432623601215044	28.92892892892893
0.06221935800266406	0.19258386301777955	0.7451967789795567	29.02902902902903
0.06162456335070558	0.19125753241863178	0.7471179042306629	29.12912912912913
0.06103950118448247	0.18993472840471265	0.7490257704108052	29.22922922922923
0.060463991001225285	0.18861559545069762	0.7509204135480775	29.32932932932933
0.05989785578538446	0.18730027311963207	0.7528018710949838	29.42942942942943
0.05934092195326171	0.18598889616581155	0.754670181880927	29.52952952952953
0.05879301929892338	0.18468159463512682	0.7565253860659501	29.62962962962963
0.05825398094108255	0.18337849396331712	0.7583675250956007	29.72972972972973
0.05772364315730947	0.18207971521839386	0.760196641624297	29.82982982982983
0.05720184538353603	0.18078537512961326	0.762012779486851	29.929929929929934
0.05668843024630633	0.17949558607359067	0.7638159836801033	30.030030030030034
0.05618324345151318	0.17821045624438925	0.7656063003040979	30.130130130130134
0.055686133731283505	0.17693008974814453	0.7673837765205723	30.230230230230234
0.05519695279212437	0.17565458669546177	0.7691484605124141	30.330330330330334
0.054715555264426584	0.1743840432915024	0.7709004014440713	30.430430430430434
0.05424179860048229	0.1731185519731804	0.7726396494263377	30.530530530530534
0.05377554298534507	0.17185820153332043	0.7743662554813349	30.630630630630634
0.053316651412104704	0.17060307709004366	0.776080271497852	30.730730730730734
0.05286498957452665	0.16935326022592337	0.7777817501995503	30.830830830830834
0.0524204258162051	0.16810882907328215	0.7794707451105132	30.930930930930934
0.051982831082217476	0.1668698583961446	0.7811473105216383	31.031031031031034
0.05155207887199343	0.16563641967005518	0.7828115014579518	31.131131131131134
0.05112804517460151	0.1644085811823022	0.7844633736430967	31.231231231231234
0.050710608362490917	0.16318640818127633	0.7861029834562331	31.331331331331334
0.05029964924559974	0.16196996283309373	0.7877303879213069	31.431431431431434
0.04989505099332481	0.16075930433592944	0.7893456446707461	31.531531531531535
0.04949669908395563	0.15955448900087751	0.7909488119151672	31.631631631631635
0.0491044812606626	0.15835557032440908	0.7925399484149287	31.731731731731735
0.04871828748855496	0.15716259905902136	0.794119113452424	31.831831831831835
0.0483380099045643	0.15597562329053383	0.7956863668049022	31.931931931931935
0.047963542699999015	0.15479468858363787	0.7972417687163634	32.032032032032035
0.04759478218652406	0.1536198379389775	0.7987853798744988	32.132132132132135
0.04723162673914806	0.15245111187550703	0.8003172613853453	32.232232232232235
0.04687397674107367	0.15128854851030626	0.8018374747486204	32.332332332332335
0.04652173454560725	0.15013218362031008	0.8033460818340831	32.432432432432435
0.046174804439190295	0.1489820507022868	0.8048431448585233	32.532532532532535
0.04583309260557958	0.14783818103105276	0.806328726363368	32.632632632632635
0.04549650709120305	0.14670060371591215	0.8078028891928851	32.732732732732735
0.045164957771718424	0.14556934575530958	0.8092656964729724	32.832832832832835
0.04483835625954314	0.14444443215054745	0.8107172115899098	32.932932932932935
0.04451661570736337	0.1433258861240274	0.8121574981686096	33.033033033033036
0.04419965110459505	0.1422137288390652	0.8135866200563402	33.133133133133136
0.04388737912505468	0.14110797957249088	0.8150046413024549	33.233233233233236
0.04357971807651022	0.14000865578385197	0.8164116261396382	33.333333333333336
0.04327658786853092	0.13891577316565415	0.8178076389658153	33.433433433433436
0.04297790998121133	0.13782934569225583	0.8191927443265332	33.533533533533536
0.042683607434778	0.13674938566742253	0.8205670068977998	33.633633633633636
0.04239360476008739	0.13567590377054856	0.8219304914693645	33.733733733733736
0.04210782797002362	0.13460890910155263	0.8232832629284241	33.833833833833836
0.04182620446827667	0.1335484092783954	0.8246253862533283	33.933933933933936
0.041548662997212174	0.13249441050087102	0.8259569265019172	34.034034034034036
0.041275133755555256	0.13144691746968973	0.8272779487747554	34.134134134134136
0.04100554829707833	0.1304059334910044	0.8285885182119176	34.234234234234236
0.04073983950197958	0.12937146051872367	0.8298886999792972	34.334334334334336
0.04047794155026392	0.12834349919464766	0.8311785592550888	34.434434434434436
0.04021978989579967	0.1273220488875666	0.8324581612166341	34.53453453453454
0.03996532124104967	0.12630710773133774	0.833727571027613	34.63463463463464
0.03971447351247515	0.12529867266195568	0.8349868538255695	34.73473473473474
0.03946718583620651	0.12429673945392053	0.8362360747098733	34.83483483483484
0.03922339845732061	0.12330130279630294	0.8374752987463767	34.93493493493494
0.03898305275857585	0.1223123562974353	0.8387045909439891	35.03503503503504
0.03874609127287866	0.12132989249360121	0.8399240162335204	35.13513513513514
0.03851245763082407	0.12035390290354724	0.841133639465629	35.23523523523524
0.03828209653820551	0.11938437806119241	0.8423335254006024	35.33533533533534
0.03805495375403205	0.11842130754754972	0.8435237386984185	35.43543543543544
0.03783097606904585	0.11746468002187871	0.8447043439090757	35.53553553553554
0.03761011128473288	0.11651448325208867	0.8458754054631787	35.63563563563564
0.037392308192819586	0.11557070414441184	0.8470369876627688	35.73573573573574
0.03717751655384444	0.11463332877232049	0.8481891546738354	35.83583583583584
0.036965687058116814	0.11370234240416834	0.8493319705377151	35.93593593593594
0.03675677133084609	0.11277772953157275	0.8504654991375815	36.03603603603604
0.03655072191159994	0.11185947389630019	0.8515898041921002	36.13613613613614
0.03634749223066933	0.11094755851640369	0.8527049492529273	36.23623623623624
0.03614703659076494	0.11004196571190504	0.8538109976973304	36.33633633633634
0.03594931014910394	0.10914267712988093	0.8549080127210155	36.43643643643644
0.03575426889987848	0.108249673768973	0.8559960573311488	36.53653653653654
0.03556186965709691	0.10736293600334057	0.8570751943395628	36.63663663663664
0.03537207003778913	0.10648244360607584	0.8581454863561353	36.73673673673674
0.03518482844509854	0.10560817576704913	0.8592069957878526	36.83683683683684
0.03500010405033148	0.1047401110952854	0.8602597848543835	36.93693693693694
0.034817856780439145	0.10387822767576947	0.8613039155437917	37.03703703703704
0.03463804730151921	0.10302250307934704	0.8623394496191341	37.13713713713714
0.03446063700340909	0.10217291438050013	0.8633664486160911	37.23723723723724
0.03428558798482741	0.10132943817725192	0.864384973837921	37.33733733733734
0.034112863038813036	0.10049205061061434	0.8653950863505729	37.43743743743744
0.03394242563845257	0.09966072738359535	0.8663968469779524	37.53753753753754
0.03377423992288754	0.09883544377978362	0.8673903162973292	37.63763763763764
0.033608270683592296	0.0980161746815277	0.8683755546348804	37.73773773773774
0.033444483354874543	0.09720289457653648	0.8693526220685893	37.83783783783784
0.0332828440043017	0.09639557756503313	0.8703215784306656	37.93793793793794
0.033123319307880844	0.09559419741031777	0.8712824832818018	38.03803803803804
0.03296587654306827	0.09479872753928653	0.8722353959176455	38.13813813813814
0.032810483576735924	0.09400914105751718	0.8731803753657473	38.23823823823824
0.03265710885315145	0.0932254107646287	0.8741174803822203	38.33833833833834
0.032505721382187144	0.09244750916929727	0.875046769448516	38.43843843843844
0.032356290727749835	0.09167540850394437	0.8759683007683062	38.53853853853854
0.032208786996423315	0.09090908073911193	0.8768821322644651	38.63863863863864
0.03206318082632148	0.09014849759752495	0.8777883215761539	38.73873873873874
0.03191944338569704	0.08939363054494251	0.8786869260693608	38.83883883883884
0.03177754635758705	0.08864445081468487	0.8795780028277285	38.93893893893894
0.03163746192009931	0.08790092944279619	0.8804616086371049	39.03903903903904
0.03149916274259281	0.08716303726525819	0.8813377999921493	39.13913913913914
0.0313626219757744	0.08643074492996727	0.8822066330942587	39.23923923923924
0.03122781324197932	0.08570402290843653	0.8830681638495845	39.33933933933934
0.03109471062562845	0.08498284150723581	0.8839224478671361	39.43943943943944
0.030963288663855098	0.08426717087918226	0.884769540456963	39.53953953953954
0.030833522337294115	0.08355698103429436	0.8856094966284119	39.63963963963964
0.030705387062103198	0.08285224184841046	0.8864423710894868	39.73973973973974
0.030578858703697642	0.08215292302931368	0.8872682182669891	39.83983983983984
0.030453913538852937	0.081458994184168	0.8880870922769795	39.93993993993994
0.030330528246844464	0.0807704248300989	0.8888990469230571	40.04004004004004
0.03020867990888991	0.08008718438857043	0.88970413570254	40.14014014014014
0.030088345999999013	0.07940924219472278	0.8905024118052787	40.24024024024024
0.02996950438094956	0.07873656750653503	0.8912939281125158	40.34034034034034
0.02985213329038285	0.07806912951382508	0.8920787371957924	40.44044044044044
0.029736211337011795	0.07740689734709873	0.8928568913158899	40.54054054054054
0.02962171749193495	0.07674984008625989	0.8936284424218056	40.64064064064064
0.029508631081049536	0.0760979267691941	0.8943934421497568	40.74074074074074
0.029396931777556846	0.07545112640023718	0.8951519418222064	40.84084084084084
0.02928659959455308	0.07480940795854123	0.8959039924469061	40.94094094094094
0.029177614877698908	0.07417274040634976	0.8966496447159518	41.04104104104104
0.029069958312292164	0.07354109266925646	0.8973889490184518	41.14114114114114
0.028963610992226288	0.07291443349588134	0.8981219555118928	41.24124124124124
0.02885855427617819	0.07229273173238984	0.8988487139914324	41.34134134134134
0.028754769820659463	0.07167595625228505	0.8995692739270559	41.44144144144144
0.02865223958775075	0.07106407593561016	0.9002836844766395	41.54154154154154
0.028550945838985906	0.07045705967520648	0.900991994485808	41.64164164164164
0.028450871129319377	0.06985487638286335	0.9016942524878178	41.74174174174174
0.028351998301171345	0.06925749499536954	0.9023905067034595	41.84184184184184
0.028254310478545236	0.06866488448047516	0.9030808050409801	41.94194194194194
0.028157791061212148	0.06807701384277362	0.9037651950960147	42.04204204204204
0.028062423718956814	0.0674938521295131	0.9044437241515305	42.14214214214214
0.02796819238587966	0.06691536843634645	0.9051164391777743	42.24224224224224
0.02787508125474953	0.06634153191302944	0.9057833868322215	42.34234234234234
0.027783074771401663	0.06577231176907619	0.9064446134595227	42.44244244244244
0.027692157659319917	0.0652076772246934	0.9071001651159871	42.54254254254254
0.027602314955514153	0.06464759744126142	0.9077500876032248	42.64264264264264
0.027513531880177702	0.06409204175340985	0.9083944263664129	42.74274274274275
0.027425793888042862	0.06354097957149402	0.9090332265404636	42.84284284284285
0.027339086667883324	0.06299438037817989	0.9096665329539373	42.94294294294295
0.027253396137924876	0.062452213732489305	0.9102943901295862	43.04304304304305
0.027168708441313284	0.0619144492737774	0.9109168422849098	43.14314314314315
0.027085009941635294	0.061381056725649225	0.9115339333327159	43.24324324324325
0.027002287218488637	0.06085200589982267	0.9121457068816892	43.34334334334335
0.026920527063096923	0.06032726669994454	0.912752206236959	43.44344344344345
0.02683971647396531	0.0598068091253668	0.9133534744006684	43.54354354354355
0.026759842652572852	0.059290603274890025	0.9139495540725375	43.64364364364365
0.02668089299909739	0.05877861935048086	0.9145404876504222	43.74374374374375
0.026602855108168892	0.05827082766097067	0.9151263172308609	43.84384384384385
0.026525716809254536	0.05776719854669033	0.9157070846440556	43.94394394394395
0.02644946614933152	0.05726770240641179	0.9162828314442572	44.04404404404405
0.026374091319407367	0.05677230982383195	0.9168535988567611	44.14414414414415
0.026299580694568128	0.056280991492896115	0.9174194278125362	44.24424424424425
0.02622592283061661	0.05579371822008127	0.9179803589493025	44.34434434434435
0.0261531064606295	0.055310460926852545	0.9185364326125184	44.44444444444445
0.026081120491555865	0.05483119065207581	0.9190876888563687	44.54454454454455
0.026009954000854003	0.054355878554391245	0.9196341674447552	44.64464464464465
0.02593959623316355	0.05388449591455301	0.9201759078522839	44.74474474474475
0.02587003659700994	0.05341701413774007	0.9207129492652504	44.84484484484485
0.025801264661538096	0.05295340475584323	0.9212453305826191	44.94494494494495
0.025733270153272342	0.052493639429733334	0.9217730904169947	45.04504504504505
0.02566604295289957	0.05203768995151582	0.922296267095585	45.14514514514515
0.025599573093106252	0.05158552824492155	0.9228148986619725	45.24524524524525
0.02553385080189608	0.051137126284109845	0.9233290229139944	45.34534534534535
0.025468866448310715	0.050692456187636084	0.9238386773640536	45.44544544544545
0.025404610526902387	0.050251490242905456	0.9243438992301926	45.54554554554555
0.02534107367544724	0.04981420087100214	0.924844725453551	45.64564564564565
0.02527824667230867	0.049380560628062266	0.9253411926996294	45.74574574574575
0.025216120433832666	0.0489505422066147	0.925833337359553	45.84584584584585
0.025154686011772898	0.04852411843689333	0.9263211955513341	45.94594594594595
0.025093934590743362	0.04810126228812446	0.9268048031211326	46.04604604604605
0.02503385748569631	0.04768194686979281	0.9272841956445113	46.14614614614615
0.024974446139423293	0.04726614543288999	0.9277594084276871	46.24624624624625
0.024915692120077035	0.046853831371148735	0.9282304765087745	46.34634634634635
0.024857587118711926	0.04644497822226687	0.9286974346590215	46.44644644644645
0.024800122946840933	0.04603955966912427	0.9291603173840352	46.54654654654655
0.024743291538311472	0.045637549534045356	0.9296191589276435	46.64664664664665
0.024687084983260395	0.04523892172127965	0.9300739932954603	46.74674674674675
0.024631495468011064	0.04484365031138722	0.9305248542206019	46.84684684684685
0.02457651528479771	0.044451709542886526	0.930971775172316	46.94694694694695
0.024522136838109363	0.04406307379938057	0.9314147893625103	47.04704704704705
0.02446835264269008	0.04367771761017641	0.9318539297471338	47.14714714714715
0.024415155321563065	0.043295615650885765	0.9322892290275514	47.24724724724725
0.024362537604077066	0.04291674274400953	0.9327207196519136	47.34734734734735
0.024310492323973434	0.04254107385950867	0.9331484338165181	47.44744744744745
0.02425901241747222	0.04216858411536431	0.9335724034671637	47.54754754754755
0.02420809092137567	0.04179924877812944	0.9339926603004951	47.64764764764765
0.02415772097118757	0.04143304326347504	0.9344092357653376	47.74774774774775
0.02410789579924674	0.041069943136733233	0.9348221610640203	47.84784784784785
0.024058608732873098	0.04070992411343991	0.9352314671536872	47.94794794794795
0.02400985320024051	0.040352962046261175	0.9356371847534986	48.04804804804805
0.023961622747179376	0.039999032892649694	0.9360393443601711	48.14814814814815
0.023913910991773688	0.03964811279231664	0.9364379762159099	48.24824824824825
0.023866711639977972	0.039300178037022904	0.9368331103229993	48.34834834834835
0.023820018486393892	0.038955205066584425	0.9372247764470218	48.44844844844845
0.023773825412740857	0.03861317046896827	0.9376130041182911	48.54854854854855
0.02372812638634447	0.03827405098037737	0.9379978226332784	48.64864864864865
0.02368291545864158	0.03793782348532598	0.9383792610560326	48.74874874874875
0.0236381867637008	0.037604465016707625	0.9387573482195918	48.84884884884885
0.0235939345167573	0.03727395275585743	0.9391321127273855	48.94894894894895
0.02355015301276065	0.036946264032610754	0.9395035829546288	49.04904904904905
0.0235068366249346	0.03662137632535983	0.9398717870497058	49.14914914914915
0.023463979803347555	0.03629926726111047	0.9402367529355422	49.24924924924925
0.0234215770734926	0.03597991461554052	0.940598508310967	49.34934934934935
0.02337962304566331	0.03566329629516897	0.9409570806591678	49.44944944944945
0.02333811241568664	0.03534939033387844	0.941312497250435	49.54954954954955
0.02329703993823153	0.03503817493494381	0.9416647851268247	49.64964964964965
0.02325640043944454	0.03472962844784623	0.9420139711127093	49.74974974974975
0.02321618881600863	0.03442372936762434	0.9423600818163671	49.84984984984985
0.023176400033966687	0.03412045633463266	0.9427031436314007	49.94994994994995
0.023137029127558557	0.0338197881342946	0.9430431827381469	50.050050050050054
0.023098071198070762	0.03352170369685128	0.943380225105078	50.150150150150154
0.023059521412698014	0.033226182097107565	0.9437142964901946	50.250250250250254
0.023021375003415657	0.03293320255417663	0.9440454224424079	50.350350350350354
0.02298362726586221	0.032642744431224315	0.9443736283029136	50.450450450450454
0.022946273558231103	0.03235478723521475	0.9446989392065542	50.550550550550554
0.022909309300170783	0.03206931061665845	0.9450213800831708	50.650650650650654
0.02287272997180746	0.03178629436917244	0.9453409756590202	50.750750750750754
0.022836531130433244	0.03150571839963024	0.9456577504699366	50.850850850850854
0.02280070839230058	0.031227562756452668	0.9459717288512468	50.950950950950954
0.022765257421212715	0.03095180764659399	0.9462829349321934	51.051051051051054
0.022730173938276466	0.030678433417292636	0.946591392644431	51.151151151151154
0.022695453720938327	0.030407420555689176	0.9468971257233726	51.251251251251254
0.022661092602027852	0.03013874968844783	0.9472001577095244	51.351351351351354
0.022627086468807636	0.029872401581382622	0.9475005119498099	51.451451451451454
0.02259343126202905	0.02960835713908942	0.9477982115988817	51.551551551551555
0.022560122974993043	0.0293465974045849	0.9480932796204221	51.651651651651655
0.022527157652615246	0.029087103558953695	0.9483857387884311	51.751751751751755
0.02249453139049458	0.02882985692100483	0.9486756116885007	51.851851851851855
0.022462240333984664	0.028574838946938567	0.9489629207190768	51.951951951951955
0.022430280677267246	0.02832203123002489	0.949247688092708	52.052052052052055
0.02239864866242691	0.028071415500294707	0.9495299358372785	52.152152152152155
0.022367340578526275	0.027822973624244973	0.9498096857972289	52.252252252252255
0.022336352760680994	0.02757668760455885	0.9500869596347603	52.352352352352355
0.02230568158913373	0.027332539579842104	0.9503617788310242	52.452452452452455
0.022275323508008357	0.027090511790988137	0.9506341647010036	52.552552552552555
0.022245275043230126	0.02685058654897224	0.9509041384077976	52.652652652652655
0.022215532727577376	0.026612746360202805	0.9511717209122199	52.752752752752755
0.02218609313602913	0.026376973864779656	0.9514369329991913	52.852852852852855
0.022156952887125526	0.02614325183242236	0.9516997952804521	52.952952952952955
0.02212810864227218	0.025911563161900256	0.9519603281958275	53.053053053053056
0.022099557105050127	0.025681890880466626	0.9522185520144832	53.153153153153156
0.02207129502053092	0.025454218143297656	0.9524744868361714	53.253253253253256
0.022043319174596305	0.025228528232936937	0.9527281525924668	53.353353353353356
0.02201562639326207	0.025004804558746267	0.9529795690479917	53.453453453453456
0.02198821354200542	0.024783030656363395	0.9532287558016312	53.553553553553556
0.021961077525095553	0.02456319018716754	0.953475732287737	53.653653653653656
0.021934215284926773	0.024345266937753293	0.9537205177773199	53.753753753753756
0.02190762380135375	0.02412924481941372	0.9539631313792326	53.853853853853856
0.02188130009102836	0.02391510786763334	0.9542035920413383	53.953953953953956
0.021855241206737656	0.02370284024159174	0.9544419185516706	54.054054054054056
0.021829444236742386	0.02349242622367848	0.9546781295395792	54.154154154154156
0.02180390630742431	0.023283850213853527	0.9549122434787222	54.254254254254256
0.02177862460958809	0.023077096687082004	0.95514427870333	54.354354354354356
0.021753596352193233	0.022872150264102463	0.9553742533837043	54.454454454454456
0.02172881877209736	0.022668995694742778	0.9556021855331599	54.55455455455456
0.021704289140103077	0.02246761784702027	0.9558280930128766	54.65465465465466
0.021680004760436328	0.022268001706510696	0.956051993533053	54.75475475475476
0.021655962970228797	0.02207013237572277	0.9562739046540485	54.85485485485486
0.021632161139004086	0.02187399507347865	0.9564938437875173	54.95495495495496
0.02160859666816718	0.021679575134300914	0.956711828197532	55.05505505505506
0.021585266990496996	0.021486858007806527	0.9569278750016965	55.15515515515516
0.021562169569641534	0.021295829258108252	0.9571420011722502	55.25525525525526
0.02153930189961537	0.02110647456322402	0.9573542235371606	55.35535535535536
0.02151666150429908	0.020918779714494764	0.9575645587812062	55.45545545545546
0.021494245936940267	0.020732730616011167	0.9577730234470486	55.55555555555556
0.021472052779655845	0.020548313284049862	0.9579796339362943	55.65565565565566
0.02145007964293521	0.020365513846519533	0.9581844065105453	55.75575575575576
0.02142832416514394	0.020184318542417447	0.9583873572924386	55.85585585585586
0.021406784012085105	0.02000471372120126	0.9585885022667137	55.95595595595596
0.021385456894865963	0.0198266858116774	0.9587878572934567	56.05605605605606
0.02136434055334604	0.019650221348237663	0.9589854380984164	56.15615615615616
0.021343432742278158	0.019475306992620588	0.9591812602651013	56.25625625625626
0.021322731243149044	0.01930192951287131	0.9593753392439798	56.35635635635636
0.02130223386379048	0.019130075782685007	0.9595676903535246	56.45645645645646
0.021281938437993874	0.018959732780755186	0.959758328781251	56.55655655655656
0.021261842825128028	0.01879088759012728	0.9599472695847447	56.65665665665666
0.021241944909759832	0.018623527397557682	0.9601345276926826	56.75675675675676
0.021222242601277724	0.018457639492878666	0.9603201179058437	56.85685685685686
0.021202733833517593	0.01829321126836938	0.9605040548981131	56.95695695695696
0.021183416564390944	0.018130230218133286	0.9606863532174759	57.05705705705706
0.021164288775515048	0.017968683937482282	0.9608670272870028	57.15715715715716
0.021145348471844894	0.017808560122327878	0.9610460914058273	57.25725725725726
0.021126593681306642	0.017649846568579652	0.9612235597501138	57.35735735735736
0.02110802245443239	0.017492531171551327	0.9613994463740163	57.45745745745746
0.02108963286399598	0.017336601925374777	0.9615737652106293	57.55755755755756
0.021071423004649627	0.0171820469224222	0.9617465300729282	57.65765765765766
0.02105339099755707	0.017028854344208796	0.9619177546582341	57.75775775775776
0.021035534996193213	0.016877012450313575	0.9620874525534933	57.85785785785786
0.021017853165038267	0.01672650961357861	0.9622556372213832	57.95795795795796
0.021000343689085453	0.01657733430271869	0.9624223220081959	58.05805805805806
0.020983004774246188	0.016429475080478016	0.9625875201452758	58.15815815815816
0.020965834647055957	0.01628292060298964	0.9627512447499544	58.25825825825826
0.020948831554382596	0.016137659619139596	0.9629135088264779	58.35835835835836
0.02093199376313688	0.015993680969935937	0.9630743252669272	58.45845845845846
0.02091531955998514	0.015850973587882868	0.963233706852132	58.55855855855856
0.020898807251063856	0.015709526496360093	0.9633916662525761	58.65865865865866
0.020882455161695998	0.015569328809007639	0.9635482160292964	58.75875875875876
0.020866261636108944	0.015430369729116261	0.9637033686347748	58.85885885885886
0.02085022503715384	0.015292638549023673	0.9638571364138225	58.95895895895896
0.020834343746026187	0.015156124649516727	0.9640095316044571	59.05905905905906
0.020818616161987546	0.015020817499239775	0.9641605663387727	59.15915915915916
0.020803040702088153	0.014886706654109343	0.9643102526438025	59.25925925925926
0.020787615800890263	0.014753781756735331	0.9644586024423745	59.35935935935936
0.020772339911188337	0.014622032534691102	0.9646056275541206	59.45945945945946
0.020757211513316297	0.0144914487888109	0.9647513396978729	59.55955955955956
0.020742229099303913	0.014362020410725235	0.9648957504899709	59.65965965965966
0.020727391175646172	0.014233737378771368	0.9650388714455825	59.75975975975976
0.02071269626559584	0.01410658975446529	0.9651807139799389	59.85985985985987
0.020698142908939076	0.013980567681906255	0.9653212894091547	59.95995995995997
0.02068372966177303	0.01385566138718619	0.9654606089510408	60.06006006006007
0.02066945509628538	0.013731861177804235	0.9655986837259104	60.16016016016017
0.020655317800535623	0.013609157442086425	0.965735524757378	60.26026026026027
0.020641316378238073	0.013487540648610675	0.9658711429731514	60.36036036036037
0.02062744944854636	0.013367001345637187	0.9660055492058165	60.46046046046047
0.02061371564583944	0.013247530160544389	0.9661387541936162	60.56056056056057
0.020600113619508857	0.013129117799270531	0.9662707685812206	60.66066066066067
0.020586642033747275	0.013011755045761065	0.9664016029204917	60.76076076076077
0.020573299567338048	0.012895432761421898	0.9665312676712401	60.86086086086087
0.020560084913445825	0.012780141884578693	0.9666597732019755	60.96096096096097
0.020546996779407956	0.01266587342994227	0.9667871297906498	61.06106106106107
0.020534033886531276	0.012552618488071715	0.966913347625397	61.16116116116117
0.020521194974811332	0.012440368215631907	0.9670384368095568	61.26126126126127
0.020508478798911104	0.012329113842017672	0.9671624073590713	61.36136136136137
0.0204958841235432	0.012218846677101682	0.9672852691993552	61.46146146146147
0.020483409726935638	0.012109558103860085	0.9674070321692043	61.56156156156157
0.020471054400657378	0.01200123957781861	0.967527706021524	61.66166166166167
0.02045881694944533	0.011893882626502837	0.9676473004240519	61.76176176176177
0.020446696191032912	0.011787478848892682	0.9677658249600745	61.86186186186187
0.02043469095597996	0.011682019914881131	0.967883289129139	61.96196196196197
0.020422800087503946	0.011577497564737324	0.9679997023477588	62.06206206206207
0.020411022441312425	0.011473903608574022	0.9681150739501136	62.16216216216217
0.020399356885436648	0.011371229925819513	0.9682294131887439	62.26226226226227
0.020387802300066184	0.011269468464694036	0.9683427292352398	62.36236236236237
0.020376357577384558	0.011168611241690753	0.9684550311809247	62.46246246246247
0.02036502162140578	0.011068650341061354	0.968566328037533	62.56256256256257
0.020353793347811643	0.010969577914306345	0.9686766287378821	62.66266266266267
0.020342671683789795	0.010871386179670069	0.9687859421365402	62.76276276276277
0.020331655567872427	0.010774067421640526	0.9688942770104871	62.86286286286287
0.020320743947235684	0.010677613991023509	0.9690016420617409	62.96296296296297
0.02030993579805879	0.010582018291807625	0.9691080459101337	63.06306306306307
0.02029923008814771	0.010487272805178815	0.9692134971066735	63.16316316316317
0.020288625802189177	0.01039337007320828	0.9693180041246026	63.26326326326327
0.02027812193568129	0.010300302701481561	0.9694215753628371	63.36336336336337
0.020267717494804424	0.010208063358599109	0.9695242191465965	63.46346346346347
0.020257411496292572	0.01011664477568128	0.9696259437280261	63.56356356356357
0.02024720296730506	0.010026039745877777	0.9697267572868172	63.66366366366367
0.020237090945298658	0.00993624112388148	0.9698266679308198	63.76376376376377
0.02022707447790012	0.009847241825446745	0.9699256836966532	63.86386386386387
0.020217152622779108	0.009759034826912094	0.9700238125503088	63.96396396396397
0.020207324447521508	0.009671613164727344	0.9701210623877512	64.06406406406407
0.020197589029503166	0.009584969934985171	0.9702174410355117	64.16416416416416
0.020187945455764016	0.00949909829295706	0.970312956251279	64.26426426426427
0.020178392822882606	0.009413991452633773	0.9704076157244836	64.36436436436436
0.020168930236851033	0.00932964268627009	0.9705014270768789	64.46446446446447
0.02015955681295027	0.00924604532393416	0.9705943978631156	64.56456456456456
0.020150271676108028	0.009163192752442822	0.9706865355714492	64.66466466466467
0.0201410739660863	0.009081078408108597	0.9707778476258052	64.76476476476476
0.020131962828465744	0.008999695787705183	0.9708683413838292	64.86486486486487
0.020122937416161984	0.008919038445932208	0.9709580241379059	64.96496496496496
0.02011399689091481	0.008839099992919546	0.9710469031161657	65.06506506506507
0.020105140423173247	0.00875987409379379	0.971134985483033	65.16516516516516
0.020096367191981206	0.008681354468248758	0.9712222783397702	65.26526526526527
0.02008767638486369	0.008603534890120433	0.9713087887250159	65.36536536536536
0.020079067197713536	0.008526409186965934	0.9713945236153206	65.46546546546547
0.020070538834678745	0.008449971239646888	0.9714794899256745	65.56556556556556
0.020062090508050325	0.008374214981916869	0.9715636945100329	65.66566566566567
0.02005372143815073	0.00829913440001323	0.9716471441618361	65.76576576576576
0.02004543085322283	0.008224723532252998	0.9717298456145242	65.86586586586587
0.020037217989319418	0.008150976468633157	0.9718118055420475	65.96596596596596
0.020029082090193336	0.008077887350435001	0.9718930305593717	66.06606606606607
0.02002102240718808	0.008005450369832873	0.9719735272229791	66.16616616616616
0.02001303819912901	0.007933659769506976	0.9720533020313641	66.26626626626627
0.020005128732215095	0.00786250984226057	0.9721323614255244	66.36636636636636
0.019997293279911222	0.007791994930641234	0.9722107117894476	66.46646646646647
0.01998953112284104	0.007722109426566522	0.9722883594505926	66.56656656656656
0.019981841548680403	0.0076528477709536845	0.972365310680366	66.66666666666667
0.0199742238520513	0.007584204453353773	0.972441571694595	66.76676676676676
0.019966677334416417	0.007516174011589824	0.9725171486539939	66.86686686686687
0.01995920131334165	0.007448751017979141	0.9725920476686792	66.96696696696696
0.019951795120748416	0.007381930081334277	0.9726662747979173	67.06706706706707
0.019944458082922133	0.00731570587510609	0.9727398360419719	67.16716716716716
0.019937189532853623	0.007250073119210043	0.9728127373479364	67.26726726726727
0.01992998881030862	0.007185026579438979	0.9728849846102525	67.36736736736736
0.019922855261747138	0.007120561067095818	0.9729565836711571	67.46746746746747
0.019915788240243863	0.007056671438629997	0.9730275403211263	67.56756756756756
0.019908787105409553	0.006993352595277359	0.9730978602993131	67.66766766766767
0.019901851223313415	0.006930599482703758	0.9731675492939829	67.76776776776777
0.019894979966406497	0.006868407090652131	0.9732366129429415	67.86786786786787
0.019888172713446076	0.006806770452593289	0.9733050568339607	67.96796796796797
0.01988142884942105	0.006745684645380165	0.9733728865051988	68.06806806806807
0.019874747765478342	0.006685144788905776	0.9734401074456159	68.16816816816817
0.01986812885885026	0.006625146045764659	0.9735067250953852	68.26826826826827
0.019861571532782923	0.006565683620918001	0.9735727448462992	68.36836836836838
0.019855075196465635	0.006506752761362296	0.9736381720421722	68.46846846846847
0.01984863926496128	0.006448348755801574	0.9737030119792373	68.56856856856858
0.019842263159137723	0.00639046693432331	0.9737672699065391	68.66866866866867
0.0198359463056002	0.006333102668077801	0.9738309510263221	68.76876876876878
0.019829688136624724	0.00627625136896126	0.9738940604944141	68.86886886886887
0.01982348809009245	0.006219908489302372	0.9739566034206053	68.96896896896898
0.019817345609425115	0.006164069521552563	0.9740185848690224	69.06906906906907
0.019811260144144506	0.00610872999555563	0.9740800098603	69.16916916916918
0.019805231154230007	0.0060538854610493065	0.9741408833847208	69.26926926926927
0.019799258101832924	0.005999531519360732	0.9742012103788065	69.36936936936938
0.01979334045341965	0.005945663814537665	0.9742609957320428	69.46946946946947
0.019787477680822747	0.005892278028735616	0.9743202442904417	69.56956956956958
0.019781669261188777	0.005839369881904661	0.9743789608569067	69.66966966966967
0.019775914676927256	0.0057869351314791895	0.9744371501915937	69.76976976976978
0.019770213415660747	0.00573496957207085	0.9744948170122685	69.86986986986987
0.01976456497017611	0.00568346903516444	0.9745519659946595	69.96996996996998
0.019758968838376842	0.005632429388816971	0.9746086017728063	70.07007007007007
0.019753424523236602	0.005581846537359706	0.9746647289394038	70.17017017017018
0.019747931532753827	0.005531716421103353	0.9747203520461429	70.27027027027027
0.019742489379907517	0.0054820350160462335	0.9747754756040464	70.37037037037038
0.01973709758261414	0.005432798333585617	0.9748301040838003	70.47047047047047
0.01973175566368566	0.0053840024202320225	0.9748842419160825	70.57057057057058
0.01972646315078873	0.005335643357326681	0.9749378934918848	70.67067067067067
0.01972121957640498	0.005287717260761975	0.9749910631628331	70.77077077077078
0.019716024477792502	0.005240220280705039	0.9750437552415026	70.87087087087087
0.019710877396948375	0.005193148601324326	0.9750959740017274	70.97097097097098
0.01970577788057243	0.005146498440519346	0.9751477236789083	71.07107107107107
0.01970072548003208	0.005100266049653368	0.9751990084703147	71.17117117117118
0.01969571975132829	0.005054447713289291	0.9752498325353826	71.27127127127127
0.019690760255062736	0.005009039748928476	0.9753001999960089	71.37137137137138
0.019685846550361194	0.004964038498213229	0.9753501149514257	71.47147147147147
0.01968097819825741	0.00491944033149537	0.9753995814702473	71.57157157157158
0.019676154770330453	0.004875241659828029	0.9754486035698416	71.67167167167167
0.01967137584241348	0.004831438925869116	0.9754971852317175	71.77177177177178
0.019666640994544328	0.00478802860360428	0.9755453304018514	71.87187187187187
0.019661949810927684	0.004745007198087489	0.9755930429909849	71.97197197197198
0.019657301879898094	0.004702371245184442	0.9756403268749175	72.07207207207207
0.019652696793883904	0.004660117311318601	0.9756871858947976	72.17217217217218
0.01964813414937207	0.004618241993220049	0.9757336238574079	72.27227227227228
0.019643613546873873	0.004576741917676965	0.9757796445354493	72.37237237237238
0.0196391345908915	0.004535613741289927	0.9758252516678186	72.47247247247248
0.01963469688988555	0.004494854150228833	0.9758704489598857	72.57257257257258
0.019630300056243406	0.004454459859992653	0.9759152400837641	72.67267267267268
0.01962594370624851	0.004414427615171793	0.9759596286785798	72.77277277277278
0.01962162746005053	0.004374754189213293	0.9760036183507362	72.87287287287288
0.01961735094163641	0.004335436384188642	0.976047212674175	72.97297297297298
0.019613113778802316	0.004296471030564407	0.9760904151906333	73.07307307307308
0.019608915603126477	0.004257854986975512	0.9761332294098981	73.17317317317318
0.019604756049942912	0.004219585140001303	0.9761756588100559	73.27327327327328
0.019600634758316048	0.004181658403944271	0.9762177068377398	73.37337337337338
0.019596551371016242	0.004144071720611571	0.9762593769083723	73.47347347347348
0.01959250553449616	0.004106822059099183	0.9763006724064047	73.57357357357358
0.01958849689728936	0.00406990641331429	0.9763415966893965	73.67367367367368
0.019584525102607834	0.004033321791177872	0.9763821531062143	73.77377377377378
0.019580589803749587	0.003997065236548268	0.9764223449597023	73.87387387387388
0.01957669065891208	0.003961133821605172	0.9764621755194829	73.97397397397398
0.019572827329626147	0.003925524644428525	0.9765016480259454	74.07407407407408
0.019568999480726018	0.0038902348287821863	0.9765407656904919	74.17417417417418
0.019565206780319994	0.003855261523900071	0.97657953169578	74.27427427427428
0.019561448899761743	0.0038206019042745657	0.9766179491959638	74.37437437437438
0.019557725513622292	0.0037862531694474056	0.9766560213169304	74.47447447447448
0.019554036299662618	0.003752212543802839	0.9766937511565347	74.57457457457458
0.019550380938806906	0.003718477276363244	0.9767311417848299	74.67467467467468
0.019546759115116455	0.0036850446405870393	0.9767681962442966	74.77477477477478
0.019543170515764225	0.0036519119341690428	0.9768049175500668	74.87487487487488
0.019539614831010035	0.0036190764788431276	0.976841308690147	74.97497497497498
0.0195360917541764	0.0035865356201873234	0.9768773726256363	75.07507507507508
0.019532600981625025	0.003554286727431216	0.9769131122909438	75.17517517517518
0.019529142212733944	0.0035223271932657944	0.9769485305940003	75.27527527527528
0.019525715149875285	0.0034906544336555908	0.9769836304164692	75.37537537537538
0.019522319498393725	0.0034592658876532734	0.9770184146139531	75.47547547547548
0.019518954966585535	0.0034281590172165312	0.977052886016198	75.57557557557558
0.01951562126567833	0.003397331307027407	0.9770870474272944	75.67567567567568
0.019512318109811414	0.003366780264313929	0.9771209016258747	75.77577577577578
0.019509045216012127	0.003336503418665436	0.9771544513653226	75.87587587587588
0.01950580229929614	0.0033064983127497997	0.9771876993879542	75.97597597597598
0.019502589076944656	0.0032767625101569695	0.9772206484128986	76.07607607607608
0.019499405272720267	0.0032472936031292038	0.9772533011241507	76.17617617617618
0.019496250613043293	0.0032180892052898497	0.9772856601816671	76.27627627627628
0.01949312482696801	0.003189146951464201	0.9773177282215679	76.37637637637638
0.019490027646159296	0.003160464497502476	0.9773495078563383	76.47647647647648
0.019486958804869836	0.003132039520104784	0.9773810016750255	76.57657657657658
0.019483918039917718	0.0031038697166482173	0.9774122122434342	76.67667667667668
0.019480905090664566	0.0030759528050159288	0.9774431421043197	76.77677677677679
0.019477919698994123	0.0030482865234283335	0.9774737937775777	76.87687687687688
0.019474961609291325	0.003020868630276298	0.9775041697604325	76.97697697697699
0.01947203056842184	0.0029936969039564545	0.9775342725276218	77.07707707707708
0.019469126325712093	0.0029667691427084993	0.9775641045315796	77.17717717717719
0.019466248632929763	0.0029400831644546188	0.9775936682026158	77.27727727727728
0.019463397244264758	0.002913636806640901	0.9776229659490945	77.37737737737739
0.019460571916310673	0.0028874279260808692	0.9776520001576087	77.47747747747748
0.019457772408046706	0.0028614543988010085	0.9776807731931525	77.57757757757759
0.019454998480820093	0.002835714119888407	0.9777092873992916	77.67767767767768
0.019452249898328954	0.0028102050033403966	0.9777375450983308	77.77777777777779
0.019449526426605693	0.002784924981916304	0.9777655485914781	77.87787787787788
0.019446827834000806	0.0027598720069912028	0.9777933001590081	77.97797797797799
0.01944415389116722	0.002735044048411775	0.9778208020604212	78.07807807807808
0.019441504370009258	0.0027104390917538847	0.977848056538237	78.17817817817819
0.019438879040497827	0.0026860551302242183	0.9778750658292781	78.27827827827828
0.019436277678290627	0.0026618901836880453	0.9779018321380215	78.37837837837839
0.019433700061728055	0.0026379422910263193	0.9779283576472457	78.47847847847848
0.019431145971260583	0.002614209508597604	0.9779546445201419	78.57857857857859
0.01942861518943012	0.002590689910091711	0.9779806949004783	78.67867867867868
0.01942610750085176	0.00256738158638503	0.9780065109127634	78.77877877877879
0.01942362269219587	0.0025442826453976686	0.9780320946624066	78.87887887887888
0.019421160552170528	0.0025213912119522886	0.9780574482358774	78.97897897897899
0.01941872087150433	0.0024987054276347483	0.978082573700861	79.07907907907908
0.019416303442929557	0.002476223450656446	0.9781074731064141	79.17917917917919
0.01941390806116568	0.002453943455718464	0.978132148483116	79.27927927927928
0.019411534522903236	0.002431863633877418	0.9781566018432195	79.37937937937939
0.019409182626788056	0.0024099821924131047	0.978180835180799	79.47947947947948
0.019406852173405844	0.002388297354697858	0.9782048504718964	79.57957957957959
0.01940454296526713	0.0023668073600676973	0.9782286496746653	79.67967967967968
0.019402254806792554	0.00234551046369519	0.9782522347295124	79.77977977977979
0.019399987504298524	0.0023244049364641054	0.9782756075592375	79.87987987987988
0.01939774086598322	0.002303489064845779	0.9782987700691711	79.97997997997999
0.01939551470191297	0.0022827611507772734	0.9783217241473099	80.08008008008008
0.019393308824008963	0.0022622195115412445	0.9783444716644499	80.18018018018019
0.01939112304603433	0.0022418624796476092	0.9783670144743182	80.28028028028028
0.019388957183547734	0.0022216884026092284	0.9783893544138432	80.38038038038039
0.019386811050267346	0.0022016956312946173	0.9784114933184382	80.48048048048048
0.01938468446223602	0.002181882533107853	0.9784334330046562	80.58058058058059
0.0193825772394406	0.002162247497067051	0.9784551752634925	80.68068068068068
0.019380489203573662	0.0021427889266071917	0.9784767218698193	80.78078078078079
0.019378420178019592	0.0021235052394623193	0.9784980745825183	80.88088088088088
0.01937636998784096	0.0021043948675492693	0.9785192351446099	80.98098098098099
0.019374338459765203	0.002085456256853015	0.9785402052833819	81.08108108108108
0.01937232542217162	0.0020666878673135476	0.978560986710515	81.18118118118119
0.019370330705078632	0.002048088172714373	0.9785815811222072	81.28128128128128
0.01936835414013138	0.002029655660572544	0.9786019901992963	81.38138138138139
0.0193663955605896	0.0020113888320303073	0.9786222156073803	81.48148148148148
0.019364454801315812	0.001993286201748285	0.978642258996936	81.58158158158159
0.019362531698763803	0.0019753462978002755	0.978662122003436	81.68168168168168
0.01936062609096741	0.001957567661569584	0.9786818062474631	81.78178178178179
0.019358737817529607	0.0019399488476469758	0.9787013133348236	81.88188188188188
0.0193568667196119	0.0019224884237301564	0.9787206448566581	81.98198198198199
0.019355012639924007	0.0019051849705248747	0.9787398023895513	82.08208208208208
0.019353175422713836	0.0018880370816475585	0.9787587874956387	82.18218218218219
0.019351354913757796	0.001871043363529564	0.9787776017227128	82.28228228228228
0.019349550960351375	0.0018542024353229638	0.9787962466043258	82.38238238238239
0.019347763411300026	0.0018375129288079484	0.9788147236598922	82.48248248248248
0.01934599211691037	0.0018209734883017639	0.978833034394788	82.58258258258259
0.019344236928981674	0.001804582770569265	0.9788511803004493	82.68268268268268
0.019342497700797653	0.0017883394447350035	0.9788691628544675	82.78278278278279
0.019340774287118567	0.0017722421921969322	0.9788869835206846	82.88288288288288
0.019339066544173607	0.0017562897065416447	0.9789046437492849	82.98298298298299
0.019337374329508026	0.0017404806929408859	0.9789221449775513	83.08308308308308
0.01933569749560781	0.0017248138453046422	0.9789394886590876	83.18318318318319
0.01933403589828874	0.0017092878762140415	0.9789566762254973	83.28328328328328
0.01933238939787722	0.0016939015210869729	0.978973709081036	83.38338338338339
0.0193307578560067	0.0016786535266710748	0.9789905886173224	83.48348348348348
0.019329141135606676	0.0016635426509497542	0.9790073162134437	83.58358358358359
0.01932753910089185	0.0016485676630494858	0.9790238932360588	83.68368368368368
0.01932595161735154	0.001633727343148321	0.9790403210395003	83.78378378378379
0.01932437855173926	0.0016190204823856777	0.9790566009658752	83.88388388388388
0.019322819772062544	0.00160444588277334	0.9790727343451643	83.98398398398399
0.019321275147572946	0.0015900023571077382	0.9790887224953194	84.08408408408408
0.01931974454875628	0.0015756887288834382	0.9791045667223605	84.18418418418419
0.019318227847323035	0.0015615038322079119	0.9791202683204692	84.28428428428428
0.019316724916199037	0.001547446511717519	0.9791358285720836	84.38438438438439
0.019315235629516272	0.0015335156224947643	0.9791512487479891	84.48448448448448
0.019313759862603967	0.0015197100299867731	0.9791665301074094	84.58458458458459
0.01931229749197984	0.001506028609925037	0.9791816738980953	84.68468468468468
0.019310848395341584	0.00149247024824638	0.9791966813564121	84.78478478478479
0.01930941245155854	0.0014790338410151948	0.9792115537074264	84.88488488488488
0.019307989540663588	0.001465718294346899	0.9792262921649897	84.98498498498499
0.019306579543845258	0.001452522524332663	0.9792408979318222	85.08508508508508
0.019305182343440027	0.0014394454569653544	0.9792553721995948	85.18518518518519
0.01930379782292483	0.0014264860280667577	0.9792697161490086	85.28528528528528
0.019302425866909795	0.0014136431832160099	0.9792839309498743	85.38538538538539
0.019301066361131176	0.001400915877679306	0.9792980177611896	85.4854854854855
0.01929971919244447	0.001388303076340836	0.9793119777312148	85.58558558558559
0.019298384248817798	0.0013758037536349633	0.9793258119975474	85.6856856856857
0.019297061419170508	0.0013634168928004825	0.9793395216880293	85.78578578578579
0.019295750589704966	0.001351141469762603	0.9793531079405327	85.8858858858859
0.019294451649276144	0.0013389764766334777	0.9793665718740906	85.98598598598599
0.019293164489279844	0.0013269209211849218	0.9793799145895354	86.0860860860861
0.019291889002122357	0.0013149738201029318	0.979393137177775	86.18618618618619
0.019290625081212126	0.0013031341989144993	0.9794062407198736	86.2862862862863
0.019289372620951574	0.0012914010919154722	0.9794192262871332	86.38638638638639
0.019288131516729083	0.0012797735420994084	0.9794320949411718	86.4864864864865
0.01928690166491116	0.0012682506010874728	0.9794448477340016	86.58658658658659
0.019285682962834706	0.0012568313290593288	0.9794574857081062	86.6866866866867
0.0192844753087995	0.0012455147946850715	0.9794700098965157	86.78678678678679
0.019283278602060784	0.0012343000750581578	0.9794824213228813	86.8868868868869
0.019282092742822058	0.001223186255629376	0.9794947210015488	86.98698698698699
0.019280917632227983	0.001212172430141812	0.9795069099376305	87.0870870870871
0.01927975317235748	0.0012012577005668578	0.9795189891270759	87.18718718718719
0.019278599266216955	0.0011904411770412148	0.9795309595567421	87.2872872872873
0.01927745581773371	0.001179721977804938	0.9795428222044615	87.38738738738739
0.01927632273174948	0.0011690992291404768	0.9795545780391103	87.4874874874875
0.019275199914014152	0.001158572065312758	0.9795662280206733	87.58758758758759
0.01927408727117962	0.0011481396285102623	0.9795777731003104	87.6876876876877
0.01927298471079382	0.0011378010687871439	0.9795892142204192	87.78778778778779
0.019271892141294895	0.0011275555440063455	0.979600552314699	87.8878878878879
0.01927080947200555	0.0011174022197837552	0.9796117883082109	87.98798798798799
0.01926973661312751	0.0011073402694333572	0.9796229231174394	88.0880880880881
0.019268673475736207	0.0010973688739134265	0.9796339576503507	88.18818818818819
0.01926761997177556	0.001087487221773718	0.979644892806451	88.2882882882883
0.019266576014052943	0.0010776945091036962	0.9796557294768437	88.38838838838839
0.019265541516030913	0.001067989938466656	0.9796664685455025	88.4884884884885
0.019264516388863437	0.0010583727040817488	0.979677110907055	88.58858858858859
0.019263500546166778	0.001048842015608948	0.9796876574382244	88.6886886886887
0.01926249390337676	0.0010393970949156195	0.9796981090017078	88.78878878878879
0.01926149637671163	0.0010300371708746973	0.9797084664524138	88.8888888888889
0.019260507883165568	0.0010207614793072374	0.9797187306375273	88.988988988989
0.019259528340502357	0.0010115692629257577	0.9797289023965721	89.0890890890891
0.01925855766724915	0.0010024597712784116	0.9797389825614726	89.1891891891892
0.01925759578269036	0.0009934322606939493	0.9797489719566158	89.2892892892893
0.019256642606861635	0.0009844859942275126	0.979758871398911	89.3893893893894
0.019255698060544005	0.0009756202416072179	0.9797686816978489	89.4894894894895
0.019254762065258092	0.0009668342791815708	0.9797784036555605	89.5895895895896
0.019253834543258446	0.0009581273898676712	0.9797880380668741	89.6896896896897
0.019252915417528032	0.0009494988631002487	0.9797975857193719	89.7897897897898
0.019252004611772768	0.0009409479947814892	0.9798070473934459	89.8898898898899
0.01925110205041625	0.0009324740872316906	0.9798164238623522	89.98998998999
0.01925020765859452	0.000924076449140711	0.979825715892265	90.0900900900901
0.01924932136215102	0.0009157543955202452	0.9798349242423289	90.1901901901902
0.019248443087631593	0.0009075072476568947	0.9798440496647117	90.2902902902903
0.019247572762279657	0.0008993343330660644	0.9798530929046545	90.3903903903904
0.01924671031403145	0.0008912349854466543	0.979862054700522	90.4904904904905
0.01924585567151142	0.0008832085446365771	0.9798709357838522	90.5905905905906
0.019245008764027714	0.0008752543565690707	0.9798797368794034	90.6906906906907
0.019244169521567784	0.0008673717732298376	0.9798884587052026	90.7907907907908
0.01924333787479412	0.0008595601526149778	0.9798971019725911	90.8908908908909
0.01924251375504007	0.0008518188586897497	0.9799056673862704	90.990990990991
0.01924169709430582	0.000844147261348124	0.9799141556443463	91.0910910910911
0.01924088782503828	0.0008365447350997242	0.9799225674398622	91.1911911911912
0.019240085878053023	0.0008290106468103343	0.9799309034751368	91.2912912912913
0.01923929118619645	0.0008215443772615527	0.9799391644365422	91.3913913913914
0.019238503683536853	0.000814145316368929	0.9799473510000944	91.4914914914915
0.019237723304748978	0.000806812859539995	0.9799554638357112	91.5915915915916
0.01923694998510893	0.0007995464076286833	0.9799635036072626	91.6916916916917
0.019236183660489257	0.0007923453668903999	0.9799714709726205	91.7917917917918
0.019235424267354008	0.0007852091489377112	0.9799793665837084	91.8918918918919
0.019234671742753978	0.0007781371706966851	0.9799871910865495	91.991991991992
0.019233926024321973	0.0007711288543638478	0.9799949451213144	92.0920920920921
0.019233187050268188	0.000764183627363792	0.9800026293223683	92.1921921921922
0.01923245475937566	0.0007573009223074032	0.9800102443183172	92.2922922922923
0.019231729090995804	0.0007504801769507367	0.9800177907320536	92.3923923923924
0.019231009985044057	0.0007437208341545124	0.9800252691808016	92.4924924924925
0.01923029738199557	0.0007370223418442603	0.9800326802761603	92.5925925925926
0.019229591222881016	0.0007303841529710841	0.9800400246241481	92.6926926926927
0.019228891449282463	0.0007238057254730755	0.9800473028252447	92.7927927927928
0.019228198003329342	0.0007172865222373466	0.9800545154744335	92.8928928928929
0.01922751082769451	0.0007108260110627123	0.980061663161243	92.992992992993
0.019226829865590368	0.0007044236646229918	0.9800687464697868	93.0930930930931
0.01922615506076509	0.0006980789604309598	0.9800757659788042	93.1931931931932
0.01922548635749894	0.0006917913808029164	0.9800827222616983	93.2932932932933
0.01922482370060065	0.0006855604128239071	0.9800896158865756	93.3933933933934
0.0192241670354039	0.0006793855483135613	0.9800964474162828	93.4934934934935
0.019223516307763873	0.0006732662837925813	0.9801032174084437	93.5935935935936
0.019222871464053923	0.0006672021204498489	0.9801099264154964	93.6936936936937
0.019222232451162287	0.000661192564110183	0.9801165749847277	93.7937937937938
0.019221599216290495	0.0006552371239856224	0.980123163659724	93.8938938938939
0.01922097170564825	0.0006493353046573486	0.9801296929896945	93.993993993994
0.0192203498669783	0.0006434866215522343	0.9801361635114696	94.0940940940941
0.01921973364882516	0.000637690596445245	0.9801425757547297	94.1941941941942
0.01921912300020543	0.0006319467554254309	0.9801489302443692	94.2942942942943
0.019218517870603937	0.000626254628860606	0.9801552275005355	94.3943943943944
0.01921791820996989	0.0006206137513625272	0.9801614680386677	94.4944944944945
0.01921732396871315	0.0006150236617525985	0.9801676523695344	94.5945945945946
0.01921673509770054	0.000609483903028077	0.9801737809992714	94.6946946946947
0.019216151548252233	0.0006039940223288037	0.980179854429419	94.7947947947948
0.019215573272138176	0.0005985535709044354	0.9801858731569575	94.8948948948949
0.01921500022157464	0.000593162104082202	0.9801918376743433	94.994994994995
0.01921443234922075	0.0005878191812351648	0.9801977484695442	95.0950950950951
0.019213869608175164	0.0005825243657509999	0.9802036060260739	95.1951951951952
0.019213311951972768	0.0005772772250012826	0.980209410823026	95.2952952952953
0.019212759334581442	0.000572077330311298	0.9802151633351074	95.3953953953954
0.019212211710398906	0.0005669242569303511	0.9802208640326708	95.4954954954955
0.019211669034249625	0.0005618175840026034	0.9802265133817478	95.5955955955956
0.01921113126138176	0.0005567568945384098	0.9802321118440799	95.6956956956957
0.019210598347464233	0.0005517417753861813	0.9802376598771497	95.7957957957958
0.01921007024858379	0.000546771817204749	0.9802431579342116	95.8958958958959
0.0192095469212422	0.0005418466144362519	0.9802486064643217	95.995995995996
0.019209028322353456	0.0005369657652795275	0.9802540059123671	96.0960960960961
0.019208514409241085	0.0005321288716640268	0.980259356719095	96.1961961961962
0.019208005139635505	0.0005273355392242302	0.9802646593211404	96.2962962962963
0.01920750047167145	0.0005225853772745893	0.980269914151054	96.3963963963964
0.019207000363885462	0.0005178779987849691	0.9802751216373297	96.4964964964965
0.019206504774998016	0.0005132130188573585	0.9802802822061447	96.5965965965966
0.019206013662931367	0.000508590047883693	0.9802853962891851	96.6966966966967
0.019205526986919325	0.0005040087062217358	0.9802904643068591	96.7967967967968
0.019205044706775958	0.0004994686190987794	0.9802954866741254	96.8968968968969
0.019204566782682835	0.0004949694151242346	0.980300463802193	96.996996996997
0.01920409317518599	0.0004905107262617593	0.9803053960985524	97.0970970970971
0.01920362384519293	0.000486092187801798	0.9803102839670054	97.1971971971972
0.019203158753969708	0.0004817134383345122	0.9803151278076959	97.2972972972973
0.01920269786313803	0.0004773741197231209	0.980319928017139	97.3973973973974
0.01920224113467241	0.00047307387707763254	0.9803246849882501	97.4974974974975
0.019201788530897386	0.0004688123587289872	0.9803293991103738	97.5975975975976
0.01920134001448477	0.0004645892162035898	0.9803340707693118	97.6976976976977
0.019200895548450964	0.00046040410419825384	0.9803387003473509	97.7977977977978
0.019200455096154315	0.0004562566805555359	0.9803432882232903	97.8978978978979
0.01920001862129252	0.000452146606239481	0.9803478347724681	97.997997997998
0.019199586087900077	0.0004480735453117585	0.9803523403667883	98.0980980980981
0.01919915746034579	0.0004440371649082088	0.9803568053747461	98.1981981981982
0.019198732703330335	0.000440037135215781	0.980361230161454	98.2982982982983
0.019198311781883838	0.00043607312944988065	0.9803656150886664	98.3983983983984
0.019197894661363558	0.00043214482383210906	0.9803699605148045	98.4984984984985
0.01919748130745155	0.0004282518975684126	0.9803742667949802	98.5985985985986
0.01919707168615245	0.00042439403282762325	0.9803785342810201	98.6986986986987
0.019196665763791254	0.00042057091472040944	0.9803827633214884	98.7987987987988
0.019196263507011167	0.00041678223127861815	0.9803869542617103	98.8988988988989
0.019195864882771505	0.0004130276734350271	0.9803911074437937	98.998998998999
0.019195469858345648	0.0004093069350034882	0.980395223206651	99.0990990990991
0.019195078401319014	0.00040561971265948147	0.9803993018860216	99.1991991991992
0.019194690479382468	0.000401965704421987	0.9804033438161956	99.2992992992993
0.019194306059691888	0.00039834460495791836	0.9804073493353502	99.3993993993994
0.019193925110433184	0.0003947561170407334	0.9804113187725262	99.4994994994995
0.019193547600199725	0.0003911999469857441	0.9804152524528146	99.5995995995996
0.01919317349787164	0.0003876758037613768	0.980419150698367	99.6996996996997
0.019192802772613475	0.0003841833989675128	0.9804230138284191	99.7997997997998
0.019192435393871887	0.0003807224468141418	0.9804268421593141	99.8998998998999
0.01919207133137338	0.0003772926641003453	0.9804306360045264	100.0
