0.999	0.001	0.0	0.0
0.998948981281033	0.0010408044952280367	1.021422373884767e-05	0.1001001001001001
0.9988958976265787	0.0010832599721543302	2.0842401266981653e-05	0.2002002002002002
0.998840622572432	0.0011274674723774337	3.190995519051689e-05	0.3003003003003003
0.998783124351287	0.001173452373166132	4.342327554684208e-05	0.4004004004004004
0.9987232866329183	0.0012213076112745332	5.540575580715661e-05	0.5005005005005005
0.998661004211393	0.0012711172348112564	6.787855379569008e-05	0.6006006006006006
0.9985961821043259	0.0013229571095049496	8.086078616911533e-05	0.7007007007007008
0.9985287221251001	0.0013769056651598292	9.437220973998945e-05	0.8008008008008008
0.9984585156461593	0.0014330496588071198	0.00010843469503350774	0.9009009009009009
0.9983854509503188	0.0014914783109200942	0.00012307073876098858	1.001001001001001
0.9983094137833632	0.0015522828636691651	0.00013830335296743343	1.1011011011011012
0.9982302837688943	0.0016155594393890498	0.00015415679171642185	1.2012012012012012
0.9981479357975067	0.0016814079329784673	0.00017065626951470882	1.3013013013013013
0.9980622403315995	0.0017499317639475516	0.00018782790445276746	1.4014014014014016
0.9979730611292844	0.0018212396948987988	0.0002056991758166768	1.5015015015015016
0.9978802570611758	0.001895444384216718	0.0002242985546073516	1.6016016016016017
0.9977836808281897	0.001972663403041254	0.00024365576876886924	1.7017017017017018
0.9976831808585872	0.0020530177144297227	0.0002638014269829841	1.8018018018018018
0.9975785980535404	0.0021366342823988353	0.00028476766406060274	1.9019019019019021
0.9974697668186073	0.002223645244762322	0.0003065879366302486	2.002002002002002
0.997356515416185	0.0023141876160727025	0.00032929696774218643	2.1021021021021022
0.9972386658230611	0.0024084034097815094	0.0003529307671572763	2.2022022022022023
0.997116033597995	0.0025064397517976247	0.0003775266502071905	2.3023023023023024
0.9969884271254243	0.0026084494728406526	0.00040312340173472656	2.4024024024024024
0.9968556441874088	0.002714593818725721	0.0004297619938652791	2.5025025025025025
0.9967174766742557	0.0028250387260551225	0.0004574845996889839	2.6026026026026026
0.9965737108250305	0.002939954634420027	0.0004863345405491747	2.702702702702703
0.9964241173968946	0.0030595242419156274	0.0005163583611894857	2.802802802802803
0.9962684641936824	0.003183932621848901	0.0005476031844684039	2.902902902902903
0.9961065083195916	0.003313373333491998	0.0005801183469161889	3.0030030030030033
0.9959379983516872	0.003448046706754579	0.0006139549415580129	3.1031031031031033
0.9957626692790871	0.003588163823374128	0.0006491668975385406	3.2032032032032034
0.9955802478630719	0.0037339423016839526	0.0006858098352439213	3.3033033033033035
0.9953904512648206	0.0038856073766291616	0.0007239413585499285	3.4034034034034035
0.9951929859296589	0.004043392778027086	0.0007636212923138019	3.5035035035035036
0.9949875468871834	0.004207541278150168	0.0008049118346661591	3.6036036036036037
0.9947738152304068	0.004378306644406243	0.0008478781251867369	3.7037037037037037
0.994551459982352	0.004555952206593332	0.0008925878110544243	3.8038038038038042
0.9943201372830355	0.004740751491785042	0.0009391112251791643	3.9039039039039043
0.9940794895437451	0.0049329888844514965	0.0009875215718031256	4.004004004004004
0.9938291451383442	0.005132959862612965	0.0010378949990425294	4.104104104104104
0.9935687201546101	0.005340969555778185	0.001090310289611453	4.2042042042042045
0.9932978154135041	0.0055573351578823175	0.001144849428613273	4.3043043043043046
0.9930160161984953	0.005782386132468452	0.0012015976690358868	4.404404404404405
0.992722892187986	0.006016464252410864	0.0012606435596028175	4.504504504504505
0.9924179968641925	0.006259924054787426	0.0013220790810197346	4.604604604604605
0.9921008653591153	0.006513134440440287	0.0013860002004440776	4.704704704704705
0.9917710157299353	0.006776477761798094	0.0014525065082663694	4.804804804804805
0.9914279484130587	0.007050350244669882	0.0015217013422711805	4.904904904904905
0.9910711453949794	0.007335162617444567	0.0015936919875757618	5.005005005005005
0.9907000695374951	0.007631340626726058	0.0016685898357786122	5.105105105105105
0.9903141616197294	0.007939327218011447	0.0017465111622588935	5.205205205205205
0.9899128421703365	0.00825958122307902	0.0018275766065842989	5.305305305305305
0.9894955109768122	0.008592577741369853	0.0019119112818177118	5.405405405405406
0.9890615459844434	0.0089388089664831	0.001999645049073287	5.505505505505506
0.988610302359271	0.009298784877020226	0.002090912763708484	5.605605605605606
0.9881411108717949	0.009673034390842512	0.002185854737362382	5.705705705705706
0.9876532771794052	0.010062105906186681	0.002284616914407894	5.805805805805806
0.9871460831589386	0.01046656644411881	0.0023873503969423955	5.9059059059059065
0.9866187850861726	0.010887002942110114	0.0024942119717170164	6.0060060060060065
0.9860706129149758	0.011324022792682216	0.002605364292341878	6.106106106106107
0.9855007676631233	0.011778255568555994	0.0027209767683204996	6.206206206206207
0.9849084223410515	0.01225035252987388	0.0028412251290744358	6.306306306306307
0.9842927214895781	0.01274098700336278	0.0029662915070589597	6.406406406406407
0.983652779856151	0.013250855301804788	0.00309636484204403	6.506506506506507
0.9829876815440914	0.013780677348113434	0.0032316411077949903	6.606606606606607
0.9822964791640981	0.014331197251186041	0.0033723235847155984	6.706706706706707
0.9815781931247541	0.01490318350369186	0.00351862337155382	6.806806806806807
0.9808318104874308	0.015497430187836652	0.003670759324732261	6.906906906906907
0.9800562840690665	0.016114757540447035	0.0038289583904862366	7.007007007007007
0.9792505315079566	0.01675601256450419	0.00399345592753903	7.107107107107107
0.9784134342802825	0.01742206971673871	0.004164496002978588	7.207207207207207
0.9775438377781971	0.01811383070590511	0.004342331515897633	7.307307307307307
0.9766405531228547	0.018832222841221984	0.004527224035923187	7.407407407407407
0.9757023516239558	0.01957820349599645	0.004719444880047639	7.507507507507508
0.9747279654843913	0.020352759367256133	0.004919275148352419	7.6076076076076085
0.9737160871302221	0.021156906873920633	0.005127005995857096	7.7077077077077085
0.9726653683476079	0.021991692709961513	0.00534293894243046	7.807807807807809
0.9715744213203693	0.02285819264602444	0.005567386033606061	7.907907907907909
0.9704418189736027	0.023757510962100322	0.005800670064296867	8.008008008008009
0.9692660904356137	0.024690784356811376	0.00604312520757478	8.108108108108109
0.9680457220995476	0.025659180708335734	0.006295097192116475	8.208208208208209
0.9667791569987088	0.026663899377660113	0.00655694362363095	8.308308308308309
0.9654647941947749	0.027706171493377705	0.006829034311847244	8.408408408408409
0.9641009921654365	0.02878725649149596	0.007111751343067418	8.508508508508509
0.9626860665994031	0.02990844387768227	0.007405489522914489	8.608608608608609
0.9612182873121549	0.03107105580550238	0.007710656882342669	8.70870870870871
0.959695879717666	0.03227644538936317	0.008027674892970793	8.80880880880881
0.958117024586392	0.033525996613588877	0.008356978800019055	8.90890890890891
0.9564798581503617	0.03482112391830992	0.008699017931328204	9.00900900900901
0.9547824779959695	0.036163266503614074	0.009054255500416318	9.10910910910911
0.9530229388325047	0.03755389185409836	0.009423169313396887	9.20920920920921
0.9511992521710914	0.03899449569264331	0.009806252136265226	9.30930930930931
0.9493093881918678	0.04048659993299203	0.010204011875140043	9.40940940940941
0.9473512768832519	0.04203175131041762	0.010616971806330418	9.50950950950951
0.9453228107261786	0.043631518675354745	0.011045670598466591	9.60960960960961
0.9432218436023808	0.045287493513019986	0.011490662884599165	9.70970970970971
0.9410461925602545	0.04700128800034983	0.011952519439395615	9.80980980980981
0.9387936393248243	0.04877453327026169	0.012431827404913894	9.90990990990991
0.9364619349439829	0.05060887489125604	0.012929190164761009	10.01001001001001
0.9340488046894697	0.05250596811285585	0.01344522719767437	10.11011011011011
0.931551943713164	0.05446748127215799	0.013980575014677993	10.21021021021021
0.9289690222775505	0.05649509073001878	0.014535886992430672	10.31031031031031
0.9262976886119823	0.05859047789958367	0.01511183348843405	10.41041041041041
0.9235355768651863	0.060755321979192506	0.015709101155621182	10.51051051051051
0.9206803084178437	0.06299129824577453	0.016328393336381766	10.61061061061061
0.9177294932162721	0.06530007631342732	0.016970430470300526	10.710710710710712
0.9146807355216566	0.06768331466581869	0.017635949812524664	10.810810810810812
0.9115316389034905	0.07014265582264594	0.018325705273863506	10.910910910910912
0.9082798166628612	0.07267971706272694	0.019040466274411777	11.011011011011012
0.90492289154423	0.0752960898429609	0.019781018612809034	11.111111111111112
0.9014585019025888	0.07799333393912608	0.020548164158285098	11.211211211211213
0.8978843084878624	0.0807729710608183	0.021342720451319304	11.311311311311313
0.8941980024058503	0.08363647762735325	0.02216551996679629	11.411411411411413
0.8903973158351761	0.08658527548786145	0.023017408676962354	11.511511511511513
0.8864800234859137	0.08962072933226374	0.0238992471818225	11.611611611611613
0.8824439522993057	0.09274413805318144	0.024811909647512696	11.711711711711713
0.8782869897626705	0.09595672706664696	0.025756283170682473	11.811811811811813
0.8740070937023622	0.09925964011560312	0.026733266182034626	11.911911911911913
0.869602301383757	0.10265393104279004	0.02774376757345279	12.012012012012013
0.8650707373791462	0.10614055567547181	0.028788706945381895	12.112112112112113
0.860410624047496	0.10972036280630745	0.02986901314619645	12.212212212212213
0.8556202915302057	0.11339408525256213	0.030985623217232233	12.312312312312313
0.8506981852360954	0.1171623347580227	0.0321394800058819	12.412412412412413
0.8456428786790422	0.12102558941158001	0.03333153190937776	12.512512512512513
0.840453084941384	0.12498418327150743	0.034562731787108544	12.612612612612613
0.8351276673079971	0.1290382974105868	0.03583403528141602	12.712712712712714
0.8296656493004958	0.13318795151056836	0.03714639918893577	12.812812812812814
0.8240662178644563	0.1374330030912714	0.03850077904427229	12.912912912912914
0.8183287427312486	0.14177312907232442	0.03989812819642697	13.013013013013014
0.8124527859288122	0.1462078182711987	0.04133939579998912	13.113113113113114
0.8064381105879262	0.1507363644925202	0.042825524919553576	13.213213213213214
0.8002846865187773	0.15535786262456047	0.0443574508566623	13.313313313313314
0.7939927073162357	0.16007119401360306	0.04593609867016122	13.413413413413414
0.7875625991126404	0.16487501974910423	0.04756238113825543	13.513513513513514
0.7809950254352701	0.16976777799754125	0.04923719656718874	13.613613613613614
0.7742908879831004	0.1747476854930436	0.05096142652385612	13.713713713713714
0.7674513483651839	0.1798127182675265	0.05273593336728968	13.813813813813814
0.7604778317734409	0.18496061043079745	0.05456155779576177	13.913913913913914
0.7533720266800635	0.19018885645985273	0.0564391168600838	14.014014014014014
0.7461358859361016	0.19549471227423548	0.058369401789662934	14.114114114114114
0.7387716439330951	0.20087518148535988	0.06035317458154506	14.214214214214214
0.7312818163607676	0.20632701791788732	0.06239116572134518	14.314314314314315
0.7236691929014749	0.21184673461225273	0.06448407248627241	14.414414414414415
0.7159368389661535	0.21743060467979514	0.06663255635405141	14.514514514514515
0.7080881052411007	0.22307465513454244	0.06883723962435696	14.614614614614615
0.7001266227639124	0.22877467403327664	0.071098703202811	14.714714714714715
0.6920562893000037	0.23452622501423348	0.07341748568576276	14.814814814814815
0.683881270037673	0.24032464968766815	0.07579408027465895	14.914914914914915
0.675605997301047	0.24616507102433824	0.0782289316746148	15.015015015015017
0.6672351605710091	0.2520424051747043	0.08072243425428656	15.115115115115117
0.6587736897405854	0.257951378359461	0.0832749318999535	15.215215215215217
0.6502267507921129	0.26388653463543843	0.08588671457244866	15.315315315315317
0.6415997357603822	0.2698422482524101	0.0885580159872077	15.415415415415417
0.6328982482212819	0.27581273946460133	0.09128901231411665	15.515515515515517
0.6241280868481249	0.28179209035434494	0.09407982279753008	15.615615615615617
0.6152952316351012	0.2877742620828895	0.09693050628200911	15.715715715715717
0.6064058267398205	0.2937531133163045	0.09984105994387493	15.815815815815817
0.597466162948506	0.29972241832074115	0.10281141873075268	15.915915915915917
0.5884826643205723	0.3056758791988068	0.10584145648062078	16.016016016016017
0.5794618618470437	0.3116071551157018	0.10893098303725428	16.116116116116117
0.5704103732488695	0.31750988263956725	0.11207974411156317	16.216216216216218
0.561334885157194	0.3233776933026749	0.11528742154013104	16.316316316316318
0.5522421431333898	0.3292042222386129	0.11855363462799719	16.416416416416418
0.5431389134855916	0.3349831479959583	0.12187793851845	16.516516516516518
0.5340319641029929	0.34070821084791875	0.12525982504908822	16.616616616616618
0.5249280479543981	0.3463732283534941	0.1286987236921077	16.716716716716718
0.5158338940405709	0.35197210293846165	0.13219400302096732	16.816816816816818
0.5067561700342254	0.35749885886756266	0.13574497109821185	16.916916916916918
0.49770146681178484	0.362947656271041	0.13935087691717402	17.017017017017018
0.48867628087342396	0.3683128077718904	0.1430109113546855	17.117117117117118
0.47968699062444276	0.37358880006743367	0.14672420930812338	17.217217217217218
0.47073983801083175	0.3787703105912934	0.15048985139787469	17.31731731731732
0.4618409231811196	0.38385221089005545	0.15430686592882478	17.41741741741742
0.45299617748936866	0.3888295914138497	0.15817423109678147	17.51751751751752
0.44421134772795384	0.3936977749406479	0.16209087733139807	17.61761761761762
0.4354919889520852	0.39845232206072295	0.16605568898719167	17.71771771771772
0.42684344783976186	0.4030890448910483	0.17006750726918968	17.81781781781782
0.41827084879343884	0.40760401811400954	0.17412513309255137	17.91791791791792
0.4097790887791894	0.41199358209619424	0.1782273291246161	18.01801801801802
0.40137282770517096	0.4162543496467898	0.18237282264803897	18.11811811811812
0.3930564775138955	0.4203832136335868	0.18656030885251743	18.21821821821822
0.3848341987260965	0.4243773481852741	0.1907884530886292	18.31831831831832
0.37670989676462197	0.42823420981387766	0.19505589342150018	18.41841841841842
0.3686872158927635	0.43195153972704536	0.19936124438019096	18.51851851851852
0.36076953808417817	0.4355273625707746	0.20370309934504707	18.61861861861862
0.3529599825546907	0.4389599846972381	0.20808003274807105	18.71871871871872
0.3452614057313439	0.44224799033439155	0.2124906039342644	18.81881881881882
0.33767640247015	0.4453902380065312	0.21693335952331858	18.91891891891892
0.3302073063593714	0.4483858585153771	0.22140683512525133	19.01901901901902
0.32285619702784674	0.45123424328462325	0.22590955968752985	19.11911911911912
0.3156249046230045	0.4539350373813437	0.23044005799565156	19.21921921921922
0.3085150152530209	0.45648813152523837	0.2349968532217406	19.31931931931932
0.3015278659771411	0.4588936677343436	0.23957846628851515	19.41941941941942
0.29466456267474644	0.4611520161283322	0.2441834211969212	19.51951951951952
0.2879259892174524	0.4632637631602273	0.24881024762232012	19.61961961961962
0.2813128151867793	0.46522970202571007	0.2534574827875104	19.71971971971972
0.2748254938396779	0.46705083400510244	0.2581236721552194	19.81981981981982
0.2684642717083933	0.4687283568237232	0.26280737146788324	19.91991991991992
0.26222920598285415	0.4702636443879892	0.26750714962915645	20.02002002002002
0.25612017018310307	0.4716582397398647	0.272221590077032	20.12012012012012
0.2501368632207121	0.47291384379881235	0.2769492929804753	20.22022022022022
0.24427882133650444	0.4740323023558983	0.28168887630759704	20.32032032032032
0.23854542862152434	0.4750155938935032	0.28643897748497227	20.42042042042042
0.23293591767342675	0.4758658283991655	0.2911982539274075	20.52052052052052
0.22744938398560935	0.4765852314139369	0.2959653846004536	20.62062062062062
0.2220847991050229	0.477176129550141	0.3007390713448359	20.72072072072072
0.21684101676518683	0.47764094345766206	0.3055180397771509	20.82082082082082
0.2117167792537037	0.47798218036053647	0.3103010403857597	20.92092092092092
0.20671073141602755	0.4782024195820977	0.3150868490018745	21.02102102102102
0.20182142820508212	0.47830430420652614	0.31987426758839155	21.12112112112112
0.1970473388024302	0.478290536247058	0.3246621249505116	21.22122122122122
0.1923868583686605	0.47816386448834597	0.32944927714299327	21.32132132132132
0.18783831661217867	0.47792707553399066	0.33423460785383047	21.421421421421424
0.1833999833501732	0.4775829877642207	0.33901702888560586	21.521521521521525
0.17907007480773068	0.4771344446964246	0.3437954804958445	21.621621621621625
0.1748467631896633	0.4765843054829451	0.3485689313273914	21.721721721721725
0.17072818226117664	0.475935439113596	0.35333637862522715	21.821821821821825
0.16671243193050747	0.4751907194112055	0.3580968486582868	21.921921921921925
0.16279758579884057	0.47435301787246137	0.36284939632869784	22.022022022022025
0.15898169657444503	0.47342519831092306	0.36759310511463167	22.122122122122125
0.1552628005479346	0.47241011213108797	0.37232708732097725	22.222222222222225
0.15163892266645276	0.47131059354958016	0.3770504837839669	22.322322322322325
0.14810808157650382	0.47012945508317583	0.3817624633403201	22.422422422422425
0.14466829365393594	0.4688694837238752	0.38646222262218866	22.522522522522525
0.1413175766946796	0.4675334369732543	0.39114898633206596	22.622622622622625
0.13805395345425717	0.4661240395482356	0.395822006997507	22.722722722722725
0.1348754551818403	0.46464398100108173	0.4004805638170778	22.822822822822825
0.13178012442135986	0.4630959130419124	0.4051239625367276	22.922922922922925
0.1287660184604386	0.4614824461489739	0.40975153539058723	23.023023023023026
0.125831212432043	0.4598061465907012	0.4143626409772556	23.123123123123126
0.12297380000276774	0.45806953702438186	0.41895666297285017	23.223223223223226
0.1201918958408659	0.4562750942484563	0.4235330099106776	23.323323323323326
0.11748363815317367	0.4544252469239052	0.42809111492292096	23.423423423423426
0.11484719169109596	0.45252237261584993	0.43263043569305387	23.523523523523526
0.11228074662008157	0.4505688002642149	0.4371504531157033	23.623623623623626
0.10978252042810843	0.4485668085638258	0.4416506710080656	23.723723723723726
0.10735075958020522	0.4465186247033319	0.4461306157164627	23.823823823823826
0.10498374248750977	0.44442642146119765	0.4505898360512924	23.923923923923926
0.10267977722338639	0.4422923207174739	0.45502790205913957	24.024024024024026
0.10043720284065726	0.4401183925115725	0.4594444046477701	24.124124124124126
0.09825439028466838	0.43790665458803074	0.4638389551273007	24.224224224224226
0.09612974508064638	0.43565906982266395	0.46821118509668946	24.324324324324326
0.0940617046929918	0.43337754993260896	0.47256074537439907	24.424424424424426
0.09204873918065413	0.4310639552606381	0.4768873055587076	24.524524524524526
0.09008935155812506	0.428720094895379	0.4811905535464958	24.624624624624627
0.08818208007284627	0.42634772457641945	0.48547019535073416	24.724724724724727
0.0863254955748765	0.4239485502238539	0.48972595420126946	24.824824824824827
0.084518201682713	0.42152422823515856	0.4939575700821283	24.924924924924927
0.08275883476042933	0.4190763659856864	0.4981647992538841	25.025025025025027
0.08104606562688965	0.4166065203698103	0.5023474140033	25.125125125125127
0.07937859730759293	0.4141162007799739	0.5065052019124331	25.225225225225227
0.0777551646457106	0.4116068699789561	0.5106379653753332	25.325325325325327
0.07617453417238478	0.40907994466524966	0.5147455211623655	25.425425425425427
0.07463550380387447	0.40653679622580646	0.518827699970319	25.525525525525527
0.07313690356373032	0.4039787503647213	0.5228843460715482	25.625625625625627
0.07167759398757377	0.4014070892240896	0.5269153167883366	25.725725725725727
0.07025646603494257	0.39882305185739875	0.5309204821076586	25.825825825825827
0.0688724409731041	0.3962278347158331	0.5348997243110627	25.925925925925927
0.0675244694070952	0.3936225931080835	0.5388529374848211	26.026026026026027
0.06621152805150321	0.39100844528214007	0.5427800266663565	26.126126126126128
0.06493262302775236	0.3883864688871134	0.546680908085134	26.226226226226228
0.0636867884491626	0.38575770291969447	0.5505555086311428	26.326326326326328
0.062473085847966445	0.38312314867922875	0.5544037654728046	26.426426426426428
0.06129060301033648	0.3804837713795416	0.5582256256101217	26.526526526526528
0.06013845181765225	0.377840502880423	0.5620210453019245	26.626626626626628
0.059015770376141065	0.375194239532627	0.5657899900912318	26.726726726726728
0.057921721596457657	0.3725458440499146	0.5695324343536275	26.826826826826828
0.056855492628861165	0.3698961463986545	0.5732483609724841	26.926926926926928
0.05581629388307982	0.3672459451575971	0.5769377609593229	27.027027027027028
0.05480335800405718	0.3645960089199462	0.5806006330759964	27.127127127127128
0.05381594036826878	0.3619470759369687	0.5842369836947624	27.227227227227228
0.05285331812425063	0.35929985542956977	0.5878468264461794	27.32732732732733
0.05191478965911078	0.3566550284020817	0.5914301819388074	27.42742742742743
0.050999673795496796	0.3540132487681979	0.5949870774363051	27.52752752752753
0.0501073091965073	0.3513751442252229	0.5985175465782696	27.62762762762763
0.049237054198340194	0.3487413166174454	0.6020216291842142	27.72772772772773
0.04838828613037247	0.34611234289976056	0.6054993709698667	27.82782782782783
0.04756040081589456	0.3434887758827287	0.6089508233013766	27.92792792792793
0.046752811858087474	0.3408711451733171	0.6123760429685952	28.02802802802803
0.0459649502113962	0.3382599578356217	0.615775091952982	28.12812812812813
0.04519626384966092	0.335655698951041	0.6191480371992979	28.22822822822823
0.04444621721372166	0.3330588323797488	0.6224949504065294	28.32832832832833
0.043714290753470525	0.3304698014251175	0.6258159078214118	28.42842842842843
0.04299998027112543	0.32788902971920747	0.6291109900096669	28.52852852852853
0.042302796602899984	0.3253169217183373	0.6323802816787625	28.62862862862863
0.04162226525189291	0.3227538632495264	0.6356238714985805	28.72872872872873
0.040957925913028985	0.3202002221753754	0.6388418519115954	28.82882882882883
0.04030933205142378	0.31765634899224343	0.6420343189563326	28.92892892892893
0.03967605029456497	0.31512257761360835	0.6452013720918265	29.02902902902903
0.03905766026337963	0.31259922569821785	0.6483431140384023	29.12912912912913
0.038453754196345974	0.31008659518506515	0.6514596506185887	29.22922922922923
0.03786393654477168	0.3075849728528275	0.6545510906024007	29.32932932932933
0.03728782362669553	0.30509463081431865	0.6576175455589857	29.42942942942943
0.03672504329629437	0.30261582699031886	0.6606591297133866	29.52952952952953
0.0361752343283315	0.3001488058686913	0.6636759598029771	29.62962962962963
0.03563804590913248	0.29769379915060457	0.6666681549402629	29.72972972972973
0.035113137944252595	0.29525102556141336	0.669635836494334	29.82982982982983
0.034600180464577454	0.29282069157477025	0.6725791279606522	29.929929929929934
0.03409885332154306	0.29040299183857105	0.6754981548398857	30.030030030030034
0.03360884589862126	0.2879981095805446	0.678393044520834	30.130130130130134
0.033129856804572255	0.28560621702576156	0.681263926169666	30.230230230230234
0.0326615933149649	0.28322747604051096	0.684110930644524	30.330330330330334
0.03220377142968328	0.28086203820638334	0.6869341903639333	30.430430430430434
0.03175611557614721	0.27851004521516287	0.6897338392086898	30.530530530530534
0.031318358306611484	0.2761716292649903	0.6925100124283982	30.630630630630634
0.03089024005339182	0.27384691339936296	0.6952628465472451	30.730730730730734
0.030471508893264772	0.27153601183387804	0.697992479272857	30.830830830830834
0.03006192021664739	0.2692390303585723	0.7006990494247802	30.930930930930934
0.029661236479628338	0.2669560666664522	0.7033826968539193	31.031031031031034
0.029269227147886462	0.2646872105167987	0.7060435623353146	31.131131131131134
0.02888566840271112	0.2624325440944136	0.7086817875028751	31.231231231231234
0.028510342933917788	0.2601921422921636	0.7112975147739184	31.331331331331334
0.02814303973995195	0.25796607298394053	0.7138908872761074	31.431431431431434
0.027783553927974027	0.25575439729113947	0.7164620487808864	31.531531531531535
0.027431686479578814	0.2535571698558757	0.7190111436645454	31.631631631631635
0.027087244125796994	0.25137443906690926	0.7215383168072936	31.731731731731735
0.026750039158924717	0.24920624730367735	0.7240437135373978	31.831831831831835
0.026419889253828367	0.24705263117122733	0.7265274795749442	31.931931931931935
0.026096617301128593	0.24491362172538647	0.7289897609734849	32.032032032032035
0.0257800512455823	0.24278924469093316	0.7314307040634844	32.132132132132135
0.02547002393233323	0.24067952064120315	0.7338504554264635	32.232232232232235
0.025166372954973024	0.2385844652048289	0.736249161840198	32.332332332332335
0.02486894050543508	0.2365040892975542	0.7386269701970106	32.432432432432435
0.024577573233339995	0.23443839929241936	0.7409840274742405	32.532532532532535
0.02429212210789456	0.2323873972033745	0.7433204806887308	32.632632632632635
0.024012442283891062	0.23035108086327585	0.745636476852833	32.732732732732735
0.023738392976167776	0.2283294440874362	0.747932162936396	32.832832832832835
0.02346983735688074	0.2263224767938788	0.7502076858492404	32.932932932932935
0.02320664240278468	0.22433016522611987	0.7524631923710954	33.033033033033036
0.022948678785252034	0.22235249209253846	0.7546988291222094	33.133133133133136
0.022695820758821057	0.22038943671085034	0.7569147425303285	33.233233233233236
0.02244794605036801	0.2184409751533987	0.7591110787962332	33.333333333333336
0.022204935751463067	0.21650708038807195	0.7612879838604648	33.433433433433436
0.021966674244638905	0.2145877223615357	0.7634456033938252	33.533533533533536
0.021733049091464673	0.2126828681497414	0.7655840827587937	33.633633633633636
0.02150395091142818	0.21079248212539106	0.7677035669631805	33.733733733733736
0.0212792733029356	0.2089165260533651	0.7698042006436991	33.833833833833836
0.021058912752052582	0.2070549592083389	0.7718861280396083	33.933933933933936
0.020842768543715876	0.2052077384890107	0.7739494929672732	34.034034034034036
0.02063074269228997	0.2033748185030233	0.7759944388046865	34.134134134134136
0.02042273991271302	0.20155615158995382	0.778021108497333	34.234234234234236
0.020218667437038335	0.19975168808201896	0.7800296444809425	34.334334334334336
0.020018434970337968	0.1979613763511882	0.7820201886784737	34.434434434434436
0.019821954620360096	0.19618516289693363	0.783992882482706	34.53453453453454
0.019629140822684535	0.1944229924412225	0.7859478667360927	34.63463463463464
0.019439910267482974	0.1926748080213654	0.7878852817111514	34.73473473473474
0.019254181827740326	0.19094055108092878	0.7898052670913307	34.83483483483484
0.01907187648879347	0.1892201615589195	0.7917079619522869	34.93493493493494
0.018892917287011618	0.18751357796529147	0.7935935047476966	35.03503503503504
0.01871722950617111	0.18582073706346497	0.7954620334303637	35.13513513513514
0.018544740349993965	0.18414157435248402	0.7973136852975218	35.23523523523524
0.01837537882255663	0.18247602423219808	0.7991485969452451	35.33533533533534
0.018209075763591435	0.18082401993230193	0.8009669043041063	35.43543543543544
0.01804576379182117	0.17918549358193747	0.8027687426262411	35.53553553553554
0.017885377249354364	0.17756037627788357	0.8045542464727619	35.63563563563564
0.01772785214702564	0.17594859815150019	0.8063235497014739	35.73573573573574
0.017573126110565548	0.17435008843459168	0.8080767854548425	35.83583583583584
0.017421138327484254	0.17276477552435535	0.8098140861481602	35.93593593593594
0.017271829626078296	0.1711925868548775	0.8115355835190439	36.03603603603604
0.01712514252176869	0.16963344881661724	0.8132414086616138	36.13613613613614
0.01698102081084234	0.16808728733913045	0.8149316918500269	36.23623623623624
0.01683940969607952	0.16655402769461855	0.8166065626093016	36.33633633633634
0.016700255749429512	0.1650335945403373	0.8182661497102329	36.43643643643644
0.016563506870124384	0.1635259119677979	0.8199105811620774	36.53653653653654
0.016429112243464532	0.1620309035510878	0.8215399842054474	36.63663663663664
0.01629702230018851	0.16054849239443647	0.8231544853053747	36.73673673673674
0.016167188676339605	0.15907860117914985	0.8247542101445102	36.83683683683684
0.01603956420158624	0.15762115216974637	0.826339283628667	36.93693693693694
0.01591410308290014	0.15617606693950067	0.8279098299775988	37.03703703703704
0.0157907605517964	0.15474326686677145	0.8294659725814318	37.13713713713714
0.015669492890943475	0.1533226730863623	0.8310078340226938	37.23723723723724
0.015550257444073188	0.15191420646495202	0.8325355360909744	37.33733733733734
0.01543301258451062	0.1505177876360505	0.8340491997794386	37.43743743743744
0.015317717684214338	0.149133337034295	0.8355489452814903	37.53753753753754
0.015204333083262769	0.14776077492917752	0.8370348919875593	37.63763763763764
0.015092820059722456	0.1464000214582943	0.8385071584819829	37.73773773773774
0.014983140799992026	0.14505099665997948	0.8399658625400281	37.83783783783784
0.014875258502875448	0.14371362031238724	0.8414111211847369	37.93793793793794
0.014769137284211895	0.14238781206141102	0.8428430506543767	38.03803803803804
0.014664742028243083	0.14107349162578667	0.8442617663459698	38.13813813813814
0.01456203844674094	0.1397705787014507	0.845667382851808	38.23823823823824
0.014460993055246351	0.13847899298597383	0.8470600139587794	38.33833833833834
0.014361573149700128	0.13719865420248709	0.8484397726478123	38.43843843843844
0.014263746783419283	0.13592948212316736	0.849806771093413	38.53853853853854
0.014167482744371738	0.13467139659234703	0.8511611206632809	38.63863863863864
0.014072750532702566	0.13342431754931441	0.8525029319179827	38.73873873873874
0.013979520374695787	0.13218816500103117	0.8538323146242726	38.83883883883884
0.013887763293893775	0.13096285891626272	0.8551493777898431	38.93893893893894
0.013797450904323851	0.1297483195020196	0.8564542295936561	39.03903903903904
0.013708555460343915	0.12854446712703496	0.8577469774126207	39.13913913913914
0.013621049847751546	0.12735122232608312	0.8590277278261649	39.23923923923924
0.013534907566045943	0.12616850581651337	0.8602965866174402	39.33933933933934
0.01345010271096043	0.12499623851445733	0.8615536587745818	39.43943943943944
0.013366609957231426	0.12383434155075869	0.8627990484920095	39.53953953953954
0.013284404541569827	0.12268273628667294	0.8640328591717568	39.63963963963964
0.013203462249717813	0.12154134432376827	0.8652551934265135	39.73973973973974
0.013123759490552838	0.12041008738904825	0.8664661531203984	39.83983983983984
0.01304527318192469	0.11928888749013329	0.8676658393279415	39.93993993993994
0.012967980726602492	0.11817766694127045	0.8688543523321266	40.04004004004004
0.012891860026579946	0.11707634833438958	0.87003179163903	40.14014014014014
0.012816889469544833	0.11598485455013662	0.8711982559803181	40.24024024024024
0.012743047915564016	0.11490310876865373	0.8723538433157818	40.34034034034034
0.01267031468395923	0.1138310344801415	0.8734986508358988	40.44044044044044
0.01259866954034901	0.11276855549523745	0.874632774964413	40.54054054054054
0.012528092683832072	0.11171559595524619	0.8757563113609212	40.64064064064064
0.012458564769705418	0.11067208029247035	0.8768693549378238	40.74074074074074
0.012390066912145689	0.10963793321875653	0.8779719998690974	40.84084084084084
0.012322580591920073	0.10861307984758602	0.8790643395604935	40.94094094094094
0.012256087686182675	0.10759744564460733	0.8801464666692095	41.04104104104104
0.012190570458821246	0.1065909564336714	0.8812184731075069	41.14114114114114
0.01212601155023879	0.10559353840371172	0.882280450046049	41.24124124124124
0.012062393967289142	0.10460511811545845	0.8833324879172519	41.34134134134134
0.01199970107334861	0.1036256225080122	0.8843746764186388	41.44144144144144
0.01193791657850577	0.10265497890530223	0.8854071045161915	41.54154154154154
0.011877024539976501	0.10169311500815892	0.886429860451864	41.64164164164164
0.011817009413238566	0.10073995881482549	0.8874430317719354	41.74174174174174
0.01175785594232576	0.09979543876861541	0.8884467052890583	41.84184184184184
0.011699549177098489	0.09885948372634003	0.889440967096561	41.94194194194194
0.011642074475789466	0.09793202294757791	0.8904259025766321	42.04204204204204
0.011585417496662665	0.09701298609936652	0.8914015964039703	42.14214214214214
0.01152956418974311	0.09610230326084514	0.8923681325494113	42.24224224224224
0.011474500788602017	0.09519990492787048	0.893325594283527	42.34234234234234
0.011420213802181752	0.09430572201762737	0.8942740641801904	42.44244244244244
0.011366690006645124	0.09341968587325586	0.8952136241200985	42.54254254254254
0.011313916437233505	0.09254172826851688	0.8961443552942491	42.64264264264264
0.011261880380118272	0.09167178141251811	0.8970663382073631	42.74274274274275
0.011210569439520111	0.09080977784678307	0.8979796527136963	42.84284284284285
0.011159971560143854	0.08995565040631273	0.8988843780335428	42.94294294294295
0.011110074831421363	0.08910933249292756	0.8997805926756505	43.04304304304305
0.011060867578306285	0.08827075793860627	0.9006683744830869	43.14314314314315
0.011012338357485281	0.08743986100422142	0.9015478006382928	43.24324324324325
0.010964475951453827	0.0866165763813797	0.9024189476671659	43.34334334334335
0.010917269362652167	0.08580083919422427	0.903281891443123	43.44344344344345
0.010870707807651262	0.08499258500121365	0.9041367071911346	43.54354354354355
0.010824780711378516	0.08419174979689133	0.9049834694917296	43.64364364364365
0.010779477701373151	0.08339827001366025	0.905822252284966	43.74374374374375
0.010734788602061026	0.0826120825235764	0.906653128874362	43.84384384384385
0.010690703431604345	0.08183312463662684	0.9074761719317683	43.94394394394395
0.010647212474754609	0.08106133399392189	0.908291453531323	44.04404404404405
0.010604306189513878	0.08029664869081987	0.9090990451196657	44.14414414414415
0.010561975189004789	0.07953900729606538	0.9098990175149293	44.24424424424425
0.010520210266076052	0.07878834881185984	0.9106914409220636	44.34434434434435
0.010479002388866464	0.07804461267415107	0.9114763849369819	44.44444444444445
0.010438342696413192	0.0773077387529084	0.9122539185506778	44.54454454454455
0.010398222494297107	0.0765776673523939	0.9130241101533084	44.64464464464465
0.010358633250317986	0.07585433921143937	0.9137870275382421	44.74474474474475
0.010319566590192375	0.07513769550373967	0.9145427379060674	44.84484484484485
0.01028101429326691	0.07442767783817202	0.9152913078685605	44.94494494494495
0.01024296828823989	0.0737242282591517	0.9160328034526078	45.04504504504505
0.010205420664895295	0.07302728922371828	0.9167672901113859	45.14514514514515
0.01016836372198707	0.07233680352602685	0.9174948327519856	45.24524524524525
0.01013178985933	0.07165271444875451	0.918215495691915	45.34534534534535
0.010095691610773349	0.07097496570939867	0.9189293426798275	45.44544544544545
0.010060061647743394	0.07030350144947956	0.9196364369027765	45.54554554554555
0.010024892776014531	0.06963826623364955	0.9203368409903354	45.64564564564565
0.009990177932516902	0.06897920504879473	0.9210306170186878	45.74574574574575
0.009955910182175742	0.06832626330313571	0.921717826514688	45.84584584584585
0.009922082714777678	0.06767938682533381	0.9223985304598881	45.94594594594595
0.00988868884185917	0.06703852186360976	0.9230727892945305	46.04604604604605
0.009855721993612293	0.06640361508488106	0.9237406629215061	46.14614614614615
0.009823175715803099	0.06577461357392472	0.9244022107102716	46.24624624624625
0.009791043693074828	0.0651514647933965	0.9250574915135282	46.34634634634635
0.009759319738543304	0.06453411659395633	0.9257065636674999	46.44644644644645
0.009727997752895026	0.0639225172697316	0.9263494849773729	46.54654654654655
0.009697071745406629	0.06331661552185555	0.9269863127327373	46.64664664664665
0.009666535831542585	0.0627163604568337	0.9276171037116232	46.74674674674675
0.009636384230545083	0.0621217015849626	0.9282419141844919	46.84684684684685
0.009606611263049888	0.061532588818750705	0.9288607999181989	46.94694694694695
0.009577211348724848	0.060948972471345224	0.9294738161799294	47.04704704704705
0.009548179003927623	0.06037080325496988	0.930081017741102	47.14714714714715
0.009519508839379326	0.05979803227937794	0.9306824588812422	47.24724724724725
0.009491195557850654	0.059230611050324906	0.9312781933918239	47.34734734734735
0.009463233953971646	0.058668491465368504	0.9318682745806594	47.44744744744745
0.009435618939799665	0.05811162577685089	0.9324527552833489	47.54754754754755
0.009408345504871981	0.05755996663847999	0.9330316878566475	47.64764764764765
0.009381408717756877	0.05701346709901721	0.9336051241832254	47.74774774774775
0.00935480373161018	0.056472080590892884	0.9341731156774964	47.84784784784785
0.00932852578234844	0.05593576092827577	0.9347357132893752	47.94794794794795
0.009302570186844338	0.055404462305151204	0.935292967508004	48.04804804804805
0.009276932341141981	0.05487813929341099	0.9358449283654465	48.14814814814815
0.009251607718689723	0.054356746840958335	0.9363916454403514	48.24824824824825
0.00922659186858821	0.053840240269830836	0.9369331678615804	48.34834834834835
0.009201880413851251	0.05332857527434485	0.9374695443118034	48.44844844844845
0.00917746904967723	0.052821707919264306	0.9380008230310579	48.54854854854855
0.009153353548385144	0.052319594627203536	0.9385270518244108	48.64864864864865
0.009129529768593938	0.05182219215918983	0.9390482780722157	48.74874874874875
0.00910599362504291	0.051329457659087016	0.9395645487158696	48.84884884884885
0.009082741099295459	0.05084134863176477	0.9400759102689392	48.94894894894895
0.009059768239356862	0.05035782293928251	0.9405824088213601	49.04904904904905
0.009037071158291408	0.0498788387987336	0.9410840900429744	49.14914914914915
0.00901464603285626	0.04940435478009959	0.9415809991870436	49.24924924924925
0.008992489102150333	0.04893432980411653	0.9420731810937326	49.34934934934935
0.008970596666276589	0.048468723140155566	0.9425606801935673	49.44944944944945
0.008948965085016069	0.04800749440411962	0.9430435405108638	49.54954954954955
0.008927590776511998	0.04755060355635844	0.9435218056671291	49.64964964964965
0.008906470216013677	0.04709801089953796	0.9439955188844479	49.74974974974975
0.008885599945636752	0.04664967706237982	0.9444647229919829	49.84984984984985
0.008864976564715472	0.04620556300837974	0.9449294604269043	49.94994994994995
0.008844596720980067	0.04576563004349636	0.9453897732355231	50.050050050050054
0.008824457115862975	0.045329839805708934	0.9458457030784275	50.150150150150154
0.008804554503429792	0.044898154262801075	0.9462972912337686	50.250250250250254
0.008784885689324111	0.044470535710157244	0.9467445786005181	50.350350350350354
0.008765447529725108	0.044046946768573604	0.9471876057017008	50.450450450450454
0.00874623693031668	0.04362735038208461	0.9476264126875982	50.550550550550554
0.00872725084526697	0.043211709815806736	0.9480610393389258	50.650650650650654
0.008708486276217097	0.04279998865380084	0.9484915250699816	50.750750750750754
0.008689940271277936	0.042392150796954575	0.948917908931767	50.850850850850854
0.008671609926151989	0.041988160457773094	0.9493402296160744	50.950950950950954
0.00865349239676259	0.04158798213828843	0.9497585254649485	51.051051051051054
0.008635584874238877	0.0411915806633264	0.9501728344624343	51.151151151151154
0.008617884590358569	0.040798921169039784	0.9505831942406012	51.251251251251254
0.008600388819551578	0.04040996909652651	0.9509896420839214	51.351351351351354
0.008583094878019955	0.04002469018971616	0.9513922149322634	51.451451451451454
0.008566000122862773	0.03964305049327906	0.9517909493838577	51.551551551551555
0.008549101951204919	0.03926501635055921	0.9521858816982354	51.651651651651655
0.008532397799328713	0.038890554401532315	0.9525770477991385	51.751751751751755
0.008515885141807336	0.0385196315807901	0.9529644832774021	51.851851851851855
0.008499561490638954	0.0381522151155524	0.9533482233938082	51.951951951951955
0.008483424394380549	0.03778827252370796	0.953728303081911	52.052052052052055
0.008467471437280345	0.03742777161188551	0.9541047569508336	52.152152152152155
0.00845170023840781	0.03707068047355624	0.9544776192880354	52.252252252252255
0.008436108450780168	0.03671696748716883	0.9548469240620505	52.352352352352355
0.008420693760484346	0.036366601314318604	0.9552127049251966	52.452452452452455
0.008405453895691662	0.03601955088351848	0.9555749952207895	52.552552552552555
0.008390386661144196	0.03567578533685508	0.9559338280020003	52.652652652652655
0.008375489862857457	0.0353352741367528	0.9562892360003893	52.752752752752755
0.00836076133377957	0.034997987025554	0.956641251640666	52.852852852852855
0.008346198938827851	0.03466389401519602	0.9569899070459758	52.952952952952955
0.00833180057426234	0.03433296538517152	0.9573352340405658	53.053053053053056
0.008317564167062853	0.03400517168050896	0.9576772641524278	53.153153153153156
0.00830348767430889	0.03368048370977409	0.9580160286159166	53.253253253253256
0.008289569082561688	0.03335887254309311	0.9583515583743448	53.353353353353356
0.008275806407247713	0.033040309510198276	0.9586838840825536	53.453453453453456
0.008262197692042906	0.03272476619849672	0.95901303610946	53.553553553553556
0.008248741008256977	0.03241221445116314	0.9593390445405795	53.653653653653656
0.008235434454217058	0.0321026263652572	0.9596619391805253	53.753753753753756
0.008222276154650002	0.03179597428986633	0.9599817495554832	53.853853853853856
0.008209264260062639	0.03149223082427466	0.9602985049156623	53.953953953953956
0.008196396946119304	0.031191368816158863	0.9606122342377215	54.054054054054056
0.008183672422467175	0.03089336134749133	0.9609229662300411	54.154154154154156
0.008171088949851552	0.030598181709659895	0.9612307293404881	54.254254254254256
0.008158644791531718	0.030305803464253562	0.9615355517442143	54.354354354354356
0.008146338233306334	0.030016200414434206	0.9618374613522591	54.454454454454456
0.008134167585225482	0.02972934660020327	0.9621364858145709	54.55455455455456
0.008122131181137764	0.029445216296512956	0.9624326525223489	54.65465465465466
0.008110227378240041	0.029163784011396094	0.9627259886103635	54.75475475475476
0.008098454556629381	0.028885024484115125	0.9630165209592552	54.85485485485486
0.008086811118856743	0.028608912683330615	0.9633042761978122	54.95495495495496
0.00807529548948193	0.02833542380528977	0.963589280705228	55.05505505505506
0.008063906114629375	0.028064533272035327	0.9638715606133349	55.15515515515516
0.008052641461544264	0.027796216729635316	0.96415114180882	55.25525525525526
0.008041500018148568	0.02753045004643409	0.964428049935417	55.35535535535536
0.008030480292596495	0.02726720931132506	0.9647023103960781	55.45545545545546
0.008019580812828934	0.027006470832045555	0.9649739483551252	55.55555555555556
0.008008800126126384	0.0267482111334943	0.965242988740379	55.65565565565566
0.007998136807541535	0.026492406944070724	0.9655094562483874	55.75575575575576
0.007987589466294716	0.02623903518478714	0.9657733753489177	55.85585585585586
0.007977156715269761	0.025988073008260993	0.9660347702764689	55.95595595595596
0.00796683718563382	0.025739497776753745	0.966293665037612	56.05605605605606
0.00795662952719841	0.02549328705949636	0.9665500834133048	56.15615615615616
0.007946532408092647	0.0252494186309636	0.9668040489609434	56.25625625625626
0.007936544514438853	0.02500787046916437	0.9670555850163964	56.35635635635636
0.007926664550030256	0.024768620753948253	0.9673047146960211	56.45645645645646
0.00791689123601047	0.02453164786532851	0.9675514608986606	56.55655655655656
0.00790722331055449	0.02429693038182172	0.9677958463076234	56.65665665665666
0.007897659528550836	0.024064447078804285	0.9680378933926445	56.75675675675676
0.00788819866128464	0.023834176926886	0.968277624411829	56.85685685685686
0.007878839496121299	0.023606099090300942	0.9685150614135773	56.95695695695696
0.007869580836190434	0.023380192925315825	0.9687502262384934	57.05705705705706
0.007860421500069867	0.023156437978656078	0.9689831405212737	57.15715715715716
0.007851360321469273	0.022934813985949872	0.9692138256925805	57.25725725725726
0.00784239615579726	0.02271530086084555	0.9694423029833568	57.35735735735736
0.007833527879841883	0.022497878693494372	0.9696685934266632	57.45745745745746
0.007824754376672934	0.022282527769111028	0.9698927178542156	57.55755755755756
0.007816074543968057	0.02206922855475408	0.9701146969012774	57.65765765765766
0.007807487293881207	0.021857961697603876	0.9703345510085144	57.75775775775776
0.007798991552800769	0.02164870802340662	0.9705523004237921	57.85785785785786
0.00779058626110951	0.02144144853493213	0.9707679652039579	57.95795795795796
0.00778227037294615	0.021236164410445416	0.970981565216608	58.05805805805806
0.00777404285596834	0.02103283700219208	0.9711931201418391	58.15815815815816
0.007765902691116885	0.020831447834897716	0.9714026494739849	58.25825825825826
0.007757848872380962	0.02063197860428134	0.9716101725233373	58.35835835835836
0.007749880406564162	0.020434411175582885	0.9718157084178525	58.45845845845846
0.007741996313051153	0.020238727582104977	0.9720192761048434	58.55855855855856
0.007734195623574745	0.020044910023768906	0.9722208943526559	58.65865865865866
0.007726477381983179	0.019852940865685027	0.9724205817523313	58.75875875875876
0.00771884064400742	0.019662802636737562	0.9726183567192546	58.85885885885886
0.007711284483017878	0.01947447802322497	0.9728142374937567	58.95895895895896
0.0077038079864097395	0.019287949870273442	0.9730082421433164	59.05905905905906
0.00769641024815959	0.019103201186434462	0.9732003885654055	59.15915915915916
0.007689090373786599	0.018920215138026414	0.9733906944881866	59.25925925925926
0.0076818474801712685	0.018738975047747793	0.9735791774720806	59.35935935935936
0.007674680695375244	0.018559464393303464	0.9737658549113208	59.45945945945946
0.007667589158462597	0.018381666806043553	0.9739507440354934	59.55955955955956
0.007660572019322466	0.018205566069615	0.9741338619110621	59.65965965965966
0.007653628438492898	0.018031146118625805	0.9743152254428809	59.75975975975976
0.0076467575869857635	0.017858391037321945	0.9744948513756919	59.85985985985987
0.007639958646112621	0.017687285058277137	0.9746727562956098	59.95995995995997
0.007633230807311373	0.017517812561095206	0.974848956631593	60.06006006006007
0.007626573271973594	0.017349958071125375	0.9750234686569006	60.16016016016017
0.007619985251272396	0.017183706258190337	0.9751963084905368	60.26026026026027
0.007613465965990684	0.017019041935327165	0.9753674920986817	60.36036036036037
0.00760701464638415	0.016855950057496304	0.9755370352961191	60.46046046046047
0.0076006305365873906	0.016694415714401004	0.9757049537490111	60.56056056056057
0.007594312890069116	0.0165344241349491	0.9758712629749813	60.66066066066067
0.0075880609669261925	0.01637596068933848	0.9760359783437349	60.76076076076077
0.007581874036391135	0.016219010884381595	0.9761991150792269	60.86086086086087
0.007575751376694461	0.016063560362279124	0.976360688261026	60.96096096096097
0.007569692274928288	0.015909594899404356	0.9765207128256669	61.06106106106107
0.007563696026911091	0.01575710040509823	0.9766792035679902	61.16116116116117
0.007557761937053518	0.015606062920475023	0.976836175142471	61.26126126126127
0.007551889318225169	0.015456468617238674	0.9769916420645357	61.36136136136137
0.007546077491622263	0.01530830379650966	0.9771456187118676	61.46146146146147
0.007540325786636065	0.01516155488766247	0.977298119325701	61.56156156156157
0.007534633540722023	0.015016208447173588	0.977449158012104	61.66166166166167
0.007529000099269482	0.01487225115748001	0.97759874874325	61.76176176176177
0.007523424815471903	0.014729669825848212	0.9777469053586794	61.86186186186187
0.007517907050197492	0.014588451383253589	0.9778936415665485	61.96196196196197
0.007512446168959181	0.014448582881098602	0.9780389709499417	62.06206206206207
0.007507041558339902	0.014310051497167067	0.9781829069444926	62.16216216216217
0.007501692599931687	0.014172844521938134	0.9783254628781297	62.26226226226227
0.0074963986859142104	0.014036949369177988	0.9784666519449073	62.36236236236237
0.007491159215733691	0.013902353570729673	0.9786064872135362	62.46246246246247
0.00748597359600332	0.013769044775443752	0.9787449816285525	62.56256256256257
0.007480841240403853	0.01363701074811788	0.9788821480114779	62.66266266266267
0.007475761569584359	0.013506239368445309	0.97901799906197	62.76276276276277
0.007470734011063133	0.013376718629972275	0.9791525473589642	62.86286286286287
0.007465757999128765	0.013248436639064316	0.9792858053618065	62.96296296296297
0.0074608329747413655	0.013121381613881506	0.9794177854113767	63.06306306306307
0.0074559583854339586	0.012995541883362586	0.9795484997312031	63.16316316316317
0.007451133685214022	0.012870905886218012	0.9796779604285676	63.26326326326327
0.0074463583344652	0.012747462169931929	0.9798061794956024	63.36336336336337
0.0074416317998491615	0.012625199389773032	0.9799331688103774	63.46346346346347
0.007436953554207634	0.012504106307814365	0.9800589401379776	63.56356356356357
0.007432323076806951	0.012384171791762356	0.9801835051314303	63.66366366366367
0.00742773985789752	0.01226538481127873	0.9803068753308233	63.76376376376377
0.007423203391186865	0.01214773444135937	0.9804290621674533	63.86386386386387
0.007418713174772605	0.012031209860788953	0.980550076964438	63.96396396396397
0.00741426871258146	0.011915800350309511	0.9806699309371085	64.06406406406407
0.007409869514278916	0.011801495291689779	0.9807886351940308	64.16416416416416
0.0074055150951791845	0.011688284166803358	0.9809062007380169	64.26426426426427
0.007401204976155476	0.011576156556715823	0.9810226384671282	64.36436436436436
0.00739693868355056	0.011465102140780455	0.9811379591756685	64.46446446446447
0.007392715749087641	0.01135511069574304	0.9812521735551688	64.56456456456456
0.0073885357097815225	0.011246172094855256	0.9813652921953627	64.66466466466467
0.007384398107850084	0.01113827630699714	0.9814773255851523	64.76476476476476
0.007380302490626049	0.011031413395808126	0.9815882841135654	64.86486486486487
0.007376248410469065	0.010925573518827164	0.9816981780707033	64.96496496496496
0.007372235424678073	0.010820746926641431	0.9818070176486801	65.06506506506507
0.007368263095403987	0.010716923962044097	0.9819148129425515	65.16516516516516
0.007364330989562672	0.010614095059200693	0.9820215739512361	65.26526526526527
0.0073604386787482256	0.010512250742824553	0.9821273105784267	65.36536536536536
0.0073565857391465535	0.010411381627360824	0.9822320326334921	65.46546546546547
0.007352771751449258	0.01031147841617956	0.9823357498323707	65.56556556556556
0.007348996300767814	0.010212531900777418	0.9824384717984543	65.66566566566567
0.0073452589765480615	0.010114532959988388	0.9825402080634631	65.76576576576576
0.007341559372953173	0.010017472558824528	0.9826409680682219	65.86586586586587
0.007337897104232592	0.009921341735207066	0.9827407611605599	65.96596596596596
0.007334271783885323	0.009826131615985315	0.9828395966001289	66.06606606606607
0.007330683022890934	0.009731833417545136	0.9829374835595635	66.16616616616616
0.007327130436597889	0.009638438439425166	0.9830344311239765	66.26626626626627
0.007323613644662309	0.009545938063562355	0.9831304482917749	66.36636636636636
0.007320132270987516	0.009454323753545747	0.9832255439754662	66.46646646646647
0.007316685943664354	0.009363587053878897	0.9833197270024563	66.56656656656656
0.0073132742949122915	0.009273719589250532	0.9834130061158367	66.66666666666667
0.007309896961021306	0.009184713063813854	0.9835053899751643	66.76676676676676
0.007306553582294543	0.009096559260474093	0.9835968871572309	66.86686686686687
0.0073032438029917626	0.009009250040184684	0.9836875061568231	66.96696696696696
0.007299967271273561	0.008922777341251709	0.9837772553874743	67.06706706706707
0.007296723639146372	0.008837133178646962	0.9838661431822062	67.16716716716716
0.007293512562408251	0.008752309643329263	0.983954177794262	67.26726726726727
0.007290333700595442	0.008668298901574417	0.9840413673978297	67.36736736736736
0.0072871867169297146	0.008585093194313416	0.9841277200887564	67.46746746746747
0.007284071278266491	0.008502684836479268	0.9842132438852538	67.56756756756756
0.00728098705504375	0.008421066216362091	0.9842979467285937	67.66766766766767
0.00727793372123171	0.008340229794972833	0.984381836483795	67.76776776776777
0.007274910954283294	0.008260168105415243	0.984464920940301	67.86786786786787
0.00727191843508537	0.008180873752266468	0.9845472078126477	67.96796796796797
0.007268955847943882	0.008102339410816225	0.9846287047412394	68.06806806806807
0.007266022885806035	0.008024557802635737	0.9847094193115578	68.16816816816817
0.007263119244661162	0.007947521720093258	0.9847893590352451	68.26826826826827
0.00726024462053327	0.007871224039162062	0.9848685313403042	68.36836836836838
0.007257398712818902	0.007795657703546163	0.9849469435836344	68.46846846846847
0.007254581224251477	0.007720815724073428	0.9850246030516746	68.56856856856858
0.007251791860866578	0.0076466911780964306	0.9851015169610365	68.66866866866867
0.0072490303319682	0.0075732772089007715	0.9851776924591306	68.76876876876878
0.0072462963500959645	0.0075005670251211964	0.9852531366247823	68.86886886886887
0.007243589630993286	0.00742855390016518	0.985327856468841	68.96896896896898
0.0072409098935765056	0.007357231171644308	0.9854018589347787	69.06906906906907
0.007238256859904978	0.007286592240813111	0.9854751508992814	69.16916916916918
0.007235630255152123	0.007216630572015716	0.9855477391728317	69.26926926926927
0.0072330298075774305	0.007147339692139937	0.9856196305002821	69.36936936936938
0.007230455248499434	0.0070787131900791845	0.9856908315614209	69.46946946946947
0.007227906312269633	0.007010744716201821	0.985761348971528	69.56956956956958
0.00722538273624739	0.006943427981828324	0.9858311892819238	69.66966966966967
0.007222884260775768	0.006876756758715909	0.9859003589805079	69.76976976976978
0.007220410629158346	0.006810724878550945	0.9859688644922903	69.86986986986987
0.007217961587636981	0.006745326232448845	0.9860367121799137	69.96996996996998
0.007215536885370537	0.006680554770461735	0.9861039083441673	70.07007007007007
0.007213136274414573	0.006616404501093609	0.9861704592244913	70.17017017017018
0.007210759509701985	0.006552869490823254	0.9862363709994743	70.27027027027027
0.007208406343620161	0.006489943835988651	0.9863016498203906	70.37037037037038
0.007206076529415185	0.0064276216798282776	0.986366301790756	70.47047047047047
0.007203769828227361	0.006365897248100634	0.9864303329236714	70.57057057057058
0.00720148600379825	0.006304764821641381	0.9864937491745598	70.67067067067067
0.007199224822442074	0.006244218735852468	0.9865565564417049	70.77077077077078
0.007196986053021437	0.006184253380216157	0.9866187605667619	70.87087087087087
0.007194769466923766	0.006124863197815383	0.9866803673352603	70.97097097097098
0.007192574838038505	0.0060660426848607365	0.9867413824771002	71.07107107107107
0.007190401942735026	0.006007786390223796	0.9868018116670406	71.17117117117118
0.007188250559841291	0.00595008891497708	0.9868616605251811	71.27127127127127
0.007186120470623241	0.005892944911940345	0.9869209346174359	71.37137137137138
0.007184011458764923	0.005836349085233499	0.986979639456001	71.47147147147147
0.007181923310349355	0.005780296189835874	0.9870377804998142	71.57157157157158
0.0071798558138401235	0.005724781031152105	0.9870953631550072	71.67167167167167
0.0071778087600637116	0.005669798464584367	0.9871523927753514	71.77177177177178
0.0071757819421925766	0.0056153433951112225	0.9872088746626957	71.87187187187187
0.007173775155728952	0.005561410776872827	0.9872648140673976	71.97197197197198
0.007171788198489384	0.00550799561276274	0.9873202161887473	72.07207207207207
0.0071698208705900145	0.005455092954026102	0.9873750861753833	72.17217217217218
0.007167872974432586	0.00540269789986441	0.9874294291257024	72.27227227227228
0.007165944314691195	0.005350805597046663	0.9874832500882615	72.37237237237238
0.007164034698299769	0.005299411239527102	0.9875365540621726	72.47247247247248
0.007162143930286585	0.005248510047788296	0.9875893460219246	72.57257257257258
0.007160271813889481	0.005198097269088363	0.9876416309170216	72.67267267267268
0.007158418160380803	0.005148168225119969	0.9876934136144987	72.77277277277278
0.007156582783143251	0.005098718282775302	0.9877446989340809	72.87287287287288
0.00715476549754862	0.005049742853247214	0.9877954916492037	72.97297297297298
0.007152966120939126	0.00500123739163424	0.9878457964874261	73.07307307307308
0.0071511844726092405	0.004953197396550911	0.9878956181308394	73.17317317317318
0.0071494203737880405	0.004905618409743565	0.9879449612164679	73.27327327327328
0.007147673647622075	0.004858496015711449	0.987993830336666	73.37337337337338
0.00714594411915874	0.0048118258413333385	0.9880422300395074	73.47347347347348
0.007144231615330167	0.004765603555499437	0.9880901648291699	73.57357357357358
0.007142535964937632	0.004719824868748783	0.988137639166313	73.67367367367368
0.007140856998636465	0.004674485532911958	0.9881846574684511	73.77377377377378
0.0071391945489214905	0.004629581340759286	0.9882312241103187	73.87387387387388
0.007137548450112961	0.004585108125654338	0.9882773434242322	73.97397397397398
0.0071359185383430244	0.0045410617612129285	0.9883230197004436	74.07407407407408
0.0071343046515426846	0.004497438160967422	0.9883682571874893	74.17417417417418
0.007132706629429294	0.004454233278036526	0.9884130600925337	74.27427427427428
0.007131124313494549	0.004411443104800389	0.9884574325817046	74.37437437437438
0.007129557546992997	0.0043690636725811985	0.9885013787804253	74.47447447447448
0.0071280061749310645	0.004327091051329072	0.9885449027737393	74.57457457457458
0.007126470044056596	0.004285521349313453	0.9885880086066294	74.67467467467468
0.007124949000751219	0.004244350699693968	0.9886307002995544	74.77477477477478
0.007123442889314264	0.0042035752495436325	0.9886729818611416	74.87487487487488
0.007121951559918455	0.004163191209393282	0.9887148572306877	74.97497497497498
0.0071204748645261945	0.004123194827444186	0.9887563303080291	75.07507507507508
0.00711901265664963	0.004083582387834374	0.9887974049555155	75.17517517517518
0.007117564791336154	0.004044350210317892	0.9888380849983455	75.27527527527528
0.007116131125154272	0.004005494649948437	0.9888783742248968	75.37537537537538
0.0071147115161798325	0.003967012096767526	0.9889182763870521	75.47547547547548
0.007113305823982617	0.003928898975497056	0.9889577952005199	75.57557557557558
0.007111913909613301	0.0038911517452363967	0.9889969343451498	75.67567567567568
0.007110535635590773	0.00385376689916387	0.9890356974652449	75.77577577577578
0.007109170865889817	0.0038167409642427654	0.9890740881698669	75.87587587587588
0.00710781946592916	0.003780070500931741	0.9891121100331386	75.97597597597598
0.007106481302559886	0.0037437521028997607	0.9891497665945398	76.07607607607608
0.007105156244054206	0.003707782396745417	0.9891870613591999	76.17617617617618
0.007103844160094599	0.0036721580417207905	0.9892239977981842	76.27627627627628
0.007102544921763311	0.0036368757294596935	0.9892605793487765	76.37637637637638
0.007101258401532223	0.003601932183710452	0.9892968094147568	76.47647647647648
0.007099984473253077	0.003567324160073072	0.9893326913666733	76.57657657657658
0.007098723012148069	0.003533048445740941	0.9893682285421105	76.67667667667668
0.007097473894800805	0.003499101859246918	0.9894034242459517	76.77677677677679
0.007096236999147618	0.003465481250213957	0.9894382817506379	76.87687687687688
0.0070950122034492205	0.0034321834910873185	0.989472804305463	76.97697697697699
0.007093799384176151	0.003399205460325192	0.9895069951554982	77.07707707707708
0.007092598421933622	0.0033665440888227117	0.9895408574892433	77.17717717717719
0.0070914091988729284	0.003334196339377359	0.9895743944617492	77.27727727727728
0.007090231598360602	0.003302159203913635	0.9896076091977253	77.37737737737739
0.007089065504967087	0.003270429703222459	0.98964050479181	77.47747747747748
0.007087910804455663	0.003239004886704145	0.9896730843088397	77.57757757757759
0.0070867673837716446	0.0032078818321151148	0.9897053507841128	77.67767767767768
0.007085635131031833	0.0031770576453181948	0.9897373072236495	77.77777777777779
0.0070845139355142275	0.003146529460036647	0.9897689566044486	77.87787787787788
0.007083403687648011	0.003116294437611781	0.9898003018747398	77.97797797797799
0.00708230427900378	0.003086349766764302	0.9898313459542315	78.07807807807808
0.00708121560228405	0.003056692663359243	0.9898620917343562	78.17817817817819
0.007080137551314016	0.003027320370174628	0.989892542078511	78.27827827827828
0.007079070021032575	0.0029982301566737215	0.9899226998222933	78.37837837837839
0.007078012907483611	0.002969419318781009	0.989952567773735	78.47847847847848
0.00707696610780754	0.0029408851786617662	0.9899821487135303	78.57857857857859
0.007075929520233122	0.002912625084505353	0.9900114453952611	78.67867867867868
0.0070749030440695245	0.0028846364103121036	0.9900404605456179	78.77877877877879
0.007073886579698658	0.0028569165556839356	0.9900691968646169	78.87887887887888
0.007072880028567764	0.0028294629456185575	0.9900976570258132	78.97897897897899
0.007071883293182272	0.0028022730303073964	0.9901258436765099	79.07907907907908
0.00707089627651575	0.002775344279468607	0.9901537594440152	79.17917917917919
0.007069918879672023	0.0027486741602915617	0.990181406960036	79.27927927927928
0.007068951007086797	0.0027222601860822666	0.9902087888068305	79.37937937937939
0.0070679925646373425	0.002696099898407223	0.990235907536955	79.47947947947948
0.007067043459165666	0.00267019086249291	0.9902627656783409	79.57957957957959
0.007066103598470328	0.0026445306670212815	0.9902893657345079	79.67967967967968
0.007065172891298483	0.0026191169239284133	0.9903157101847726	79.77977977977979
0.007064251247338125	0.0025939472682064216	0.9903418014844549	79.87987987987988
0.0070633385772105595	0.002569019357708535	0.9903676420650804	79.97997997997999
0.007062434792463073	0.002544330872957434	0.990393234334579	80.08008008008008
0.007061539805561829	0.0025198795169567418	0.9904185806774809	80.18018018018019
0.007060653529884976	0.002495663015005791	0.9904436834551088	80.28028028028028
0.007059775879715963	0.002471679114517537	0.990468545005766	80.38038038038039
0.007058906770237072	0.002447925584839742	0.9904931676449227	80.48048048048048
0.007058046117523169	0.0024244002170793143	0.9905175536653971	80.58058058058059
0.007057193838535663	0.002401100823929915	0.9905417053375339	80.68068068068068
0.007056349851116677	0.002378025239502718	0.9905656249093802	80.78078078078079
0.007055514073983445	0.00235517131916044	0.9905893146068556	80.88088088088088
0.0070546864267229045	0.002332536939354521	0.9906127766339221	80.98098098098099
0.007053866829786519	0.0023101199974655787	0.9906360131727474	81.08108108108108
0.0070530552044853045	0.0022879184116470124	0.9906590263838672	81.18118118118119
0.0070522514729850745	0.002265930120671875	0.9906818184063426	81.28128128128128
0.0070514555583018985	0.002244153083782904	0.9907043913579148	81.38138138138139
0.00705066738429777	0.002222585280545813	0.990726747335156	81.48148148148148
0.007049886875676494	0.0022012247107057476	0.9907488884136173	81.58158158158159
0.007049113957979786	0.0021800693940469953	0.9907708166479727	81.68168168168168
0.007048348555573868	0.0021591173489081002	0.9907925340955175	81.78178178178179
0.007047590590803462	0.0021383665830983015	0.9908140428260978	81.88188188188188
0.007046839990456728	0.002117815162474006	0.9908353448470687	81.98198198198199
0.007046096682193654	0.002097461172904948	0.9908564421449009	82.08208208208208
0.007045360594403698	0.002077302718667879	0.9908773366869279	82.18218218218219
0.00704463165619931	0.0020573379222845224	0.9908980304215157	82.28228228228228
0.007043909797409596	0.0020375649243619476	0.990918525278228	82.38238238238239
0.007043194948574121	0.0020179818834354505	0.9909388231679899	82.48248248248248
0.007042487040936861	0.0019985869758138495	0.9909589259832488	82.58258258258259
0.007041786006440296	0.001979378395427293	0.9909788355981319	82.68268268268268
0.0070410917777196415	0.001960354353677475	0.9909985538686024	82.78278278278279
0.007040404288097235	0.0019415130792903683	0.9910180826326119	82.88288288288288
0.007039723471577054	0.0019228528181713675	0.991037423710251	82.98298298298299
0.007039049262839378	0.001904371833262939	0.9910565789038972	83.08308308308308
0.007038381597235608	0.001886068404404693	0.9910755499983592	83.18318318318319
0.007037720410783207	0.0018679408281959556	0.9910943387610203	83.28328328328328
0.007037065640160805	0.001849987417860765	0.9911129469419779	83.38338338338339
0.007036417222703433	0.0018322065031153676	0.9911313762741807	83.48348348348348
0.007035775096397903	0.001814596430038137	0.9911496284735635	83.58358358358359
0.007035139199878341	0.0017971555609419944	0.9911677052391792	83.68368368368368
0.007034509472421846	0.0017798822742492529	0.9911856082533284	83.78378378378379
0.00703388585394431	0.0017627749643689594	0.9912033391816862	83.88388388388388
0.007033268284996371	0.001745832041576664	0.9912208996734264	83.98398398398399
0.007032656706759504	0.001729051931896686	0.9912382913613433	84.08408408408408
0.007032051061042275	0.0017124330769868056	0.9912555158619704	84.18418418418419
0.007031451290271217	0.0016959739339547067	0.9912725747757736	84.28428428428428
0.007030857335581603	0.0016796729507281977	0.9912894697136897	84.38438438438439
0.007030269138712892	0.0016635285903768894	0.9913062022709097	84.48448448448448
0.007029686643348925	0.001647539348290541	0.99132277400836	84.58458458458459
0.00702910979373682	0.0016317037343460679	0.9913391864719167	84.68468468468468
0.007028538534682064	0.001616020272781128	0.9913554411925364	84.78478478478479
0.00702797281154371	0.0016004875020697326	0.991371539686386	84.88488488488488
0.007027412570229675	0.0015851039747997995	0.9913874834549701	84.98498498498499
0.007026857757192154	0.001569868257552727	0.9914032739852546	85.08508508508508
0.007026308319423125	0.0015547789307849152	0.9914189127497914	85.18518518518519
0.0070257642044499816	0.0015398345887113049	0.9914344012068382	85.28528528528528
0.0070252253603312505	0.0015250338391908653	0.9914497408004774	85.38538538538539
0.007024691735652426	0.001510375303614096	0.991464932960733	85.4854854854855
0.007024163279521909	0.0014958576167924916	0.9914799791036851	85.58558558558559
0.007023639941567052	0.0014814794268499883	0.9914948806315825	85.6856856856857
0.007023121671930306	0.0014672393951164152	0.9915096389329527	85.78578578578579
0.007022608421265483	0.0014531361960228974	0.9915242553827112	85.8858858858859
0.007022100140734113	0.001439168516999273	0.9915387313422661	85.98598598598599
0.007021596782001915	0.0014253350583734643	0.9915530681596242	86.0860860860861
0.0070210982972353725	0.00141163453327286	0.9915672671694913	86.18618618618619
0.007020604639098412	0.0013980656675276512	0.9915813296933734	86.2862862862863
0.00702011576074919	0.001384627199576181	0.9915952570396741	86.38638638638639
0.007019631615836986	0.0013713178803722453	0.9916090505037903	86.4864864864865
0.007019152158499203	0.001358136473294409	0.9916227113682059	86.58658658658659
0.00701867734335847	0.001345081754057272	0.9916362409025837	86.6866866866867
0.0070182071255198535	0.0013321525106247518	0.991649640363855	86.78678678678679
0.007017741460426287	0.0013193475410700614	0.9916629109985031	86.8868868868869
0.007017280302096352	0.0013066656280042567	0.9916760540698989	86.98698698698699
0.007016823606042949	0.0012941055808086141	0.9916890708131479	87.0870870870871
0.0070163713287860205	0.0012816662285318986	0.9917019624426816	87.18718718718719
0.007015923427277399	0.001269346411514988	0.9917147301612071	87.2872872872873
0.007015479858897029	0.001257144981292608	0.9917273751598099	87.38738738738739
0.007015040581449279	0.0012450608004965895	0.9917398986180537	87.4874874874875
0.007014605553159316	0.0012330927427607076	0.9917523017040795	87.58758758758759
0.00701417473266957	0.0012212396926270406	0.9917645855747029	87.6876876876877
0.007013748079036259	0.0012095005454539093	0.9917767513755094	87.78778778778779
0.007013325551726003	0.0011978742073253414	0.9917888002409482	87.8878878878879
0.007012907110612514	0.0011863595949621114	0.9918007332944249	87.98798798798799
0.00701249271597335	0.0011749556356343061	0.9918125516483919	88.0880880880881
0.0070120823284867614	0.00116366126707547	0.9918242564044373	88.18818818818819
0.007011675909228599	0.00115247543739827	0.9918358486533726	88.2882882882883
0.007011273419669309	0.0011413971050117436	0.9918473294753184	88.38838838838839
0.007010874821670998	0.0011304252385400683	0.9918586999397885	88.4884884884885
0.00701048007748458	0.0011195588167429089	0.991869961105772	88.58858858858859
0.007010089149746989	0.0011087968284372901	0.9918811140218152	88.6886886886887
0.007009702001478482	0.0010981382724210475	0.9918921597261	88.78878878878879
0.007009318596080007	0.0010875821573978015	0.9919030992465216	88.8888888888889
0.0070089388973306535	0.0010771275019035088	0.9919139336007653	88.988988988989
0.007008562869385173	0.0010667733342345418	0.9919246637963798	89.0890890890891
0.007008190476771583	0.0010565186923773406	0.9919352908308505	89.1891891891892
0.007007821684388846	0.0010463626239395941	0.9919458156916711	89.2892892892893
0.007007456457504616	0.0010363041860829954	0.9919562393564119	89.3893893893894
0.007007094761418258	0.0010263424397194475	0.9919665627988618	89.4894894894895
0.00700673656059689	0.0010164764346764327	0.9919767870047261	89.5895895895896
0.00700638182093127	0.0010067052483302592	0.9919869129307379	89.6896896896897
0.007006030508793334	0.000997027969426332	0.9919969415217798	89.7897897897898
0.007005682590886569	0.000987443695487489	0.9920068737136254	89.8898898898899
0.0070053380342430934	0.0009779515327365462	0.9920167104330198	89.98998998999
0.00700499680622078	0.0009685505960200119	0.9920264525977587	90.0900900900901
0.007004658874500439	0.0009592400087330173	0.992036101116766	90.1901901901902
0.007004324207083055	0.0009500189027454205	0.992045656890171	90.2902902902903
0.007003992772287081	0.0009408864183291215	0.9920551208093832	90.3903903903904
0.007003664538745788	0.0009318417040865539	0.9920644937571671	90.4904904904905
0.007003339475404665	0.0009228839168803871	0.9920737766077143	90.5905905905906
0.007003017551518882	0.0009140122217644037	0.9920829702267161	90.6906906906907
0.007002698736650801	0.0009052257919155892	0.9920920754714331	90.7907907907908
0.007002383000667549	0.0008965238085673962	0.9921010931907644	90.8908908908909
0.007002070313738643	0.0008879054609442208	0.9921100242253166	90.990990990991
0.0070017606463336655	0.0008793699461970535	0.9921188694074687	91.0910910910911
0.007001453969220007	0.0008709164693403425	0.9921276295614391	91.1911911911912
0.007001150253460652	0.0008625442431900312	0.9921363055033487	91.2912912912913
0.0070008494704120305	0.0008542524883028081	0.9921448980412846	91.3913913913914
0.007000551591721914	0.0008460404329165321	0.992153407975361	91.4914914914915
0.00700025658932738	0.000837907312891868	0.9921618360977802	91.5915915915916
0.006999964435452815	0.0008298523716550991	0.9921701831928915	91.6916916916917
0.006999675102607993	0.0008218748601421496	0.9921784500372492	91.7917917917918
0.00699938856358619	0.0008139740367437834	0.9921866373996695	91.8918918918919
0.006999104791462369	0.0008061491672520147	0.9921947460412851	91.991991991992
0.006998823759137376	0.0007983995168234922	0.9922027767240386	92.0920920920921
0.006998545439377939	0.0007907243506617457	0.9922107302099598	92.1921921921922
0.006998269805873295	0.000783122952577034	0.9922186072415491	92.2922922922923
0.006997996832581656	0.0007755946134733253	0.9922264085539445	92.3923923923924
0.006997726493717284	0.0007681386311004917	0.9922341348751816	92.4924924924925
0.006997458763748276	0.0007607543099951078	0.9922417869262561	92.5925925925926
0.006997193617394389	0.0007534409614221917	0.9922493654211829	92.6926926926927
0.006996931029624909	0.000746197903317924	0.9922568710670566	92.7927927927928
0.0069966709756565625	0.0007390244602333097	0.9922643045641095	92.8928928928929
0.006996413430951471	0.0007319199632788184	0.9922716666057692	92.992992992993
0.00699615837121514	0.0007248837500699669	0.9922789578787143	93.0930930930931
0.0069959057723945044	0.0007179151646738801	0.992286179062931	93.1931931931932
0.006995655610676	0.0007110135575567949	0.9922933308317666	93.2932932932933
0.006995407862483691	0.0007041782855325418	0.9923004138519832	93.3933933933934
0.006995162504477428	0.0006974087117119694	0.9923074287838101	93.4934934934935
0.006994919513551056	0.0006907042054533469	0.9923143762809951	93.5935935935936
0.006994678866830666	0.0006840641423137108	0.992321256990855	93.6936936936937
0.006994440541672875	0.0006774879040011862	0.9923280715543253	93.7937937937938
0.006994204515663168	0.0006709748783282556	0.992334820606008	93.8938938938939
0.0069939707666142655	0.0006645244591660011	0.9923415047742192	93.993993993994
0.006993739272564541	0.0006581360463992938	0.9923481246810356	94.0940940940941
0.0069935100117764805	0.0006518090458829569	0.99235468094234	94.1941941941942
0.0069932829627351815	0.000645542869398876	0.9923611741678654	94.2942942942943
0.006993058104146895	0.0006393369346140833	0.9923676049612384	94.3943943943944
0.006992835414937611	0.0006331906650397886	0.992373973920022	94.4944944944945
0.006992614874243212	0.0006271034898198333	0.9923802816359364	94.5945945945946
0.006992396460798419	0.000621074831348785	0.9923865287078522	94.6946946946947
0.0069921801536738885	0.0006151041201813084	0.9923927157261442	94.7947947947948
0.0069919659324848464	0.000609190799243874	0.9923988432682707	94.8948948948949
0.006991753777045943	0.0006033343168359799	0.9924049119061175	94.994994994995
0.006991543667369497	0.0005975341265829963	0.9924109222060469	95.0950950950951
0.006991335583663777	0.0005917896873897607	0.9924168747289458	95.1951951951952
0.006991129506331307	0.000586100463394901	0.9924227700302731	95.2952952952953
0.0069909254159672115	0.0005804659239259109	0.9924286086601063	95.3953953953954
0.0069907232933575795	0.0005748855434549512	0.9924343911631869	95.4954954954955
0.006990523119477875	0.0005693588015554047	0.9924401180789661	95.5955955955956
0.006990324875491366	0.0005638851828591561	0.9924457899416489	95.6956956956957
0.006990128542747591	0.000558464177014626	0.9924514072802372	95.7957957957958
0.006989934102780856	0.0005530952786455307	0.992456970618573	95.8958958958959
0.006989741537308759	0.0005477779873103943	0.9924624804753802	95.995995995996
0.006989550828230755	0.0005425118074627879	0.9924679373643058	96.0960960960961
0.006989361957626736	0.0005372962484123206	0.9924733417939603	96.1961961961962
0.006989174907755662	0.0005321308242863583	0.9924786942679573	96.2962962962963
0.006988989661054208	0.000527015053992493	0.9924839952849527	96.3963963963964
0.006988806200135446	0.0005219484611817414	0.9924892453386822	96.4964964964965
0.006988624507787563	0.0005169305742124925	0.9924944449179993	96.5965965965966
0.006988444566972606	0.000511960926115186	0.9924995945069116	96.6966966966967
0.006988266360825258	0.0005070390545577384	0.9925046945846164	96.7967967967968
0.006988089872651645	0.0005021645018117006	0.9925097456255361	96.8968968968969
0.00698791508592818	0.0004973368147191637	0.992514748099352	96.996996996997
0.00698774198430043	0.0004925555446603945	0.9925197024710386	97.0970970970971
0.00698757055152683	0.0004878202463498702	0.9925246092021227	97.1971971971972
0.006987400771043985	0.0004831304685928579	0.9925294687603626	97.2972972972973
0.006987232626765948	0.00047848577125782004	0.9925342816019757	97.3973973973974
0.006987066102878822	0.00047388572090467857	0.992539048176216	97.4974974974975
0.006986901183722974	0.0004693298882744657	0.992543768928002	97.5975975975976
0.006986737853791677	0.00046481784825271613	0.9925484442979551	97.6976976976977
0.006986576097729789	0.0004603491798334508	0.9925530747224361	97.7977977977978
0.0069864159003324485	0.0004559234660837312	0.9925576606335833	97.8978978978979
0.006986257246543792	0.0004515402941088042	0.9925622024593469	97.997997997998
0.006986100121455701	0.0004471992550178182	0.9925667006235259	98.0980980980981
0.006985944510306565	0.00044289994389012905	0.9925711555458028	98.1981981981982
0.006985790398480081	0.0004386419597421778	0.9925755676417772	98.2982982982983
0.0069856377715040606	0.0004344249054949585	0.9925799373230004	98.3983983983984
0.006985486615049273	0.0004302483879420569	0.9925842649970081	98.4984984984985
0.006985336914928306	0.00042611201771827994	0.9925885510673529	98.5985985985986
0.006985188657094454	0.0004220154092688562	0.9925927959336361	98.6986986986987
0.006985041827640626	0.00041795818081922647	0.9925969999915396	98.7987987987988
0.006984896412798281	0.000413939954345406	0.9926011636328558	98.8988988988989
0.006984752398936382	0.0004099603555449362	0.9926052872455181	98.998998998999
0.006984609772560381	0.000406019013808409	0.9926093712136307	99.0990990990991
0.006984468520311224	0.0004021155621915794	0.9926134159174966	99.1991991991992
0.006984328628964378	0.00039824963738805156	0.992617421733647	99.2992992992993
0.006984190085428879	0.0003944208797025531	0.992621389034868	99.3993993993994
0.006984052876746417	0.000390628933024782	0.9926253181902283	99.4994994994995
0.0069839169900904295	0.00038687344480384337	0.9926292095651051	99.5995995995996
0.006983782412765225	0.00038315406602325704	0.992633063521211	99.6996996996997
0.006983649132135978	0.00037947044963962693	0.9926368804182238	99.7997997997998
0.006983517135348978	0.00037582224435997577	0.9926406606202905	99.8998998998999
0.006983386409952553	0.00037220910843606137	0.9926444044816108	100.0
