1.7831887925283523	122.40661377796503	1.4278682562614138	45.0
3.5663775850567045	122.4811094656398	1.4922424728873536	45.0
5.349566377585057	122.61093218625042	1.5532333013099162	45.0
7.132755170113409	122.80083927441588	1.6110669422406703	45.0
8.915943962641762	122.57179510802972	0.6650012862360425	45.0
10.699132755170114	122.62324916677377	0.795182288017018	45.0
12.482321547698465	122.68862719422877	0.9066975009622511	45.0
14.265510340226818	122.7728394248196	1.0056998273149993	45.0
16.04869913275517	122.88077546027054	1.0954977147711493	45.0
17.831887925283525	61.1516329206185	0.6726443919424239	45.0
19.615076717811874	61.16934449078192	0.8016531108653745	45.0
21.398265510340227	61.21550642826992	0.912215987241633	45.0
23.18145430286858	61.299937708224455	1.0101021450854846	45.0
24.96464309539693	61.432343820934825	1.098349552750666	45.0
26.747831887925283	61.39382326667439	0.6723364904694096	45.0
28.531020680453636	61.477116558537226	0.8007942103422433	45.0
30.31420947298199	61.588644643624406	0.9107194599299597	45.0
32.09739826551034	61.73806741620424	1.0078981920768786	45.0
33.88058705803869	61.93489354817637	1.0953861285393482	45.0
35.66377585056705	49.20159774671053	0.6715848989099353	45.0
37.4469646430954	49.27541648654163	0.8000843499801467	45.0
39.23015343562375	49.38438828477528	0.9098196770828634	45.0
41.013342228152105	49.54051391861273	1.006489479106175	45.0
42.796531020680455	49.755531583474465	1.0930426464324068	45.0
44.579719813208804	49.64341769581953	0.6709377000907824	45.0
46.36290860573716	49.76294589441233	0.7990345863533317	45.0
48.14609739826551	49.91717341349338	0.9082816845002104	45.0
49.92928619079386	50.117871288802384	1.0044100684051276	45.0
51.71247498332222	50.37651540627837	1.090396351090326	45.0
53.495663775850566	42.91835962500517	0.6702663179381566	45.0
55.27885256837892	43.023744112630034	0.7984469354964621	45.0
57.06204136090727	43.16919405209284	0.9075720780532063	45.0
58.84523015343562	43.36828340681001	1.0032942931740616	45.0
60.62841894596398	43.6341727526783	1.0884969115459362	45.0
62.41160773849233	43.4751594001073	0.6697527730424796	45.0
64.19479653102069	43.618209418123875	0.7975523664614474	45.0
65.97798532354904	43.800672550379126	0.9062334819095652	45.0
67.76117411607738	44.03582332385727	1.0014831866034541	45.0
69.54436290860573	44.336497126974436	1.0862168046750846	45.0
71.3275517011341	38.99620188847512	0.6691535767717679	45.0
73.11074049366245	39.12399721681741	0.7970599037290136	45.0
74.8939292861908	39.295669665419666	0.9056618416249903	45.0
76.67711807871915	39.525986366635784	1.000574313164631	45.0
78.4603068712475	39.82915544832413	1.0846293281600792	45.0
80.24349566377585	39.635962548678805	0.6687307816933042	45.0
82.02668445630421	39.79657665436442	0.7962766258705293	45.0
83.80987324883256	40.000224338357185	0.9044744290566039	45.0
85.59306204136091	40.26131022457131	0.9989766638727615	45.0
87.37625083388926	40.593663445752696	1.0826515353362551	45.0
89.15943962641761	36.34553425563072	0.6682003050483841	45.0
90.94262841894597	36.49030967085958	0.7958729620407825	45.0
92.72581721147432	36.68196236743058	0.9040295021260846	45.0
94.50900600400267	36.93617966646279	0.9982553355441975	45.0
96.29219479653102	37.26795584725179	1.0813431716824227	45.0
98.07538358905937	37.04869974274623	0.6678568900764508	45.0
99.85857238158772	37.222918380804586	0.7951886375107133	45.0
101.64176117411608	37.44299637063457	0.9029785299359298	45.0
103.42494996664443	37.72420381657137	0.9968523188319903	45.0
105.20813875917278	38.08111192956097	1.0796423969858966	45.0
106.99132755170113	34.473030226393476	0.667393459083744	45.0
108.77451634422948	34.63095227666958	0.7948701930782672	45.0
110.55770513675785	34.838120297019444	0.9026533723665028	45.0
112.3408939292862	35.110935331253565	0.9963056765102628	45.0
114.12408272181455	35.464986661887465	1.07859010236969	45.0
115.9072715143429	35.22554702103032	0.667121820318946	45.0
117.69046030687124	35.41041911353574	0.7942756376741418	45.0
119.47364909939961	35.64336604074	0.9017264588321978	45.0
121.25683789192796	35.940325511251366	0.9950796159291518	45.0
123.04002668445631	36.31642853428951	1.077140502386867	45.0
124.82321547698466	33.11387506415012	0.6667211554698088	45.0
126.606404269513	33.28205190752349	0.7940361283245752	45.0
128.38959306204137	33.501342517664675	0.901511079446027	45.0
130.1727818545697	33.7887022846792	0.9946913631863076	45.0
131.95597064709807	34.16017282252528	1.0763176825769263	45.0
133.73915943962643	33.90501986408917	0.6665133439162542	45.0
135.52234823215477	34.09825443923239	0.7935213671081374	45.0
137.30553702468313	34.341300849693894	0.9006943158839872	45.0
139.08872581721147	34.65061309627499	0.9936220210926535	45.0
140.87191460973983	35.04174686032077	1.0750896153891731	45.0
142.6551034022682	32.109841697344365	0.6661690811886009	45.0
144.43829219479653	32.28603201306707	0.7933522884439926	45.0
146.2214809873249	32.51480476678106	0.9005761773698476	45.0
148.00466977985323	32.81354575866487	0.9933729736082352	45.0
149.7878585723816	33.19864141592075	1.074466712979287	45.0
151.57104736490993	32.9312409175116	0.6660166520171626	45.0
153.3542361574383	33.13103378125706	0.7929066627140107	45.0
155.13742494996666	33.38199796555761	0.8998546617880251	45.0
156.920613742495	33.70098698984498	0.9924387518587136	45.0
158.70380253502336	34.1038798525009	1.0734288868306847	45.0
160.4869913275517	31.3593100601402	0.6657214049103672	45.0
162.27018012008006	31.541758640672846	0.792798488248101	45.0
164.05336891260842	31.777940805211955	0.8998201736456343	45.0
165.83655770513676	32.08557621604823	0.9923087631163214	45.0
167.61974649766512	32.48131467430879	1.0729758391239355	45.0
169.40293529019345	32.2043736551798	0.6656159305774553	45.0
171.18612408272182	32.40929901122568	0.7924113813216304	45.0
172.96931287525018	32.66645728123563	0.8991791161802825	45.0
174.75250166777852	32.993011079802955	0.9914883726434144	45.0
176.53569046030688	33.40508618522677	1.0720977264074925	45.0
178.31887925283522	30.793652082567124	0.6653621663941972	45.0
180.10206804536358	30.980980615761478	0.7923545662757295	45.0
181.88525683789194	31.222942259026496	0.8992148980962531	45.0
183.66844563042028	31.537515364175274	0.9914579647900921	45.0
185.45163442294864	31.94155122263504	1.0717860299754463	45.0
187.23482321547698	31.657187950734755	0.6652957240052129	45.0
189.01801200800534	31.866120285507105	0.7920160299560426	45.0
190.8012008005337	32.12811262016667	0.8986404998816128	45.0
192.58438959306204	32.46056658886896	0.9907316656692998	45.0
194.3675783855904	32.87979669966904	1.0710395560146013	45.0
196.15076717811874	30.36484268461067	0.6650763449108108	45.0
197.9339559706471	30.555969547539185	0.7920016731542036	45.0
199.71714476317544	30.80243054336887	0.8987342059262414	45.0
201.5003335557038	31.12240426250078	0.9907830726119606	45.0
203.28352234823217	31.532896350477493	1.0708435442325586	45.0
205.0667111407605	31.242767255916363	0.6650418286047657	45.0
206.84989993328887	31.45482064688418	0.7917028130669547	45.0
208.6330887258172	31.7205770938929	0.8982141768787321	45.0
210.41627751834557	32.0576229592762	0.9901333713357529	45.0
212.19946631087393	32.48241731121276	1.0702039862753225	45.0
213.98265510340227	30.038408519939455	0.6648504911479836	45.0
215.76584389593063	30.232486661765176	0.7917230122512973	45.0
217.54903268845896	30.482444025710425	0.8983549233602105	45.0
219.33222148098733	30.80661406052765	0.990251053055184	45.0
221.1154102735157	31.2221207914358	1.0701014075918787	45.0
222.89859906604403	30.927518948819	0.6648417525469116	45.0
224.6817878585724	31.141998381655135	0.791456152814888	45.0
226.46497665110073	31.41067996487658	0.8978786905815775	45.0
228.2481654436291	31.75129275493107	0.9896629595387377	45.0
230.03135423615745	32.18040668768626	1.0695476833118713	45.0
231.8145430286858	29.789145283116124	0.6646729950113026	45.0
233.59773182121415	29.98551298385269	0.7915041350910874	45.0
235.3809206137425	30.238182960251855	0.8980571946701539	45.0
237.16410940627085	30.56560833661508	0.9898337347238162	45.0
238.94729819879922	30.98500401500113	1.0695197837069355	45.0
240.73048699132755	30.686936841453825	0.6646848571315527	45.0
242.51367578385592	30.903298812381802	0.7912628271668282	45.0
244.29686457638425	31.174249730731727	0.8976158966559721	45.0
246.08005336891262	31.517628827758575	0.9892947236779068	45.0
247.86324216144098	31.9500911542778	1.0690343425750743	45.0
249.64643095396931	29.598377474332217	0.6645341027670056	45.0
251.42961974649768	29.796519033240006	0.7913329354080588	45.0
253.212808539026	30.051290714662283	0.8978244318704625	45.0
254.99599733155438	30.38123807462942	0.9895076648444131	45.0
256.77918612408274	30.8036458346297	1.0690656472877258	45.0
258.5623749166111	30.502896686233978	0.6645622958530425	45.0
260.3455637091394	30.720717373109295	0.7911118689805792	45.0
262.1287525016678	30.993426419755398	0.897410786505161	45.0
263.91194129419614	31.338948091896455	0.9890074677096713	45.0
265.6951300867245	31.77400283844564	1.0686341417991996	45.0
267.47831887925287	29.452130767050285	0.6644257857717224	45.0
269.2615076717812	29.651645139447517	0.7911994679235557	45.0
271.04469646430954	29.908043396395424	0.8976430382439571	45.0
272.8278852568379	30.23994245046917	0.9892536705727999	45.0
274.61107404936627	30.66468069964661	1.0687120849819332	45.0
276.3942628418946	30.361857664128	0.6644668434419464	45.0
278.17745163442294	30.580807360406844	0.7909943377679519	45.0
279.96064042695133	30.854876966548634	0.8972511502995666	45.0
281.74382921947966	31.202056359035456	0.9887839896302751	45.0
283.527018012008	31.63911626867245	1.0683229466296247	45.0
285.3102068045364	29.339872432686153	0.6643415366430823	45.0
287.0933955970647	29.540448304525544	0.7910956839446552	45.0
288.87658438959306	29.798104293493992	0.897502028570333	45.0
290.6597731821214	30.131512378571564	0.9890562926050962	45.0
292.4429619746498	30.558052245623323	1.068437448132506	45.0
294.2261507671781	30.25362667236595	0.6643926784646432	45.0
296.00933955970646	30.473449390331137	0.7909030403282035	45.0
297.79252835223485	30.74857095270714	0.897127179801429	45.0
299.5757171447632	31.097031847470138	0.9886104961323432	45.0
301.3589059372915	31.535641485445357	1.0680814466034807	45.0
303.14209472981986	29.2536207245061	0.6642761426033235	45.0
304.92528352234825	29.45501679790605	0.7910151434304344	45.0
306.7084723148766	29.7136446210163	0.8973926245038442	45.0
308.4916611074049	30.048218655755147	0.9889031962078213	45.0
310.2748498999333	30.47615036011254	1.0682244951133948	45.0
312.05803869246165	30.170487171004392	0.6643351588547217	45.0
313.84122748499	30.390984473632912	0.7908322468987334	45.0
315.6244162775184	30.66691881393197	0.8970310715244433	45.0
317.4076050700467	31.01636971355887	0.9884760284110327	45.0
319.19079386257505	31.456176350853482	1.0678943245995118	45.0
320.9739826551034	29.18730249341095	0.6642254651981503	45.0
322.7571714476318	29.389331966536265	0.7909527380885124	45.0
324.5403602401601	29.64871029056675	0.8973078698436153	45.0
326.32354903268845	29.984184695039946	0.9887846184197406	45.0
328.10673782521684	30.413191095723867	1.0680595981704168	45.0
329.8899266177452	30.106572542297172	0.6642906121216237	45.0
331.6731154102735	30.32759079897108	0.7907774281911084	45.0
333.4563042028019	30.604152772237693	0.8969566625327098	45.0
335.23949299533024	30.954368083589387	0.9883719407356559	45.0
337.0226817878586	31.395098827466608	1.0677495115736846	45.0
338.8058705803869	29.136282680488083	0.6641862413516362	45.0
340.5890593729153	29.33880108004874	0.7909044428594353	45.0
342.37224816544364	29.598758723194774	0.8972422876118897	45.0
344.155436957972	29.934928109129245	0.9886928792350549	45.0
345.93862575050036	30.36476398594493	1.067932048515129	45.0
347.7218145430287	30.057408208923192	0.6642561503609183	45.0
349.50500333555703	30.278828596960896	0.7907350247795463	45.0
351.28819212808537	30.55587502316619	0.8968991129319512	45.0
353.07138092061376	30.90668031701254	0.9882914489252731	45.0
354.8545697131421	31.348124219104204	1.0676375461804137	45.0
356.63775850567043	29.097015604549465	0.6641559117028552	45.0
358.4209472981988	29.299911280076778	0.7908671023586927	45.0
360.20413609072716	29.56031595047115	0.8971915866999639	45.0
361.9873248832555	29.897021599709927	0.9886219656465569	45.0
363.7705136757839	30.32749747969704	1.0678334686440327	45.0
365.5537024683122	30.01957296797482	0.664229513146536	45.0
367.33689126084056	30.241303658249155	0.7907022519607689	45.0
369.1200800533689	30.518723894457285	0.8968546382652353	45.0
370.9032688458973	30.869984398556088	0.9882292515282984	45.0
372.6864576384256	31.311978502008415	1.0675510403424118	45.0
374.46964643095396	29.06678416207078	0.6641324769334294	45.0
376.25283522348235	29.269970880991863	0.7908382526448137	45.0
378.0360240160107	29.530720403471552	0.8971524178047132	45.0
379.819212808539	29.867839736111574	0.9885671868480553	45.0
381.6024016010674	30.298809302836325	1.0677573272959922	45.0
383.38559039359575	29.990446132283147	0.664208937484085	45.0
385.1687791861241	30.212416200438017	0.7906769386360457	45.0
386.9519679786524	30.490124797529916	0.8968202891800521	45.0
388.7351567711808	30.841736438963576	0.988181218922089	45.0
390.51834556370915	31.284154925346584	1.067484242281431	45.0
392.3015343562375	29.043503413770015	0.6641143800578352	45.0
394.0847231487659	29.24691460632706	0.7908159754884249	45.0
395.8679119412942	29.507930103651105	0.8971221743158663	45.0
397.65110073382255	29.845368493744584	0.9885248936790713	45.0
399.4342895263509	30.27671880723759	1.0676985460065693	45.0
401.2174783188793	29.96801736049217	0.664193052104312	45.0
403.0006671114076	30.19017205414967	0.7906573965874618	45.0
404.78385590393594	30.468103050544876	0.8967937730187443	45.0
406.56704469646434	30.819985497964353	0.9881441421533627	45.0
408.35023348899267	31.26273126245665	1.067432684472887	45.0
410.133422281521	29.02557186959158	0.6641004114511502	45.0
411.9166110740494	29.22915616423554	0.7907987809631958	45.0
413.69979986657773	29.49037676718014	0.8970988321606497	45.0
415.48298865910607	29.828061194325574	0.9884922533947025	45.0
417.2661774516344	30.259705107400013	1.0676531839674255	45.0
419.0493662441628	29.950742829384254	0.6641807926674947	45.0
420.83255503669113	30.173039896334064	0.7906423157538361	45.0
422.61574382921947	30.45114239191377	0.8967733111030309	45.0
424.39893262174786	30.80323366057146	0.9881155323709685	45.0
426.1821214142762	31.246231782564177	1.0673929030775686	45.0
427.96531020680453	29.093345635999647	0.7323808654988515	45.0
429.7484989993329	29.344042410123667	0.8471774684172567	45.0
431.53168779186126	29.662149926581115	0.9449067913295761	45.0
433.3148765843896	30.065711140415907	1.0293137167805397	45.0
435.09806537691793	30.57119210944185	1.1023516945601883	45.0
436.8812541694463	30.35921405056362	0.8108127771479249	45.0
438.66444296197466	30.71486247166917	0.9125407322819814	45.0
440.447631754503	31.14680788371279	1.0001196962199206	45.0
442.2308205470314	31.67108384142987	1.076028625067305	45.0
444.0140093395597	32.30197397289497	1.1417022180446614	45.0
445.79719813208806	29.78590328623081	0.8251046181351368	45.0
447.58038692461645	30.15719603516402	0.9244378368063205	45.0
449.3635757171448	30.608498279478354	1.009957451664716	45.0
451.1467645096731	31.15580596828747	1.0839415085012178	45.0
452.92995330220145	31.81323173124327	1.147736778221749	45.0
454.71314209472985	31.355585571535748	0.8318976493357635	45.0
456.4963308872582	31.778011902743447	0.9296364091301739	45.0
458.2795196797865	32.277326732002905	1.0139698174048466	45.0
460.0627084723149	32.868479232113174	1.087161933268345	45.0
461.84589726484325	33.564685124642764	1.1505770294074167	45.0
463.6290860573716	30.705332292752583	0.8428587860491131	45.0
465.4122748498999	31.11004921804859	0.9394118453930708	45.0
467.1954636424283	31.595174401318914	1.0227632913066758	45.0
468.97865243495664	32.17592351912607	1.0950165174439084	45.0
470.761841227485	32.8656814721652	1.1574488398929137	45.0
472.54503002001337	32.33827562058785	0.8409028582797846	45.0
474.3282188125417	32.77614231708449	0.9374419581448888	45.0
476.11140760507004	33.28996917383786	1.0209412708203773	45.0
477.89459639759843	33.89419467549407	1.093584400789073	45.0
479.67778519012677	34.601608231725535	1.15670075352524	45.0
481.4609739826551	31.44948270260859	0.8287634387590166	45.0
483.24416277518344	31.835797097355545	0.9277550875534614	45.0
485.02735156771183	32.29851591706355	1.0132564352484994	45.0
486.81054036024017	32.852874327174334	1.0875529149723773	45.0
488.5937291527685	33.51242285523809	1.152000819499608	45.0
490.3769179452969	32.97201343371427	0.81929853220039	45.0
492.16010673782523	33.37416822754956	0.9195758189021361	45.0
493.94329553035357	33.84776577336488	1.0062638394884795	45.0
495.72648432288196	34.40748221085015	1.0818188805521578	45.0
497.5096731154103	35.06648762838355	1.1476897935554284	45.0
499.29286190793863	31.86517139619616	0.8136039184144358	45.0
501.07605070046696	32.21956252444443	0.9153797436214131	45.0
502.85923949299536	32.64720119370781	1.0032742865048092	45.0
504.6424282855237	33.16354472235779	1.0797692960494103	45.0
506.425617078052	33.78248039274968	1.1463014937650526	45.0
508.2088058705804	33.211516621277006	0.7735333422921363	45.0
509.99199466310876	33.55472712088953	0.8812649655978025	45.0
511.7751834556371	33.962464935816875	0.9739307981839359	45.0
513.5583722481655	34.450043747549124	1.0546688589217423	45.0
515.3415610406938	35.03144283742875	1.1252338163345472	45.0
517.1247498332222	31.885267640015158	0.7601235317835524	45.0
518.9079386257505	32.1731023439828	0.8706027689994618	45.0
520.6911274182788	32.52639463216256	0.9654138835905316	45.0
522.4743162108072	32.961443360344646	1.0478691926856194	45.0
524.2575050033356	33.493175026538715	1.119769360061815	45.0
526.040693795864	33.02683988275036	0.7283174224669199	45.0
527.8238825883923	33.30873099062654	0.8437772700437431	45.0
529.6070713809206	33.64945936948454	0.9423728257001605	45.0
531.390260173449	34.06506393766723	1.0280942602797627	45.0
533.1734489659773	34.57039016546654	1.1030626375862642	45.0
534.9566377585057	31.570949226984204	0.6914331327842985	45.0
536.7398265510341	31.79132165220191	0.8135911086005099	45.0
538.5230153435624	32.06834210680758	0.9170591224448702	45.0
540.3062041360907	32.41926971968848	1.006647619489568	45.0
542.0893929286191	32.86019994517242	1.084791734611775	45.0
543.8725817211474	32.49410047476359	0.6657994442483541	45.0
545.6557705136757	32.71042047482718	0.7924021981684217	45.0
547.4389593062042	32.97849004074968	0.8989933929896273	45.0
549.2221480987325	33.315265288054235	0.991152763273351	45.0
551.0053368912609	33.73667012605114	1.0716542820104038	45.0
552.7885256837892	31.03965845577129	0.665194863717726	45.0
554.5717144763175	31.228572345166167	0.7922142119779653	45.0
556.3549032688459	31.471663485350504	0.8991107210671849	45.0
558.1380920613742	31.786773302508557	0.9914149255330443	45.0
559.9212808539027	32.19063588551394	1.0718408200976037	45.0
561.704469646431	31.903174071547244	0.6653362376519683	45.0
563.4876584389593	32.111465814604365	0.7920885518213707	45.0
565.2708472314877	32.37242374055486	0.8987681840306193	45.0
567.054036024016	32.70333433520131	0.9909446475345086	45.0
568.8372248165443	33.1204182725751	1.071374194464387	45.0
570.6204136090728	30.55971778992186	0.6651745175884121	45.0
572.4036024016011	30.74943249278347	0.7921304753518663	45.0
574.1867911941295	30.994154568570636	0.8989191039657035	45.0
575.9699799866578	31.311969059689517	0.9910533546668605	45.0
577.7531687791861	31.71980870984014	1.0712324103645119	45.0
579.5363575717145	31.431765577480636	0.665149369617888	45.0
581.3195463642428	31.642488462842618	0.791837515366861	45.0
583.1027351567712	31.906617598571827	0.8984001070787807	45.0
584.8859239492996	32.24165407620319	0.9903972704272728	45.0
586.6691127418279	32.6639900954445	1.0705757416036497	45.0
588.4523015343563	30.187613772529623	0.664951698293537	45.0
590.2354903268846	30.380364741486208	0.7918485354109118	45.0
592.0186791194129	30.628743995870572	0.8985265782954361	45.0
593.8018679119413	30.95101375353949	0.9904927293915398	45.0
595.5850567044697	31.364243610401186	1.0704394603128033	45.0
597.368245496998	31.071647288747744	0.6649331491335643	45.0
599.1514342895264	31.285020809331723	0.7915689937370745	45.0
600.9346230820547	31.55236706593944	0.8980323720632079	45.0
602.717811874583	31.891349586647085	0.9898786719826166	45.0
604.5010006671114	32.31848745663124	1.0698488569289604	45.0
606.2841894596397	29.903220256392306	0.6647545196865203	45.0
608.0673782521682	30.09853868982996	0.7916047124027151	45.0
609.8505670446965	30.34996499833797	0.8981940592036779	45.0
611.6337558372248	30.675897366265918	0.9900256241867996	45.0
613.4169446297532	31.09350903525147	1.06978725710883	45.0
615.2001334222815	30.79702901255473	0.6647570405430381	45.0
616.9833222148098	31.012526908431266	0.791351776269202	45.0
618.7665110073383	31.28243609445973	0.8977368120054997	45.0
620.5496997998666	31.624545242187885	0.989464150882618	45.0
622.332888592395	32.05547039372441	1.0692705142479413	45.0
624.1160773849233	29.68573332893525	0.6645980146437255	45.0
625.8992661774516	29.883060471733586	0.7914117108716	45.0
627.68245496998	30.13686716379085	0.8979315290765917	45.0
629.4656437625083	30.465656542807363	0.9896576807462015	45.0
631.2488325550368	30.886681328720904	1.069274556891867	45.0
633.0320213475651	30.587163181942326	0.6646186838465257	45.0
634.8152101400934	30.80431400939476	0.791181316578041	45.0
636.5983989326218	31.076215721337302	0.8975051382029575	45.0
638.3815877251501	31.420753566977183	0.9891395924837201	45.0
640.1647765176784	31.85461802044195	1.0688181911778556	45.0
641.9479653102068	29.519126421035534	0.664475604407177	45.0
643.7311541027352	29.718010519773827	0.7912608496829131	45.0
645.5143428952636	29.973661990896424	0.8977264543645954	45.0
647.2975316877919	30.304665004794007	0.9893704612209702	45.0
649.0807204803202	30.728333354097863	1.0688746386099657	45.0
650.8639092728486	30.42646226991389	0.6645107324262136	45.0
652.6470980653769	30.644893607670202	0.7910483746684674	45.0
654.4302868579052	30.918338563689503	0.8973245397318924	45.0
656.2134756504337	31.26475691259711	0.9888867192438268	45.0
657.996664442962	31.70089633547615	1.0684659822818994	45.0
659.7798532354904	29.41955629054336	0.6894930844602261	45.0
661.5630420280187	29.636051634660607	0.8117484739538382	45.0
663.346230820547	29.91299248470393	0.91501019375134	45.0
665.1294196130754	30.26876530413324	1.0040550515687328	45.0
666.9126084056038	30.720385229466096	1.081270864106547	45.0
668.6957971981321	30.51557330444835	0.7673406057697381	45.0
670.4789859906605	30.81654321848137	0.8762527123684767	45.0
672.2621747831888	31.186867801694554	0.9696088191947753	45.0
674.0453635757171	31.643284731720716	1.0505522820577147	45.0
675.8285523682455	32.200973909474286	1.1208033597972966	45.0
677.6117411607738	29.668417307302448	0.732512499152129	45.0
679.3949299533023	29.93974366926252	0.8469631234652091	45.0
681.1781187458306	30.277098657348468	0.944404540754324	45.0
682.9613075383589	30.698069955689515	1.0286162071770706	45.0
684.7444963308873	31.218711040783393	1.101586986521421	45.0
686.5276851234156	30.852019961656058	0.7450915519878366	45.0
688.310873915944	31.15536869203296	0.8572372355414362	45.0
690.0940627084723	31.523953674016038	0.953006441349369	45.0
691.8772515010007	31.97449118369676	1.0359786807116322	45.0
693.6604402935291	32.52222884584234	1.1080811529870718	45.0
695.4436290860574	30.01848026609022	0.7784779574251299	45.0
697.2268178785857	30.326355229899526	0.8855717080912469	45.0
699.0100066711141	30.706426014280805	0.9774413086067892	45.0
700.7931954636424	31.175513681668907	1.0570239548898894	45.0
702.5763842561707	31.748782183689006	1.125944444741712	45.0
704.3595730486992	31.424314471299372	0.8218764788649198	45.0
706.1427618412275	31.807997468838657	0.9218092106584163	45.0
707.9259506337559	32.26705261073693	1.0080531643341062	45.0
709.7091394262842	32.81680065544075	1.0829819097785536	45.0
711.4923282188125	33.47089359216651	1.1479939479312873	45.0
713.2755170113409	30.641900194474278	0.8142176513095039	45.0
715.0587058038693	31.003055295774224	0.9154476597741975	45.0
716.8418945963977	31.440342745109742	1.0026664446308011	45.0
718.625083388926	31.969614223804612	1.0783169495652	45.0
720.4082721814543	32.604994402131126	1.1438195500648518	45.0
722.1914609739827	32.120470255047245	0.811990259081705	45.0
723.974649766511	32.51163341218779	0.9132400089814411	45.0
725.7578385590393	32.974999391705325	1.0005889647559505	45.0
727.5410273515678	33.525665659571224	1.0765683696924524	45.0
729.3242161440961	34.17715761292767	1.1426583989086494	45.0
731.1074049366244	31.12974394707094	0.7818092935634253	45.0
732.8905937291528	31.45832676192557	0.8882428390005792	45.0
734.6737825216811	31.856984891820975	0.9796940099940123	45.0
736.4569713142095	32.341883759315294	1.0590933694540814	45.0
738.2401601067378	32.92763611090188	1.1280793989662155	45.0
740.0233488992662	32.38698860188606	0.7429920590662846	45.0
741.8065376917946	32.699524756794	0.8555628939150959	45.0
743.5897264843229	33.073937903676295	0.9518186829430504	45.0
745.3729152768512	33.526246088111876	1.0354346915532724	45.0
747.1561040693796	34.071149926543164	1.1083983953528374	45.0
748.9392928619079	31.108082297126966	0.6934317034905161	45.0
750.7224816544363	31.34178347016392	0.8149592096119729	45.0
752.5056704469647	31.633169336396058	0.9178410127475418	45.0
754.288859239493	31.999621283480355	1.0068254261126655	45.0
756.0720480320214	32.457289522816644	1.0843228653510035	45.0
757.8552368245497	32.12535652219556	0.7082558490406767	45.0
759.638425617078	32.37769105054656	0.8272199476317819	45.0
761.4216144096064	32.68784044706168	0.9283434858969953	45.0
763.2048032021348	33.07251857328488	1.0160409552042162	45.0
764.9879919946632	33.54724487478358	1.0925993778757213	45.0
766.7711807871915	30.809734041829845	0.6765653111582242	45.0
768.5543695797198	31.017305281173513	0.8013055105299985	45.0
770.3375583722482	31.28090546860236	0.9065143950273239	45.0
772.1207471647765	31.61831978373364	0.9973833812480732	45.0
773.9039359573048	32.046150601157684	1.0764922315576637	45.0
775.6871247498333	31.717222558690477	0.6652651034361464	45.0
777.4703135423616	31.932635105716976	0.7918854671317369	45.0
779.25350233489	32.20097583014401	0.8984034999656487	45.0
781.0366911274183	32.53957599581769	0.9903886943780865	45.0
782.8198799199466	32.96467452328427	1.0705989308989567	45.0
784.603068712475	30.422513394283005	0.664941216016754	45.0
786.3862575050033	30.61505005712239	0.791870749186785	45.0
788.1694462975317	30.86279238957767	0.898602752247083	45.0
789.9526350900601	31.18387919748387	0.9906538209436053	45.0
791.7358238825884	31.59527970797162	1.0707242954240461	45.0
793.5190126751168	31.302650516595286	0.6650234577676475	45.0
795.3022014676451	31.51485555416278	0.7916920505797085	45.0
797.0853902601734	31.780659643484203	0.898214782903619	45.0
798.8685790527018	32.117618515785175	0.9901519472695708	45.0
800.6517678452302	32.54216565325254	1.070249332187938	45.0
802.4349566377585	30.086599287106132	0.6648668346991905	45.0
804.2181454302869	30.28040670349262	0.7917471683242746	45.0
806.0013342228152	30.5300089899251	0.8983927717997071	45.0
807.7845230153436	30.853715483583414	0.9903097664846041	45.0
809.5677118078719	31.26863131610715	1.0701893264877178	45.0
811.3509006004003	30.97440922036416	0.6648669025940531	45.0
813.1340893929287	31.188577857092593	0.7914882348528437	45.0
814.917278185457	31.456872938276284	0.8979236935862149	45.0
816.7004669779853	31.7970018447344	0.9897276349753074	45.0
818.4836557705137	32.22551756558105	1.0696396181703631	45.0
820.266844563042	29.82950724790552	0.6676324975258198	45.0
822.0500333555703	30.027392220333038	0.7939355025104468	45.0
823.8332221480988	30.281908953020878	0.9001311822251663	45.0
825.6164109406271	30.61146453743347	0.9916324210094823	45.0
827.3995997331555	31.033222632885884	1.0710900012645352	45.0
829.1827885256838	30.794698130368893	0.7147222460313017	45.0
830.9659773182121	31.04564528233944	0.8325007552667747	45.0
832.7491661107405	31.357784793281027	0.9326202328917788	45.0
834.5323549032688	31.74842004502295	1.0192921651513431	45.0
836.3155436957973	32.23352000592993	1.0946976133701958	45.0
838.0987324883256	29.83612363989105	0.7435599158851848	45.0
839.8819212808539	30.09865741725764	0.8565816168684794	45.0
841.6651100733823	30.428603508394502	0.9530774729647273	45.0
843.4482988659106	30.84347048165903	1.0365957475438272	45.0
845.2314876584389	31.359237406511813	1.109015407340836	45.0
847.0146764509674	30.905315822881	0.6898010423489288	45.0
848.7978652434957	31.160840724494495	0.811485152024583	45.0
850.581054036024	31.473805945071767	0.9142916777569047	45.0
852.3642428285524	31.86155758129551	1.0030728345075797	45.0
854.1474316210807	32.34016524736954	1.0802954455677922	45.0
855.9306204136091	29.84462672535283	0.6759049718878289	45.0
857.7138092061374	30.059870786573647	0.8004897616454146	45.0
859.4969979986658	30.332788556663587	0.9054048865733737	45.0
861.2801867911942	30.681615086492066	0.9958280121751634	45.0
863.0633755837225	31.123295011582453	1.074323583449674	45.0
864.8465643762509	30.78263925618945	0.6646884008108971	45.0
866.6297531687792	31.004859779200974	0.7911736183870632	45.0
868.4129419613075	31.281475306695565	0.8974339311777894	45.0
870.1961307538359	31.6302369115759	0.9890273025893231	45.0
871.9793195463643	32.06771081310843	1.068697176334238	45.0
873.7625083388926	29.684481095566646	0.6644262466191707	45.0
875.545697131421	29.88366829989559	0.7912349136375496	45.0
877.3288859239493	30.13930388882252	0.8977367970017718	45.0
879.1120747164777	30.469878967679904	0.9894387391650796	45.0
880.895263509006	30.89263121014343	1.0690292270970918	45.0
882.6784523015343	30.589934835314722	0.6645657905191472	45.0
884.4616410940628	30.807645855334997	0.7911278423922804	45.0
886.2448298865911	31.080093038647725	0.8974474321088847	45.0
888.0280186791194	31.425156631103757	0.9890761272154915	45.0
889.8112074716478	31.859521547505853	1.0687487455972755	45.0
891.5943962641761	29.52223272104072	0.6644607951394436	45.0
893.3775850567044	29.721249584082898	0.7912465056733302	45.0
895.1607738492329	29.977025188894586	0.8977118227605008	45.0
896.9439626417612	30.308141081443516	0.9893554805041747	45.0
898.7271514342896	30.731908558361486	1.0688596863853932	45.0
900.5103402268179	30.429806540000126	0.6645080954300819	45.0
902.2935290193462	30.648261994345706	0.791046189116667	45.0
904.0767178118746	30.92172466121904	0.8973229208855297	45.0
905.8599066044029	31.26815243133429	0.9888860097985245	45.0
907.6430953969314	31.70429139093893	1.0684666881989113	45.0
909.4262841894597	29.394054430692357	0.6643808140421217	45.0
911.209472981988	29.594131288366516	0.7911444097232169	45.0
912.9926617745164	29.85119310676334	0.8975686553151021	45.0
914.7758505670447	30.18388515727728	0.9891500303442595	45.0
916.559039359573	30.609567069473453	1.068568383648711	45.0
918.3422281521014	30.305892063514396	0.6644281626362812	45.0
920.1254169446298	30.525296921232506	0.7909468123478496	45.0
921.9086057371582	30.79991399831644	0.8971867316125031	45.0
923.6917945296865	31.14775928471478	0.988693968024925	45.0
925.4749833222148	31.585623466883487	1.068197776820977	45.0
927.2581721147432	29.295290644116175	0.6643076758949935	45.0
929.0413609072715	29.496291197987365	0.7910540088174142	45.0
930.8245496997998	29.75445012586746	0.8974454530455117	45.0
932.6077384923283	30.088461337863226	0.9889771606753485	45.0
934.3909272848566	30.515720926448633	1.0683274156811076	45.0
936.174116077385	30.210654237947196	0.6643629703080504	45.0
937.9573048699133	30.430825587418827	0.7908664831280982	45.0
939.7404936624416	30.706367121587803	0.8970775583908343	45.0
941.52368245497	31.055339484380102	0.9885410778215682	45.0
943.3068712474984	31.494567463591487	1.0679848528432951	45.0
945.0900600400267	29.219350095819497	0.6642499861983009	45.0
946.8732488325551	29.421073293461365	0.7909829353912141	45.0
948.6564376250834	29.68008869607919	0.8973488834037431	45.0
950.4396264176117	30.015127686667118	0.9888420003002776	45.0
952.2228152101401	30.44361435804797	1.06813939416204	45.0
954.0060040026684	30.137457700946538	0.6643121706640344	45.0
955.7891927951969	30.3582239966976	0.7908039577272363	45.0
957.5723815877252	30.634482410471712	0.8969926723781535	45.0
959.3555703802535	30.984328008525008	0.9884223123009628	45.0
961.1387591727819	31.424611807946068	1.0678195890860276	45.0
962.9219479653102	29.160940775433843	0.6642052232103146	45.0
964.7051367578385	29.363222705541855	0.7909278142786782	45.0
966.4883255503669	29.622900158714486	0.8972740240016973	45.0
968.2715143428953	29.9587334145282	0.9887372721232554	45.0
970.0547031354237	30.38816811747416	1.0679937678410008	45.0
971.837891927952	30.081168871998056	0.6642728264365466	45.0
973.6210807204803	30.30239476383151	0.7907555433624364	45.0
975.4042695130087	30.579206880002598	0.8969269598875772	45.0
977.187458305537	30.92972682782877	0.9883303958895127	45.0
978.9706470980653	31.370825817647752	1.0676917199902138	45.0
980.7538358905938	29.11599537032258	0.6641705868617246	45.0
982.5370246831221	29.318708583753875	0.7908851693885159	45.0
984.3202134756505	29.578897058001182	0.8972161175396502	45.0
986.1034022681788	29.915343355131302	0.9886562751230008	45.0
987.8865910607071	30.345509715576185	1.067881162054826	45.0
989.6697798532355	30.0378602460264	0.664242400647704	45.0
991.4529686457639	30.259440864220725	0.7907181076538564	45.0
993.2361574382923	30.536680315561366	0.8968761549169376	45.0
995.0193462308206	30.887720670333874	0.988259341590893	45.0
996.8025350233489	31.329448689811063	1.0675928891546227	45.0
998.5857238158773	29.081397610861522	0.6641438141281459	45.0
1000.3689126084056	29.284443580356783	0.7908522092341773	45.0
1002.1521014009339	29.545026331340644	0.8971713661418192	45.0
1003.9352901934624	29.88194560636217	0.988593686047702	45.0
1005.7184789859907	30.312676428340342	1.0677941596464913	45.0
1007.501667778519	30.00452538548563	0.6642188908525362	45.0
1009.2848565710474	30.226379689751774	0.7906891836362501	45.0
1011.0680453635757	30.50394883560736	0.8968369048321774	45.0
1012.851234156104	30.85539066892814	0.9882044532285087	45.0
1014.6344229486324	31.297603929075876	1.0675165530426887	45.0
1016.4176117411608	29.054757622368488	0.6641231337737716	45.0
1018.2008005336892	29.258060263909865	0.790826751128016	45.0
1019.9839893262175	29.51894714104759	0.8971368031249392	45.0
1021.7671781187458	29.856231241805986	0.9885453505839679	45.0
1023.5503669112742	30.287397435866264	1.067726977521237	45.0
1025.3335557038026	29.978859567455906	0.6642007356940144	45.0
1027.116744496331	30.20092497986739	0.7906668487571268	45.0
1028.8999332888593	30.47874842894364	0.8968065982839951	45.0
1030.6831220813876	30.83049992173114	0.988162075068403	45.0
1032.466310873916	31.273087424982474	1.0674576209765536	45.0
1034.2494996664443	29.03424057553182	0.6641071675882091	45.0
1036.0326884589726	29.237741164491705	0.7908070972846056	45.0
1037.815877251501	29.498862586041597	0.8971101217260218	45.0
1039.5990660440293	29.836428039217992	0.9885080398455074	45.0
1041.3822548365576	30.267929979844123	1.06767512294242	45.0
1043.165443629086	29.95909382687228	0.6641867219024283	45.0
1044.9486324216143	30.181322047439036	0.7906496094810508	45.0
1046.7318212141429	30.459341612799463	0.8967832072479519	45.0
1048.5150100066712	30.811331904409528	0.9881293689633006	45.0
1050.2981987991996	31.254207998158478	1.0674121423438154	45.0
1052.081387591728	29.01843652410473	0.6640948458048638	45.0
1053.8645763842562	29.22208974962856	0.7907919301662902	45.0
1055.6477651767846	29.483392027561436	0.8970895322487221	45.0
1057.430953969313	29.82117442823299	0.9884792494124325	45.0
1059.2141427618412	30.25293525249696	1.0676351123685055	45.0
1060.9973315543696	29.94386911612296	0.6641759085469432	45.0
1062.780520346898	30.16622287743753	0.790636307746575	45.0
1064.5637091394262	30.44439366479551	0.8967651595672238	45.0
1066.3468979319546	30.796568085620414	0.9881041352877871	45.0
1068.130086724483	31.23966669340839	1.0673770562379963	45.0
1069.9132755170115	29.006261272722508	0.6640853394461821	45.0
1071.6964643095398	29.210032182663124	0.7907802289574823	45.0
1073.4796531020681	29.47147390278972	0.8970736483018811	45.0
1075.2628418945965	29.809423570863387	0.9884570396435778	45.0
1077.0460306871248	30.241383991570803	1.067604248523127	45.0
1078.8292194796531	29.932140549110333	0.6641675669545624	45.0
1080.6124082721815	30.154591103629414	0.7906260468634408	45.0
1082.3955970647098	30.43287848319678	0.896751238115881	45.0
1084.1787858572382	30.785194864981833	0.9880846714712441	45.0
1085.9619746497665	31.2284650232611	1.067349993968946	45.0
1087.7451634422948	28.99688067660019	0.6640780069279069	45.0
1089.5283522348232	29.20074231466636	0.7907712036983955	45.0
1091.3115410273515	29.46229153694589	0.8970613971719026	45.0
1093.0947298198798	29.800370158006263	0.9884399099953531	45.0
1094.8779186124084	30.23248445310368	1.0675804451469824	45.0
1096.6611074049367	29.923104325607447	0.6641611334488793	45.0
1098.444296197465	30.145629502253914	0.7906181332615584	45.0
1100.2274849899934	30.424006766975726	0.8967405015925634	45.0
1102.0106737825217	30.776432589982274	0.988069660972996	45.0
1103.79386257505	31.219834998041957	1.0673291242267935	45.0
1105.5770513675784	28.989652711944753	0.6640723521743871	45.0
1107.3602401601067	29.19358429168354	0.7907642436464124	45.0
1109.143428952635	29.45521638661012	0.8970519495980817	45.0
1110.9266177451634	29.793394416106253	0.9884267006188229	45.0
1112.7098065376917	30.225627329893626	1.067562089901925	45.0
1114.49299533022	29.916141837669393	0.6641561723580282	45.0
1116.2761841227484	30.138724539961427	0.7906120309195842	45.0
1118.059372915277	30.41717109595118	0.8967322225889302	45.0
1119.8425617078053	30.76968128477292	0.9880580865269308	45.0
1121.6257505003337	31.21318563962947	1.067313032182565	45.0
1123.408939292862	28.984083072729742	0.6640679919010789	45.0
1125.1921280853903	29.188068567239622	0.790758876955761	45.0
1126.9753168779187	29.44976454481828	0.8970446649647679	45.0
1128.758505670447	29.788019203331434	0.9884165156008241	45.0
1130.5416944629753	30.220343553543447	1.0675479374977321	45.0
1132.3248832555037	29.91077684342407	0.664152347165677	45.0
1134.108072048032	30.133403889533817	0.7906073258383175	45.0
1135.8912608405603	30.411903858590293	0.8967258393288993	45.0
1137.6744496330887	30.764479080096816	0.9880491625690395	45.0
1139.457638425617	31.20806201882129	1.0673006253747903	45.0
1141.2408272181456	28.97979109252621	0.6640646301380544	45.0
1143.024016010674	29.183818145767678	0.7907547392904801	45.0
1144.8072048032022	29.4455633655447	0.8970390486512957	45.0
1146.5903935957306	29.783877091263793	0.9884086632564506	45.0
1148.373582388259	30.216271922044356	1.067537026600166	45.0
1150.1567711807872	29.906642609022498	0.6641493980744543	45.0
1151.9399599733156	30.129303836344015	0.7906036984186131	45.0
1153.723148765844	30.407844977205087	0.8967209181574743	45.0
1155.5063375583723	30.76047032679726	0.9880422827352786	45.0
1157.2895263509006	31.204113838468757	1.0672910606173143	45.0
1159.072715143429	28.97648356511174	0.6640620384393522	45.0
1160.8559039359573	29.180542651787622	0.7907515494480485	45.0
1162.6390927284856	29.442325827406957	0.8970347189170004	45.0
1164.422281521014	29.780685081968326	0.9884026097844886	45.0
1166.2054703135425	30.213134238689648	1.0675286153594516	45.0
1167.9886591060708	29.903456672413924	0.6641471245931253	45.0
1169.7718478985992	30.126144246576853	0.7906009020287618	45.0
1171.5550366911275	30.404717122508885	0.896717124441938	45.0
1173.3382254836558	30.757381110436935	0.9880369791451397	45.0
1175.1214142761842	31.201071310919037	1.0672836873336244	45.0
1176.9046030687125	28.9739346180116	0.6640600405372891	45.0
1178.6877918612408	29.17801839544776	0.7907490904613123	45.0
1180.4709806537692	29.439830826705375	0.897031381233586	45.0
1182.2541694462975	29.77822517396507	0.9883979433540054	45.0
1184.0373582388258	30.210716203835215	1.0675221314640657	45.0
1185.8205470313542	29.90100144547156	0.6641453720443833	45.0
1187.6037358238825	30.123709327272945	0.7905987464003171	45.0
1189.386924616411	30.4023066639206	0.896714200032711	45.0
1191.1701134089394	30.75500043333317	0.9880328908705899	45.0
1192.9533022014677	31.1987266202053	1.067278003685717	45.0
1194.736490993996	28.971970230568132	0.6640585004600541	45.0
1196.5196797865244	29.176073038824637	0.7907471949674238	45.0
1198.3028685790528	29.437908019358723	0.8970288084160697	45.0
1200.086057371581	29.776329414869462	0.9883943463092167	45.0
1201.8692461641094	30.208852719027263	1.0675171334933407	45.0
1203.6524349566378	29.89910929459036	0.6641440211233789	45.0
1205.435623749166	30.121832828844255	0.790597084779946	45.0
1207.2188125416944	30.40044901895868	0.89671194582524	45.0
1209.0020013342228	30.75316574282964	0.9880297395451059	45.0
1210.785190126751	31.1969196665491	1.0672736226440234	45.0
1212.5683789192794	28.97045631945378	0.6640573133408592	45.0
1214.351567711808	29.174573795830256	0.7907457338921438	45.0
1216.1347565043363	29.43642615635527	0.8970268252578252	45.0
1217.9179452968647	29.774868399446216	0.988391573678218	45.0
1219.701134089393	30.207416579118146	1.0675132810401962	45.0
1221.4843228819213	29.89765106034357	0.664142979824835	45.0
1223.2675116744497	30.120386658818344	0.7905958039967695	45.0
1225.050700466978	30.399017380330946	0.8967102082803887	45.0
1226.8338892595063	30.75175179641614	0.9880273105119124	45.0
1228.6170780520347	31.195527098317875	1.0672702457667973	45.0
1230.400266844563	28.969289566464024	0.6640563983148265	45.0
1232.1834556370914	29.173418348260267	0.790744607705258	45.0
1233.9666444296197	29.435284104373103	0.897025296657876	45.0
1235.749833222148	29.77374241567492	0.988389436568186	45.0
1237.5330220146766	30.206309768039645	1.0675103116300264	45.0
1239.316210807205	29.89652722023091	0.6641421772059786	45.0
1241.0993995997333	30.11927211717522	0.7905948167890213	45.0
1242.8825883922616	30.39791403871443	0.8967088690118099	45.0
1244.66577718479	30.750662090989394	0.9880254382629364	45.0
1246.4489659773183	31.194453869980492	1.0672676429497179	45.0
1248.2321547698466	28.96839035556002	0.6640556930328574	45.0
1250.015343562375	29.17252785090978	0.7907437396670666	45.0
1251.7985323549033	29.434403931554762	0.897024118452153	45.0
1253.5817211474316	29.772874627281606	0.988387789343324	45.0
1255.36490993996	30.20545675680058	1.0675080228994624	45.0
1257.1480987324883	29.895661084087287	0.6641415585705099	45.0
1258.9312875250166	30.11841314774517	0.7905940558793197	45.0
1260.714476317545	30.397063701598032	0.8967078367466841	45.0
1262.4976651100735	30.749822263821173	0.988023995197522	45.0
1264.2808539026018	31.193626742328217	1.067265636793741	45.0
1266.0640426951302	28.9676973330136	0.6640551494264535	45.0
1267.8472314876585	29.17184154421537	0.7907430706150654	45.0
1269.6304202801869	29.43372558235198	0.8970232103361357	45.0
1271.4136090727152	29.77220582319992	0.988386519728137	45.0
1273.1967978652435	30.204799341989542	1.0675062588420645	45.0
1274.9799866577719	29.894993553480276	0.6641410817514427	45.0
1276.7631754503002	30.1177511407841	0.7905934694019859	45.0
1278.5463642428285	30.39640834786911	0.8967070411213512	45.0
1280.3295530353569	30.749175010475394	0.9880228829473743	45.0
1282.1127418278852	31.192989276926657	1.0672640905423787	45.0
1283.8959306204135	28.96716321700331	0.6640547304394706	45.0
1285.679119412942	29.171312604330325	0.7907425549410263	45.0
1287.4623082054704	29.43320277556409	0.8970225104037514	45.0
1289.2454969979988	29.771690373143965	0.9883855411712013	45.0
1291.028685790527	30.204292670003305	1.0675048991962353	45.0
1292.8118745830554	29.894479084947957	0.6641407142430352	45.0
1294.5950633755838	30.117240929504888	0.7905930173749951	45.0
1296.378252168112	30.39590326444879	0.8967064278945189	45.0
1298.1614409606404	30.748676170274244	0.9880220256838794	45.0
1299.9446297531688	31.192497980591938	1.0672628987759687	45.0
1301.7278185456971	28.966751569293507	0.6640544075067786	45.0
1303.5110073382255	29.170904946013078	0.7907421574875415	45.0
1305.2941961307538	29.432799844205878	0.8970219709345765	45.0
1307.0773849232821	29.771293111834556	0.9883847869546494	45.0
1308.8605737158105	30.203902174204856	1.0675038512595236	45.0
1310.643762508339	29.894082580136924	0.6641404309884247	45.0
1312.4269513008674	30.116847705884393	0.7905926689785876	45.0
1314.2101400933957	30.39551399301865	0.896705955255038	45.0
1315.993328885924	30.74829171067201	0.9880213649559778	45.0
1317.7765176784524	31.1921193352584	1.0672619802343675	45.0
1319.5597064709807	28.966434307879297	0.6640541586095621	45.0
1321.342895263509	29.17059075933242	0.7907418511543921	45.0
1323.1260840560374	29.432489300721347	0.8970215551446729	45.0
1324.9092728485657	29.77098693841015	0.988384205651184	45.0
1326.692461641094	30.203601215140235	1.0675030435757302	45.0
1328.4756504336224	29.893776989771855	0.664140212673389	45.0
1330.2588392261507	30.116544644422213	0.7905924004565011	45.0
1332.042028018679	30.39521397761616	0.896705590974481	45.0
1333.8252168112076	30.74799540387318	0.9880208557092666	45.0
1335.608405603736	31.19182750966784	1.0672612722821706	45.0
1337.3915943962643	28.96618979039349	0.6640539667756419	45.0
1339.1747831887926	29.17034861162217	0.7907416150527019	45.0
1340.957971981321	29.432249960915243	0.8970212346810441	45.0
1342.7411607738493	29.770750966720218	0.9883837576209004	45.0
1344.5243495663776	30.20336926228803	1.0675024210670505	45.0
1346.307538358906	29.893541467463827	0.6641400444106491	45.0
1348.0907271514343	30.116311071204088	0.7905921934976142	45.0
1349.8739159439626	30.394982752073247	0.8967053102115359	45.0
1351.657104736491	30.747767036643747	0.9880204632164478	45.0
1353.4402935290193	31.191602596215688	1.067260726641111	45.0
1355.2234823215476	28.966001337224142	0.6640538189231286	45.0
1357.006671114076	29.170161984896083	0.7907414330816926	45.0
1358.7898599066045	29.43206549830869	0.8970209876897604	45.0
1360.5730486991329	29.77056910000177	0.9883834123102425	45.0
1362.3562374916612	30.203190492983513	1.0675019412809044	45.0
1364.1394262841895	29.89335994709679	0.6641399147254379	45.0
1365.9226150767179	30.116131053047674	0.7905920339881742	45.0
1367.7058038692462	30.39480454332642	0.8967050938191915	45.0
1369.4889926617745	30.74759103086702	0.9880201607107387	45.0
1371.2721814543029	31.19142925234602	1.0672603060998458	45.0
1373.0553702468312	28.965856093414672	0.6640537049689015	45.0
1374.8385590393596	29.170018148768634	0.7907412928313999	45.0
1376.621747831888	29.43192333011816	0.8970207973265478	45.0
1378.4049366244162	29.770428932521988	0.988383146169617	45.0
1380.1881254169446	30.203052712751404	1.067501571496452	45.0
1381.9713142094731	29.893220046559172	0.6641398147734223	45.0
1383.7545030020015	30.115992310298484	0.7905919110498332	45.0
1385.5376917945298	30.394667195130772	0.8967049270396827	45.0
1387.3208805870581	30.747455380550644	0.9880199275614012	45.0
1389.1040693795865	31.191295653621445	1.0672599819774753	45.0
1390.8872581721148	28.965744151604255	0.6640536171413151	45.0
1392.6704469646431	29.16990729189015	0.7907411847367587	45.0
1394.4536357571715	29.431813758755872	0.8970206506085882	45.0
1396.2368245496998	29.770320903151976	0.9883829410480773	45.0
1398.0200133422281	30.202946523285934	1.0675012864940296	45.0
1399.8032021347565	29.89311222292812	0.6641397377378025	45.0
1401.5863909272848	30.11588537900079	0.7905918162980781	45.0
1403.3695797198131	30.394561338646458	0.8967047984984436	45.0
1405.1527685123415	30.74735083265936	0.9880197478672951	45.0
1406.93595730487	31.19119268693685	1.0672597321682438	45.0
1408.7191460973984	28.965657876118254	0.6640535494503795	45.0
1410.5023348899267	29.169821852584718	0.7907411014255106	45.0
1412.285523682455	29.431729310225645	0.8970205375294081	45.0
1414.0687124749834	29.770237643068555	0.9883827829558506	45.0
1415.8519012675117	30.20286468125657	1.0675010668357119	45.0
1417.63509006004	29.89302912141259	0.6641396783645587	45.0
1419.4182788525684	30.115802965225924	0.7905917432705881	45.0
1421.2014676450967	30.394479753253492	0.8967046994285955	45.0
1422.984656437625	30.74727025582718	0.9880196093727278	45.0
1424.7678452301534	31.191113328774428	1.0672595396343225	45.0
1426.5510340226817	28.96559138206523	0.6640534972793557	45.0
1428.33422281521	29.1697560029938	0.7907410372155486	45.0
1430.1174116077386	29.431664224246195	0.8970204503766083	45.0
1431.900600400267	29.770173473050228	0.9883826611104573	45.0
1433.6837891927953	30.202801604162403	1.0675008975399296	45.0
1435.4669779853236	29.89296507360612	0.6641396326042088	45.0
1437.250166777852	30.11573944747577	0.7905916869865995	45.0
1439.0333555703803	30.394416873954793	0.8967046230731677	45.0
1440.8165443629086	30.747208153847534	0.9880195026317764	45.0
1442.599733155437	31.191052166049104	1.0672593912440311	45.0
1444.3829219479653	28.96554013388725	0.6640534570699508	45.0
1446.1661107404937	29.169705251516195	0.7907409877274642	45.0
1447.949299533022	29.431614061299864	0.8970203832059642	45.0
1449.7324883255503	29.7701240160542	0.9883825672014586	45.0
1451.5156771180787	30.202752989505704	1.06750076705987	45.0
1453.298865910607	29.892915710801457	0.6641395973356756	45.0
1455.0820547031356	30.11569049319656	0.7905916436072657	45.0
1456.865243495664	30.394368411743393	0.8967045642243323	45.0
1458.6484322881922	30.74716029073204	0.9880194203641511	45.0
1460.4316210807206	31.19100502683632	1.067259276876354	45.0
1462.214809873249	28.96550063596653	0.6640534260796708	45.0
1463.9979986657772	29.169666136412673	0.7907409495859039	45.0
1465.7811874583056	29.431575399789494	0.8970203314360701	45.0
1467.564376250834	29.770085898634225	0.9883824948237351	45.0
1469.3475650433622	30.202715521293914	1.0675006664960438	45.0
1471.1307538358906	29.892877665976798	0.6641395701534453	45.0
1472.913942628419	30.11565276323086	0.7905916101738671	45.0
1474.6971314209472	30.394331061024456	0.8967045188682562	45.0
1476.4803202134756	30.74712340174859	0.9880193569587123	45.0
1478.2635090060041	31.190968695779446	1.0672591887307228	45.0
1480.0466977985325	28.965470194177172	0.6640534021947931	45.0
1481.8298865910608	29.169635989668315	0.7907409201893822	45.0
1483.6130753835891	29.431545602638607	0.8970202915359015	45.0
1485.3962641761175	29.77005652082487	0.9883824390406757	45.0
1487.1794529686458	30.202686643842476	1.0675005889893614	45.0
1488.9626417611742	29.892848344118175	0.6641395492035201	45.0
1490.7458305537025	30.115623684040447	0.7905915844060347	45.0
1492.5290193462308	30.39430227412723	0.8967044839113648	45.0
1494.3122081387592	30.747094970720266	0.9880193080907983	45.0
1496.0953969312875	31.190940694756428	1.067259120795026	45.0
1497.8785857238158	28.965446732112593	0.6640533837862129	45.0
1499.6617745163442	29.169612755000863	0.7907408975328629	45.0
1501.4449633088725	29.431522637409902	0.8970202607840021	45.0
1503.228152101401	29.77003387879113	0.9883823960475014	45.0
1505.0113408939294	30.202664387444653	1.0675005292533408	45.0
1506.7945296864577	29.892825745206824	0.6641395330569737	45.0
1508.577718478986	30.11560127215838	0.7905915645462275	45.0
1510.3609072715144	30.394280087521413	0.8967044569693593	45.0
1512.1440960640427	30.747073058389773	0.9880192704272798	45.0
1513.927284856571	31.190919113839662	1.0672590684355747	45.0
1515.7104736490994	28.965428649450878	0.6640533695983375	45.0
1517.4936624416277	29.169594847598677	0.7907408800710133	45.0
1519.276851234156	29.431504937669548	0.897020237082876	45.0
1521.0600400266844	29.77001642814361	0.9883823629117735	45.0
1522.8432288192128	30.202647234014457	1.0675004832135582	45.0
1524.626417611741	29.892808327794608	0.6641395206124971	45.0
1526.4096064042697	30.11558399889338	0.7905915492398646	45.0
1528.192795196798	30.394262987881334	0.8967044362046013	45.0
1529.9759839893263	30.74705617013917	0.9880192413992326	45.0
1531.7591727818547	31.190902481016238	1.0672590280810728	45.0
1533.542361574383	28.96541471279575	0.6640533586634509	45.0
1535.3255503669113	29.16958104601956	0.7907408666128082	45.0
1537.1087391594397	29.43149129613955	0.8970202188159335	45.0
1538.891927951968	29.770002978594434	0.9883823373733912	45.0
1540.6751167444963	30.202634013536592	1.0675004477297596	45.0
1542.4583055370247	29.89279490386056	0.664139511021285	45.0
1544.241494329553	30.115570686056465	0.7905915374429386	45.0
1546.0246831220813	30.394249808860593	0.8967044202007796	45.0
1547.8078719146097	30.74704315404051	0.9880192190267265	45.0
1549.591060707138	31.19088966178039	1.0672589969790394	45.0
1551.3742494996666	28.96540397154643	0.6640533502357119	45.0
1553.157438292195	29.169570408876005	0.7907408562402964	45.0
1554.9406270847232	29.43148078234903	0.8970202047372308	45.0
1556.7238158772516	29.769992612767343	0.9883823176904433	45.0
1558.50700466978	30.202623824259305	1.067500420381679	45.0
1560.2901934623083	29.892784557775563	0.6641395036291439	45.0
1562.0733822548366	30.115560425596236	0.7905915283508096	45.0
1563.856571047365	30.39423965153516	0.896704407866311	45.0
1565.6397598398933	30.74703312228236	0.9880192017837852	45.0
1567.4229486324216	31.190879781748304	1.0672589730080764	45.0
1569.20613742495	28.965395693057364	0.6640533437402836	45.0
1570.9893262174783	29.169562210623322	0.7907408482459928	45.0
1572.7725150100066	29.431472679166976	0.8970201938864913	45.0
1574.5557038025352	29.769984623623635	0.9883823025203997	45.0
1576.3388925950635	30.202615971186027	1.0675003993039645	45.0
1578.1220813875918	29.892776583847475	0.6641394979318721	45.0
1579.9052701801202	30.115552517660856	0.7905915213433231	45.0
1581.6884589726485	30.3942318230878	0.8967043983598888	45.0
1583.4716477651768	30.74702539061219	0.9880191884943048	45.0
1585.2548365577052	31.190872167016412	1.0672589545331752	45.0
1587.0380253502335	28.965389312664936	0.6640533387341269	45.0
1588.8212141427618	29.169555892070658	0.790740842084623	45.0
1590.6044029352902	29.43146643388712	0.8970201855236095	45.0
1592.3875917278185	29.769978466235383	0.9883822908285441	45.0
1594.1707805203469	30.20260991866994	1.0675003830589493	45.0
1595.9539693128752	29.892770438186208	0.6641394935408711	45.0
1597.7371581054035	30.11554642286147	0.7905915159425135	45.0
1599.520346897932	30.394225789551406	0.8967043910330995	45.0
1601.3035356904604	30.747019431663887	0.9880191782518374	45.0
1603.0867244829888	31.190866298194752	1.0672589402942012	45.0
1604.869913275517	28.96538439517223	0.6640533348757821	45.0
1606.6531020680454	29.169551022239073	0.7907408373359326	45.0
1608.4362908605738	29.431461620528346	0.8970201790781699	45.0
1610.219479653102	29.769973720616406	0.9883822818173983	45.0
1612.0026684456304	30.20260525387801	1.067500370538593	45.0
1613.7858572381588	29.892765701605448	0.6641394901566392	45.0
1615.569046030687	30.115541725480966	0.7905915117800021	45.0
1617.3522348232154	30.3942211393875	0.8967043853861975	45.0
1619.1354236157438	30.747014838986495	0.9880191703577643	45.0
1620.918612408272	31.19086177497974	1.067258929319941	45.0
1622.7018012008007	28.96538060516469	0.6640533319020792	45.0
1624.484989993329	29.169547268964898	0.7907408336760225	45.0
1626.2681787858573	29.431457910778875	0.8970201741105417	45.0
1628.0513675783857	29.769970063075323	0.9883822748723295	45.0
1629.834556370914	30.202601658631924	1.0675003608889062	45.0
1631.6177451634424	29.8927620510303	0.6641394875483446	45.0
1633.4009339559707	30.115538105118226	0.790591508571872	45.0
1635.184122748499	30.394217555415523	0.8967043810340182	45.0
1636.9673115410274	30.74701129932051	0.9880191642736458	45.0
1638.7505003335557	31.190858288849775	1.0672589208618617	45.0
1640.533689126084	28.965377684131855	0.6640533296101874	45.0
1642.3168779186124	29.1695443762432	0.7907408308552574	45.0
1644.1000667111407	29.431455051602512	0.8970201702818924	45.0
1645.8832555036693	29.769967244136996	0.9883822695196275	45.0
1647.6664442961976	30.202598887705577	1.0675003534517018	45.0
1649.449633088726	29.892759237460762	0.6641394855380806	45.0
1651.2328218812543	30.11553531483399	0.790591506099303	45.0
1653.0160106737826	30.39421479317836	0.8967043776797077	45.0
1654.799199466311	30.747008571230836	0.9880191595844956	45.0
1656.5823882588393	31.19085560202137	1.0672589143430529	45.0
1658.3655770513676	28.965375432834755	0.6640533278437812	45.0
1660.148765843896	29.169542146766034	0.7907408286812382	45.0
1661.9319546364243	29.431452847979408	0.8970201673310768	45.0
1663.7151434289526	29.769965071526133	0.9883822653941946	45.0
1665.498332221481	30.20259675209849	1.0675003477197016	45.0
1667.2815210140093	29.892757068987724	0.6641394839887302	45.0
1669.0647098065376	30.11553316430739	0.790591504193645	45.0
1670.8478985990662	30.394212664268192	0.8967043750944742	45.0
1672.6310873915945	30.747006468638816	0.9880191559704748	45.0
1674.4142761841229	31.190853531230218	1.0672589093188782	45.0
1676.1974649766512	28.965373697716032	0.6640533264823771	45.0
1677.9806537691795	29.169540428464373	0.7907408270056786	45.0
1679.7638425617079	29.431451149603976	0.897020165056825	45.0
1681.5470313542362	29.769963397052454	0.9883822622146421	45.0
1683.3302201467645	30.202595106144347	1.067500343301936	45.0
1685.1134089392929	29.892755397703148	0.6641394827946154	45.0
1686.8965977318212	30.115531506854484	0.7905915027249169	45.0
1688.6797865243495	30.394211023475496	0.8967043731019839	45.0
1690.4629753168779	30.74700484813003	0.988019153185078	45.0
1692.2461641094062	31.190851935230985	1.067258905446648	45.0
1694.0293529019348	28.96537236042608	0.6640533254331162	45.0
1695.812541694463	29.16953910413566	0.7907408257142918	45.0
1697.5957304869914	29.431449840632794	0.8970201633040144	45.0
1699.3789192795198	29.76996210650282	0.9883822597640984	45.0
1701.162108072048	30.20259383757528	1.0675003398970775	45.0
1702.9452968645764	29.89275410961142	0.6641394818742876	45.0
1704.7284856571048	30.1155302294231	0.7905915015929392	45.0
1706.5116744496331	30.39420975888446	0.8967043715663324	45.0
1708.2948632421615	30.7470035991722	0.9880191510383178	45.0
1710.0780520346898	31.19085070516315	1.067258902462244	45.0
1711.8612408272181	28.96537132975052	0.6640533246244303	45.0
1713.6444296197465	29.169538083449584	0.7907408247189948	45.0
1715.4276184122748	29.431448831783072	0.8970201619530889	45.0
1717.2108072048031	29.769961111850947	0.9883822578754163	45.0
1718.9939959973317	30.202592859864264	1.067500337272886	45.0
1720.77718478986	29.892753116853907	0.6641394811649728	45.0
1722.5603735823884	30.115529244881714	0.7905915007205018	45.0
1724.3435623749167	30.394208784239392	0.8967043703827757	45.0
1726.126751167445	30.747002636575953	0.9880191493837676	45.0
1727.9099399599734	31.19084975712579	1.0672589001621051	45.0
1729.6931287525017	28.96537053538868	0.6640533240011601	45.0
1731.47631754503	29.16953729678683	0.7907408239518998	45.0
1733.2595063375584	29.431448054242832	0.897020160911904	45.0
1735.0426951300867	29.76996034525326	0.9883822564197718	45.0
1736.825883922615	30.20259210632323	1.0675003352503698	45.0
1738.6090727151434	29.89275235171624	0.66413948061829	45.0
1740.3922615076717	30.115528486076382	0.7905915000480971	45.0
1742.1754503002003	30.39420803306134	0.8967043694705851	45.0
1743.9586390927286	30.74700189468417	0.9880191481085729	45.0
1745.741827885257	31.19084902645483	1.0672588983893427	45.0
1747.5250166777853	28.96536992315845	0.6640533235207934	45.0
1749.3082054703136	29.169536690490432	0.7907408233606843	45.0
1751.091394262842	29.431447454977334	0.8970201601094421	45.0
1752.8745830553703	29.76995975442141	0.9883822552978779	45.0
1754.6577718478986	30.202591525554393	1.067500333691577	45.0
1756.440960640427	29.89275176200965	0.6641394801969508	45.0
1758.2241494329553	30.115527901250253	0.7905914995298615	45.0
1760.0073382254836	30.3942074541137	0.896704368767542	45.0
1761.790527018012	30.747001322893635	0.9880191471257556	45.0
1763.5737158105403	31.190848463312403	1.06725889702304	45.0
1765.3569046030686	28.965369451300607	0.6640533231505653	45.0
1767.1400933955972	29.169536223205924	0.790740822905023	45.0
1768.9232821881255	29.43144699311167	0.8970201594909691	45.0
1770.7064709806539	29.76995929905572	0.9883822544332121	45.0
1772.4896597731822	30.202591077944465	1.0675003324901846	45.0
1774.2728485657105	29.892751307511226	0.6641394798722164	45.0
1776.0560373582389	30.11552745051329	0.7905914991304474	45.0
1777.8392261507672	30.394207007907408	0.8967043682256929	45.0
1779.6224149432956	30.74700088220347	0.9880191463682789	45.0
1781.405603735824	31.190848029287505	1.067258895970004	45.0
1783.1887925283522	28.96536908763052	0.6640533228652236	45.0
1784.9719813208806	29.169535863060588	0.7907408225538362	45.0
1786.755170113409	29.431446637142756	0.8970201590143001	45.0
1788.5383589059372	29.76995894809647	0.9883822537667976	45.0
1790.3215476984658	30.202590732962733	1.067500331564248	45.0
1792.1047364909941	29.892750957220382	0.6641394796219372	45.0
1793.8879252835225	30.115527103121483	0.7905914988226108	45.0
1795.6711140760508	30.394206664007477	0.896704367808079	45.0
1797.4543028685791	30.74700054255492	0.9880191457844768	45.0
1799.2374916611075	31.190847694776007	1.067258895158408	45.0
1801.0206804536358	28.96536880734286	0.6640533226453049	45.0
1802.8038692461641	29.169535585489516	0.7907408222831694	45.0
1804.5870580386925	29.43144636279053	0.8970201586469216	45.0
1806.3702468312208	29.769958677605285	0.9883822532531787	45.0
1808.1534356237491	30.202590467078544	1.0675003308506106	45.0
1809.9366244162775	29.892750687244366	0.6641394794290422	45.0
1811.7198132088058	30.11552683537981	0.7905914985853553	45.0
1813.5030020013342	30.394206398957063	0.896704367486216	45.0
1815.2861907938627	30.74700028078113	0.9880191453345291	45.0
1817.069379586391	31.190847436961445	1.0672588945328954	45.0
1818.8525683789194	28.96536859131967	0.6640533224758092	45.0
1820.6357571714477	29.16953537156007	0.7907408220745612	45.0
1822.418945963976	29.43144615134191	0.8970201583637759	45.0
1824.2021347565044	29.76995846913244	0.9883822528573224	45.0
1825.9853235490327	30.2025902621564	1.067500330300596	45.0
1827.768512341561	29.892750479168573	0.6641394792803742	45.0
1829.5517011340894	30.11552662902606	0.7905914984024978	45.0
1831.3348899266177	30.394206194677523	0.8967043672381497	45.0
1833.118078719146	30.747000079026943	0.9880191449877455	45.0
1834.9012675116744	31.19084723825871	1.0672588940508003	45.0
1836.6844563042027	28.96536842482636	0.6640533223451754	45.0
1838.4676450967313	29.16953520668044	0.7907408219137827	45.0
1840.2508338892596	29.4314459883743	0.8970201581455499	45.0
1842.034022681788	29.769958308458328	0.9883822525522282	45.0
1843.8172114743163	30.202590104218874	1.0675003298766892	45.0
1845.6004002668446	29.89275031880046	0.6641394791657929	45.0
1847.383589059373	30.11552646998517	0.7905914982615659	45.0
1849.1667778519013	30.394206037235264	0.8967043670469602	45.0
1850.9499666444297	30.746999923531025	0.9880191447204727	45.0
1852.733155436958	31.19084708511461	1.0672588936792404	45.0
1854.5163442294863	28.965368296506693	0.6640533222444936	45.0
1856.2995330220147	29.16953507960447	0.7907408217898677	45.0
1858.082721814543	29.431445862771962	0.8970201579773589	45.0
1859.8659106070713	29.76995818462363	0.9883822523170862	45.0
1861.6490993995997	30.202589982493325	1.0675003295499759	45.0
1863.4322881921282	29.892750195201618	0.6641394790774828	45.0
1865.2154769846566	30.11552634740924	0.790591498152947	45.0
1866.998665777185	30.394205915891426	0.8967043668996069	45.0
1868.7818545697132	30.74699980368728	0.9880191445144801	45.0
1870.5650433622416	31.19084696708345	1.0672588933928717	45.0
1872.34823215477	28.965368197608218	0.6640533221668962	45.0
1874.1314209472982	29.169534981664533	0.7907408216943639	45.0
1875.9146097398266	29.43144576596778	0.8970201578477307	45.0
1877.697798532355	29.76995808918181	0.9883822521358577	45.0
1879.4809873248832	30.20258988867706	1.0675003292981713	45.0
1881.2641761174116	29.89275009994157	0.6641394790094204	45.0
1883.04736490994	30.115526252937574	0.7905914980692321	45.0
1884.8305537024683	30.39420582236936	0.8967043667860385	45.0
1886.6137424949968	30.746999711321358	0.9880191443557177	45.0
1888.3969312875251	31.19084687611453	1.0672588931721618	45.0
1890.1801200800535	28.965368121385232	0.6640533221070903	45.0
1891.9633088725818	29.169534906180314	0.7907408216207573	45.0
1893.7464976651102	29.431445691358917	0.8970201577478238	45.0
1895.5296864576385	29.769958015622933	0.9883822519961813	45.0
1897.3128752501668	30.20258981637104	1.0675003291041008	45.0
1899.0960640426952	29.89275002652279	0.6641394789569635	45.0
1900.8792528352235	30.115526180126416	0.7905914980047115	45.0
1902.6624416277518	30.394205750290077	0.8967043666985093	45.0
1904.4456304202802	30.746999640133136	0.9880191442333564	45.0
1906.2288192128085	31.190846806003	1.0672588930020566	45.0
1908.0120080053368	28.965368062638678	0.6640533220609965	45.0
1909.7951967978652	29.169534848003142	0.7907408215640273	45.0
1911.5783855903937	29.431445633856388	0.8970201576708235	45.0
1913.361574382922	29.76995795892966	0.9883822518885299	45.0
1915.1447631754504	30.20258976064336	1.0675003289545268	45.0
1916.9279519679787	29.892749969937487	0.6641394789165339	45.0
1918.711140760507	30.115526124009413	0.7905914979549842	45.0
1920.4943295530354	30.39420569473715	0.8967043666310487	45.0
1922.2775183455637	30.746999585266966	0.9880191441390501	45.0
1924.060707138092	31.19084675196666	1.0672588928709528	45.0
1925.8438959306204	28.965368017361552	0.6640533220254712	45.0
1927.6270847231488	29.169534803164844	0.7907408215203041	45.0
1929.410273515677	29.431445589538065	0.8970201576114779	45.0
1931.1934623082054	29.769957915235036	0.9883822518055608	45.0
1932.9766511007338	30.20258971769295	1.067500328839247	45.0
1934.7598398932623	29.89274992632609	0.6641394788853741	45.0
1936.5430286857907	30.11552608075894	0.7905914979166585	45.0
1938.326217478319	30.394205651921414	0.8967043665790556	45.0
1940.1094062708473	30.74699954298054	0.9880191440663664	45.0
1941.8925950633757	31.190846710319796	1.0672588927699087	45.0
1943.675783855904	28.965367982465583	0.6640533219980913	45.0
1945.4589726484323	29.169534768607093	0.7907408214866061	45.0
1947.2421614409607	29.431445555381057	0.8970201575657392	45.0
1949.025350233489	29.76995788155873	0.9883822517416151	45.0
1950.8085390260173	30.202589684590215	1.0675003287503988	45.0
1952.5917278185457	29.89274989271392	0.6641394788613583	45.0
1954.374916611074	30.11552604742495	0.7905914978871199	45.0
1956.1581054036023	30.39420561892249	0.8967043665389833	45.0
1957.9412941961307	30.74699951038955	0.9880191440103476	45.0
1959.7244829886592	31.19084667822174	1.067258892692032	45.0
1961.5076717811876	28.965367955570574	0.6640533219769891	45.0
1963.290860573716	29.169534741972758	0.7907408214606342	45.0
1965.0740493662443	29.431445529055587	0.8970201575304874	45.0
1966.8572381587726	29.769957855603746	0.9883822516923307	45.0
1968.640426951301	30.20258965907729	1.0675003286819218	45.0
1970.4236157438293	29.892749866808362	0.6641394788428491	45.0
1972.2068045363576	30.115526021733796	0.7905914978643541	45.0
1973.989993328886	30.394205593489573	0.896704366508099	45.0
1975.7731821214143	30.74699948527104	0.988019143967173	45.0
1977.5563709139426	31.190846653483135	1.067258892632011	45.0
1979.339559706471	28.965367934842064	0.6640533219607252	45.0
1981.1227484989993	29.169534721445153	0.7907408214406173	45.0
1982.9059372915278	29.43144550876603	0.8970201575033182	45.0
1984.6891260840562	29.769957835599733	0.9883822516543465	45.0
1986.4723148765845	30.202589639413983	1.0675003286291451	45.0
1988.2555036691128	29.89274984684245	0.6641394788285836	45.0
1990.0386924616412	30.115526001933123	0.790591497846808	45.0
1991.8218812541695	30.39420557388793	0.8967043664842957	45.0
1993.6050700466978	30.746999465911717	0.9880191439338972	45.0
1995.3882588392262	31.190846634416612	1.0672588925857514	45.0
1997.1714476317545	28.965367918866193	0.6640533219481901	45.0
1998.9546364242829	29.169534705624123	0.7907408214251896	45.0
2000.7378252168112	29.431445493128468	0.8970201574823782	45.0
2002.5210140093395	29.769957820182242	0.9883822516250709	45.0
2004.3042028018679	30.202589624259083	1.067500328588469	45.0
2006.0873915943962	29.892749831454328	0.6641394788175892	45.0
2007.8705803869248	30.11552598667235	0.790591497833285	45.0
2009.653769179453	30.394205558780552	0.8967043664659503	45.0
2011.4369579719814	30.7469994509911	0.9880191439082512	45.0
2013.2201467645098	31.190846619721672	1.0672588925500985	45.0
2015.003335557038	28.96536790655328	0.6640533219385292	45.0
2016.7865243495664	29.16953469343055	0.7907408214132994	45.0
2018.5697131420948	29.43144548107629	0.8970201574662394	45.0
2020.352901934623	29.769957808299687	0.9883822516025079	45.0
2022.1360907271514	30.202589612578908	1.0675003285571194	45.0
2023.9192795196798	29.892749819594396	0.6641394788091152	45.0
2025.702468312208	30.11552597491057	0.7905914978228623	45.0
2027.4856571047364	30.394205547137005	0.8967043664518108	45.0
2029.2688458972648	30.746999439491496	0.988019143888485	45.0
2031.0520346897933	31.19084660839599	1.0672588925226199	45.0
2032.8352234823217	28.96536789706348	0.6640533219310834	45.0
2034.61841227485	29.169534684032723	0.7907408214041354	45.0
2036.4016010673784	29.431445471787452	0.897020157453801	45.0
2038.1847898599067	29.769957799141565	0.9883822515851183	45.0
2039.967978652435	30.20258960357677	1.0675003285329574	45.0
2041.7511674449634	29.89274981045372	0.6641394788025843	45.0
2043.5343562374917	30.115525965845542	0.7905914978148295	45.0
2045.31754503002	30.394205538163096	0.8967043664409134	45.0
2047.1007338225484	30.746999430628524	0.9880191438732511	45.0
2048.8839226150767	31.19084659966706	1.0672588925014417	45.0
2050.6671114076053	28.965367889749498	0.6640533219253448	45.0
2052.4503002001334	29.169534676789635	0.7907408213970726	45.0
2054.233488992662	29.431445464628354	0.8970201574442145	45.0
2056.01667778519	29.769957792083215	0.9883822515717157	45.0
2057.7998665777186	30.202589596638635	1.0675003285143354	45.0
2059.5830553702467	29.89274980340881	0.6641394787975509	45.0
2061.3662441627753	30.11552595885894	0.7905914978086385	45.0
2063.1494329553034	30.39420553124672	0.8967043664325145	45.0
2064.932621747832	30.746999423797647	0.9880191438615098	45.0
2066.7158105403605	31.190846592939497	1.0672588924851192	45.0
2068.4989993328886	28.96536788411246	0.6640533219209216	45.0
2070.282188125417	29.16953467120723	0.7907408213916287	45.0
2072.0653769179453	29.43144545911069	0.8970201574368257	45.0
2073.848565710474	29.76995778664321	0.9883822515613857	45.0
2075.631754503002	30.20258959129129	1.067500328499983	45.0
2077.4149432955305	29.892749797979167	0.6641394787936714	45.0
2079.1981320880586	30.11552595347423	0.7905914978038668	45.0
2080.981320880587	30.394205525916135	0.8967043664260415	45.0
2082.7645096731153	30.746999418532965	0.9880191438524607	45.0
2084.547698465644	31.190846587754447	1.0672588924725392	45.0
2086.330887258172	28.965367879767904	0.664053321917513	45.0
2088.1140760507005	29.16953466690478	0.7907408213874335	45.0
2089.8972648432286	29.431445454858135	0.8970201574311315	45.0
2091.680453635757	29.769957782450497	0.9883822515534245	45.0
2093.4636424282858	30.20258958716998	1.0675003284889213	45.0
2095.246831220814	29.892749793794433	0.6641394787906814	45.0
2097.0300200133424	30.115525949324134	0.7905914978001893	45.0
2098.8132088058705	30.394205521807752	0.8967043664210524	45.0
2100.596397598399	30.746999414475372	0.9880191438454863	45.0
2102.379586390927	31.19084658375822	1.0672588924628434	45.0
2104.162775183456	28.965367876419453	0.6640533219148855	45.0
2105.945963975984	29.169534663588784	0.7907408213841999	45.0
2107.7291527685124	29.431445451580593	0.8970201574267425	45.0
2109.5123415610406	29.76995777921908	0.9883822515472886	45.0
2111.295530353569	30.20258958399361	1.0675003284803959	45.0
2113.0787191460972	29.892749790569184	0.6641394787883771	45.0
2114.861907938626	30.115525946125576	0.790591497797355	45.0
2116.6450967311544	30.394205518641346	0.8967043664172074	45.0
2118.4282855236825	30.74699941134811	0.9880191438401111	45.0
2120.211474316211	31.190846580678258	1.067258892455371	45.0
2121.994663108739	28.965367873838748	0.6640533219128608	45.0
2123.7778519012677	29.16953466103309	0.7907408213817078	45.0
2125.561040693796	29.431445449054532	0.8970201574233599	45.0
2127.3442294863244	29.76995777672857	0.9883822515425594	45.0
2129.1274182788525	30.20258958154552	1.0675003284738251	45.0
2130.910607071381	29.892749788083414	0.664139478786601	45.0
2132.693795863909	30.115525943660373	0.7905914977951705	45.0
2134.4769846564377	30.394205516200923	0.8967043664142438	45.0
2136.260173448966	30.74699940893786	0.9880191438359683	45.0
2138.0433622414944	31.190846578304463	1.0672588924496116	45.0
2139.826551034023	28.965367871849736	0.6640533219113002	45.0
2141.609739826551	29.16953465906336	0.790740821379787	45.0
2143.3929286190796	29.431445447107645	0.8970201574207528	45.0
2145.1761174116077	29.76995777480908	0.9883822515389147	45.0
2146.9593062041363	30.202589579658714	1.067500328468761	45.0
2148.7424949966644	29.892749786167577	0.664139478785232	45.0
2150.525683789193	30.115525941760396	0.7905914977934867	45.0
2152.308872581721	30.394205514320042	0.8967043664119596	45.0
2154.0920613742496	30.746999407080228	0.9880191438327752	45.0
2155.8752501667777	31.190846576474925	1.0672588924451727	45.0
2157.6584389593063	28.965367870316772	0.6640533219100974	45.0
2159.4416277518344	29.16953465754525	0.7907408213783067	45.0
2161.224816544363	29.43144544560714	0.8970201574187435	45.0
2163.0080053368915	29.769957773329693	0.9883822515361056	45.0
2164.7911941294196	30.202589578204524	1.0675003284648579	45.0
2166.574382921948	29.89274978469101	0.6641394787841771	45.0
2168.3575717144763	30.11552594029605	0.7905914977921892	45.0
2170.140760507005	30.394205512870414	0.8967043664101993	45.0
2171.923949299533	30.74699940564852	0.9880191438303143	45.0
2173.7071380920615	31.19084657506487	1.0672588924417514	45.0
2175.4903268845896	28.96536786913528	0.6640533219091704	45.0
2177.273515677118	29.169534656375212	0.7907408213771658	45.0
2179.0567044696463	29.43144544445067	0.8970201574171951	45.0
2180.839893262175	29.7699577721895	0.9883822515339407	45.0
2182.623082054703	30.202589577083753	1.0675003284618498	45.0
2184.4062708472316	29.892749783552983	0.6641394787833641	45.0
2186.1894596397597	30.115525939167448	0.7905914977911892	45.0
2187.972648432288	30.394205511753153	0.8967043664088428	45.0
2189.755837224817	30.746999404545072	0.9880191438284178	45.0
2191.539026017345	31.190846573978114	1.067258892439115	45.0
2193.3222148098735	28.965367868224693	0.664053321908456	45.0
2195.1054036024016	29.169534655473445	0.7907408213762865	45.0
2196.88859239493	29.43144544355936	0.8970201574160015	45.0
2198.6717811874582	29.769957771310732	0.988382251532272	45.0
2200.454969979987	30.202589576219953	1.0675003284595315	45.0
2202.238158772515	29.892749782675896	0.6641394787827373	45.0
2204.0213475650435	30.115525938297615	0.7905914977904183	45.0
2205.8045363575716	30.394205510892064	0.8967043664077969	45.0
2207.5877251501	30.74699940369463	0.9880191438269559	45.0
2209.3709139426282	31.190846573140536	1.0672588924370827	45.0
2211.154102735157	28.96536786752288	0.6640533219079053	45.0
2212.9372915276854	29.169534654778438	0.7907408213756087	45.0
2214.7204803202135	29.431445442872416	0.8970201574150817	45.0
2216.503669112742	29.76995777063346	0.9883822515309859	45.0
2218.28685790527	30.202589575554214	1.0675003284577445	45.0
2220.0700466977987	29.89274978199991	0.6641394787822544	45.0
2221.853235490327	30.115525937627222	0.7905914977898242	45.0
2223.6364242828554	30.394205510228414	0.8967043664069911	45.0
2225.4196130753835	30.746999403039176	0.9880191438258294	45.0
2227.202801867912	31.190846572494998	1.0672588924355166	45.0
2228.98599066044	28.965367866981982	0.6640533219074809	45.0
2230.7691794529687	29.16953465424278	0.7907408213750864	45.0
2232.552368245497	29.43144544234297	0.8970201574143727	45.0
2234.3355570380254	29.76995777011146	0.9883822515299947	45.0
2236.118745830554	30.20258957504111	1.0675003284563673	45.0
2237.901934623082	29.892749781478905	0.6641394787818821	45.0
2239.6851234156106	30.11552593711053	0.7905914977893664	45.0
2241.4683122081387	30.394205509716915	0.8967043664063699	45.0
2243.2515010006673	30.746999402534	0.9880191438249609	45.0
2245.0346897931954	31.190846571997458	1.0672588924343094	45.0
2246.817878585724	28.965367866565096	0.6640533219071539	45.0
2248.601067378252	29.16953465382994	0.790740821374684	45.0
2250.3842561707806	29.431445441934915	0.8970201574138263	45.0
2252.1674449633088	29.76995776970915	0.9883822515292309	45.0
2253.9506337558373	30.202589574645646	1.067500328455306	45.0
2255.7338225483654	29.892749781077356	0.6641394787815952	45.0
2257.517011340894	30.115525936712306	0.7905914977890134	45.0
2259.3002001334225	30.394205509322692	0.8967043664058912	45.0
2261.0833889259507	30.746999402144652	0.9880191438242917	45.0
2262.866577718479	31.190846571614	1.067258892433379	45.0
2264.6497665110073	28.965367866243795	0.6640533219069015	45.0
2266.432955303536	29.169534653511747	0.7907408213743734	45.0
2268.216144096064	29.431445441620415	0.8970201574134049	45.0
2269.9993328885926	29.769957769399074	0.9883822515286419	45.0
2271.7825216811207	30.202589574340852	1.0675003284544875	45.0
2273.5657104736492	29.892749780767875	0.6641394787813739	45.0
2275.3488992661773	30.115525936405383	0.7905914977887414	45.0
2277.132088058706	30.394205509018857	0.8967043664055222	45.0
2278.915276851234	30.746999401844576	0.988019143823776	45.0
2280.6984656437626	31.190846571318463	1.067258892432662	45.0
2282.481654436291	28.96536786599617	0.6640533219067075	45.0
2284.2648432288192	29.169534653266524	0.7907408213741345	45.0
2286.048032021348	29.431445441378028	0.8970201574130805	45.0
2287.831220813876	29.7699577691601	0.9883822515281883	45.0
2289.6144096064045	30.202589574105954	1.0675003284538573	45.0
2291.3975983989326	29.892749780529357	0.6641394787812036	45.0
2293.180787191461	30.11552593616884	0.7905914977885318	45.0
2294.9639759839893	30.394205508784697	0.8967043664052379	45.0
2296.747164776518	30.746999401613312	0.9880191438233784	45.0
2298.530353569046	31.190846571090695	1.0672588924321094	45.0
2300.3135423615745	28.965367865805316	0.6640533219065576	45.0
2302.0967311541026	29.16953465307752	0.7907408213739502	45.0
2303.879919946631	29.43144544119122	0.8970201574128304	45.0
2305.6631087391593	29.769957768975924	0.9883822515278384	45.0
2307.446297531688	30.20258957392491	1.0675003284533713	45.0
2309.2294863242164	29.89274978034553	0.6641394787810724	45.0
2311.0126751167445	30.115525935986536	0.7905914977883703	45.0
2312.795863909273	30.394205508604216	0.8967043664050188	45.0
2314.579052701801	30.746999401435062	0.9880191438230722	45.0
2316.3622414943297	31.19084657091514	1.0672588924316835	45.0
2318.145430286858	28.965367865658223	0.6640533219064424	45.0
2319.9286190793864	29.169534652931855	0.7907408213738083	45.0
2321.7118078719145	29.43144544104725	0.8970201574126377	45.0
2323.494996664443	29.76995776883398	0.9883822515275691	45.0
2325.278185456971	30.202589573785385	1.067500328452997	45.0
2327.0613742494997	29.892749780203854	0.664139478780971	45.0
2328.844563042028	30.11552593584603	0.7905914977882459	45.0
2330.6277518345564	30.394205508465124	0.8967043664048499	45.0
2332.410940627085	30.74699940129769	0.9880191438228361	45.0
2334.194129419613	31.190846570779847	1.0672588924313553	45.0
2335.9773182121417	28.96536786554486	0.6640533219063532	45.0
2337.7605070046698	29.16953465281959	0.7907408213736986	45.0
2339.5436957971983	29.431445440936283	0.897020157412489	45.0
2341.3268845897264	29.769957768724574	0.9883822515273613	45.0
2343.110073382255	30.20258957367784	1.0675003284527083	45.0
2344.893262174783	29.892749780094658	0.6641394787808931	45.0
2346.6764509673117	30.11552593573774	0.79059149778815	45.0
2348.45963975984	30.394205508357928	0.8967043664047196	45.0
2350.2428285523683	30.746999401191818	0.9880191438226539	45.0
2352.0260173448964	31.19084657067558	1.0672588924311022	45.0
2353.809206137425	28.965367865457484	0.6640533219062846	45.0
2355.5923949299536	29.16953465273306	0.7907408213736142	45.0
2357.3755837224817	29.431445440850755	0.8970201574123744	45.0
2359.1587725150102	29.769957768640253	0.9883822515272012	45.0
2360.9419613075383	30.20258957359496	1.0675003284524858	45.0
2362.725150100067	29.8927497800105	0.6641394787808329	45.0
2364.508338892595	30.11552593565428	0.7905914977880758	45.0
2366.2915276851236	30.394205508275302	0.8967043664046193	45.0
2368.0747164776517	30.746999401110216	0.9880191438225137	45.0
2369.8579052701803	31.19084657059521	1.0672588924309072	45.0
2371.6410940627084	28.96536786539015	0.6640533219062319	45.0
2373.424282855237	29.169534652666375	0.7907408213735493	45.0
2375.207471647765	29.431445440784845	0.8970201574122862	45.0
2376.9906604402936	29.769957768575264	0.9883822515270778	45.0
2378.773849232822	30.20258957353108	1.0675003284523144	45.0
2380.5570380253503	29.89274977994564	0.6641394787807867	45.0
2382.340226817879	30.11552593558995	0.790591497788019	45.0
2384.123415610407	30.394205508211627	0.896704366404542	45.0
2385.9066044029355	30.746999401047326	0.9880191438224056	45.0
2387.6897931954636	31.190846570533267	1.067258892430757	45.0
2389.472981987992	28.965367865338248	0.6640533219061912	45.0
2391.2561707805203	29.16953465261498	0.7907408213734991	45.0
2393.039359573049	29.431445440734045	0.8970201574122182	45.0
2394.822548365577	29.76995776852518	0.9883822515269827	45.0
2396.6057371581055	30.20258957348184	1.0675003284521822	45.0
2398.3889259506336	29.892749779895645	0.6641394787807509	45.0
2400.172114743162	30.115525935540372	0.790591497787975	45.0
2401.9553035356903	30.39420550816254	0.8967043664044825	45.0
2403.738492328219	30.746999400998842	0.9880191438223224	45.0
2405.5216811207474	31.190846570485522	1.0672588924306412	45.0
2407.3048699132755	28.96536786529824	0.6640533219061598	45.0
2409.088058705804	29.16953465257536	0.7907408213734605	45.0
2410.871247498332	29.431445440694883	0.8970201574121657	45.0
2412.6544362908608	29.76995776848657	0.9883822515269093	45.0
2414.437625083389	30.202589573443895	1.0675003284520803	45.0
2416.2208138759174	29.892749779857116	0.6641394787807233	45.0
2418.0040026684455	30.11552593550216	0.790591497787941	45.0
2419.787191460974	30.394205508124713	0.8967043664044363	45.0
2421.570380253502	30.74699940096148	0.988019143822258	45.0
2423.3535690460308	31.190846570448723	1.0672588924305517	45.0
2425.136757838559	28.96536786526741	0.6640533219061355	45.0
2426.9199466310874	29.169534652544826	0.7907408213734307	45.0
2428.703135423616	29.431445440664703	0.8970201574121253	45.0
2430.486324216144	29.769957768456813	0.9883822515268528	45.0
2432.2695130086727	30.202589573414645	1.0675003284520017	45.0
2434.052701801201	29.892749779827408	0.6641394787807021	45.0
2435.8358905937293	30.115525935472704	0.790591497787915	45.0
2437.6190793862575	30.394205508095553	0.8967043664044011	45.0
2439.402268178786	30.74699940093269	0.9880191438222086	45.0
2441.185456971314	31.19084657042037	1.0672588924304829	45.0
2442.9686457638427	28.96536786524365	0.664053321906117	45.0
2444.751834556371	29.169534652521296	0.7907408213734078	45.0
2446.5350233488994	29.43144544064145	0.8970201574120942	45.0
2448.3182121414275	29.76995776843389	0.9883822515268093	45.0
2450.101400933956	30.20258957339211	1.0675003284519413	45.0
2451.8845897264846	29.89274977980453	0.6641394787806857	45.0
2453.6677785190127	30.11552593545001	0.790591497787895	45.0
2455.4509673115413	30.394205508073085	0.8967043664043737	45.0
2457.2341561040694	30.746999400910493	0.9880191438221704	45.0
2459.017344896598	31.19084657039851	1.06725889243043	45.0
2460.800533689126	28.965367865225332	0.6640533219061024	45.0
2462.5837224816546	29.169534652503156	0.7907408213733901	45.0
2464.3669112741827	29.431445440623516	0.8970201574120701	45.0
2466.1501000667113	29.76995776841621	0.9883822515267757	45.0
2467.9332888592394	30.202589573374727	1.0675003284518947	45.0
2469.716477651768	29.89274977978688	0.6641394787806731	45.0
2471.499666444296	30.115525935432505	0.7905914977878794	45.0
2473.2828552368246	30.394205508055755	0.8967043664043527	45.0
2475.066044029353	30.74699940089338	0.9880191438221411	45.0
2476.8492328218813	31.19084657038165	1.067258892430389	45.0
2478.63242161441	28.965367865211206	0.6640533219060915	45.0
2480.415610406938	29.169534652489173	0.7907408213733764	45.0
2482.1987991994665	29.431445440609696	0.8970201574120517	45.0
2483.9819879919946	29.769957768402588	0.9883822515267499	45.0
2485.765176784523	30.20258957336134	1.0675003284518587	45.0
2487.5483655770513	29.89274977977328	0.6641394787806635	45.0
2489.33155436958	30.115525935419022	0.7905914977878675	45.0
2491.114743162108	30.394205508042404	0.8967043664043366	45.0
2492.8979319546365	30.746999400880195	0.9880191438221184	45.0
2494.6811207471646	31.190846570368667	1.0672588924303577	45.0
