#Vzamem novo v na vsakem 5. koraku in s na vsakem 10.: 
1.7831887925283523	-22.26615919865922	7.494809642449963
3.5663775850567045	-16.955677351393884	-13.748735912730542
5.349566377585057	-13.648613750205575	-40.326573278254294
7.132755170113409	-12.651771434879713	-63.74119580648937
8.915943962641762	-24.26882538649179	-23.44425278720523
10.699132755170114	-26.571600139458017	-30.94551142971841
12.482321547698465	-28.918078173428352	-38.283468687400216
14.265510340226818	-31.275690568228505	-45.69703545933294
16.04869913275517	-33.416554659440756	-55.38410697099658
17.831887925283525	-20.375334248572198	-23.94321778376483
19.615076717811874	-21.987346852073784	-32.23013527161447
21.398265510340227	-22.073573333072442	-41.5183847460746
23.18145430286858	-21.646096742397116	-51.31303884783183
24.96464309539693	-19.280731194365497	-63.504328267215115
26.747831887925283	-17.17551588920639	-69.86181488165872
28.531020680453636	-8.734568167067303	-87.08199059706438
30.31420947298199	2.4971382145133694	-110.0105533453354
32.09739826551034	15.04225206194693	-138.09553228401128
33.88058705803869	26.582938278098062	-168.0522348543988
35.66377585056705	35.398159732883755	-172.38806345586033
37.4469646430954	42.70256811087228	-197.1802212630362
39.23015343562375	47.97556212854349	-219.68606543940854
41.013342228152105	52.504326655508876	-241.47308834312233
42.796531020680455	57.07145085770788	-263.0202051133548
44.579719813208804	60.924169354317534	-280.97520193047774
46.36290860573716	66.61905165412011	-301.46638474389846
48.14609739826551	73.85935276353901	-321.4426059738644
49.92928619079386	82.37861048550845	-341.15073298470514
51.71247498332222	91.64462396451945	-361.67260469839175
53.495663775850566	97.76407913358176	-371.01624647980344
55.27885256837892	107.58102907828408	-391.77822230306197
57.06204136090727	116.79319313101112	-412.19983660289256
58.84523015343562	125.2548870572867	-432.5978931285334
60.62841894596398	133.48855917168405	-453.64619615780845
62.41160773849233	141.18683683016855	-475.0143879009695
64.19479653102069	150.3948832419	-496.9190154014865
65.97798532354904	159.70764368314045	-518.8491061331597
67.76117411607738	168.6000319822239	-540.7049284667214
69.54436290860573	176.84051535105488	-562.1249620251043
71.3275517011341	183.83084617708133	-576.9586262330986
73.11074049366245	191.6068355927463	-594.990132421185
74.8939292861908	199.37081178968387	-609.5067956058019
76.67711807871915	208.85240627482074	-616.5556547495687
78.4603068712475	221.35220220698315	-615.2402901319434
80.24349566377585	235.0392551152394	-610.2807562494859
82.02668445630421	252.147253616323	-602.3254576269336
83.80987324883256	271.5919254290656	-594.754003227556
85.59306204136091	292.2839412107621	-588.1699845980733
87.37625083388926	312.302652624067	-581.8985938724882
89.15943962641761	330.8385248223924	-569.2720574972024
90.94262841894597	347.6953296818493	-563.727296548834
92.72581721147432	362.5723099721481	-558.4278301182366
94.50900600400267	375.84067448410656	-553.5219234703
96.29219479653102	387.3092568153881	-549.328783277159
98.07538358905937	397.77343374094414	-545.4027481570154
99.85857238158772	405.12860272724146	-542.4660550428038
101.64176117411608	411.76682473888184	-539.5170648726325
103.42494996664443	418.7855308274915	-536.7955695153801
105.20813875917278	427.2639936249534	-534.4752156385024
106.99132755170113	433.3968801209817	-529.9575558506507
108.77451634422948	445.90121567990786	-526.7367436862197
110.55770513675785	460.44938030962294	-522.9023107745277
112.3408939292862	476.2540012127453	-518.6600287705654
114.12408272181455	493.20108734791125	-514.0657391474269
115.9072715143429	509.20817430592876	-508.51706565615905
117.69046030687124	526.7140173375252	-502.7438513482591
119.47364909939961	544.1205122080572	-496.39693216208457
121.25683789192796	561.0844219984791	-490.05410859614017
123.04002668445631	577.9740202613898	-483.8014603315791
124.82321547698466	593.2149947538935	-473.16527698681244
126.606404269513	611.728055437816	-469.4438821076462
128.38959306204137	631.2673972507936	-468.71174818706834
130.1727818545697	648.4069821884086	-469.82840464909134
131.95597064709807	659.3267539156025	-471.36006949232547
133.73915943962643	669.1430972220896	-472.39969401529373
135.52234823215477	673.0316981456259	-473.6691811511632
137.30553702468313	676.8400343679241	-474.90820437804234
139.08872581721147	680.8652136003042	-476.0891783135949
140.87191460973983	689.0731148194777	-477.37701991835866
142.6551034022682	696.0848672405722	-473.94846035197673
144.43829219479653	711.7613540084942	-474.8851303549228
146.2214809873249	729.0224253021158	-475.9141829132576
148.00466977985323	746.4800570678109	-477.48759113854584
149.7878585723816	763.046593197333	-479.5867505247136
151.57104736490993	780.0241691828396	-480.3102813135249
153.3542361574383	794.0926957323167	-482.8840559535458
155.13742494996666	805.8988901091735	-485.2279446673395
156.920613742495	811.876127487664	-486.44978896706806
158.70380253502336	812.9182105765182	-486.75583846093673
160.4869913275517	813.3521300762791	-483.29685923003603
162.27018012008006	813.8833176163035	-483.519041746765
164.05336891260842	814.44518121785	-483.88870201325545
165.83655770513676	814.9673862334871	-484.3626375935894
167.61974649766512	815.2656390989645	-484.94521884755693
169.40293529019345	815.9390605856202	-484.3961804951155
171.18612408272182	816.3035088784953	-484.7690275040593
172.96931287525018	816.7682791186542	-485.07056931081354
174.75250166777852	817.356669974335	-485.29096674658405
176.53569046030688	817.9889972271003	-485.3695569570667
178.31887925283522	818.32837760035	-482.34115077686494
180.10206804536358	818.9129995601287	-482.4055867071083
181.88525683789194	819.7067888362911	-482.4541037348181
183.66844563042028	820.846364699624	-482.3903964514385
185.45163442294864	822.2001492065276	-482.2799265311395
187.23482321547698	822.1262586104423	-482.53510183564686
189.01801200800534	823.0830698063324	-482.4736957789644
190.8012008005337	824.0552546651143	-482.5118477436898
192.58438959306204	824.842134878102	-482.57057704212895
194.3675783855904	825.5304357661099	-482.61495366502544
196.15076717811874	823.2633663473582	-480.95502004234527
197.9339559706471	823.8312395268028	-481.24659421300646
199.71714476317544	825.3224551992326	-481.84550160545564
201.5003335557038	830.0207633000015	-483.03467457149037
203.28352234823217	837.4697226525227	-484.97694323783213
205.0667111407605	845.1908264285655	-486.6454452316887
206.84989993328887	853.3527828584536	-489.85424074762017
208.6330887258172	860.749694602214	-494.70702551237383
210.41627751834557	866.3232217244555	-502.52757718803264
212.19946631087393	870.2899031359857	-514.7070446182717
213.98265510340227	875.3220010955903	-525.4858572871801
215.76584389593063	880.5034984011797	-545.3754109972436
217.54903268845896	886.9329768249071	-569.120061657038
219.33222148098733	894.0643038079793	-595.5737543435396
221.1154102735157	901.2897018252046	-623.931539997622
222.89859906604403	908.0837166218803	-653.0170817973362
224.6817878585724	915.619988874603	-682.5985261924995
226.46497665110073	923.4096873859852	-712.0712388174898
228.2481654436291	931.3904276860831	-741.1466876712077
230.03135423615745	939.2856572773661	-770.0331153183535
231.8145430286858	949.3738677788814	-795.5754795585655
233.59773182121415	957.1708379085554	-824.1394414417357
235.3809206137425	965.2243403090256	-852.3034112107482
237.16410940627085	973.148358816468	-879.4886628817848
238.94729819879922	980.4480493721401	-904.9231884061808
240.73048699132755	986.8281563215282	-929.3408370286722
242.51367578385592	992.4215902587671	-951.173515321044
244.29686457638425	997.4745353036813	-970.6712141701356
246.08005336891262	1001.7059862277705	-988.0733911010005
247.86324216144098	1005.1812222622531	-1003.8698994212256
249.64643095396931	1010.8418345654004	-1017.1444859157389
251.42961974649768	1013.7970781706347	-1030.7326438933471
253.212808539026	1016.6425251773792	-1042.8534101686046
254.99599733155438	1018.3439497863858	-1050.5071413815035
256.77918612408274	1018.838818856105	-1054.3599669976522
258.5623749166111	1018.8899873191671	-1058.072047878628
260.3455637091394	1019.4451058173829	-1063.2325953600975
262.1287525016678	1020.6358828588341	-1071.9042132579953
263.91194129419614	1022.6528399058586	-1083.8596407236673
265.6951300867245	1025.327775592255	-1098.3124290380222
267.47831887925287	1026.503828608625	-1112.4100587176133
269.2615076717812	1029.9608320483228	-1130.9838792532273
271.04469646430954	1033.5990407984232	-1150.8177738016122
272.8278852568379	1037.0826170534908	-1172.3711990362376
274.61107404936627	1040.1432009694176	-1194.9388936787298
276.3942628418946	1043.361703248154	-1220.0123907848981
278.17745163442294	1046.4784299216285	-1243.1469361031045
279.96064042695133	1049.4158775243957	-1266.3105824589416
281.74382921947966	1051.837107159291	-1289.582421106652
283.527018012008	1053.4585569988606	-1312.9302339014755
285.3102068045364	1053.5021815373836	-1333.775792879631
287.0933955970647	1054.9128653898754	-1357.1603038975088
288.87658438959306	1055.8370023239818	-1380.5309628526607
290.6597731821214	1055.8047730013182	-1403.7837822184397
292.4429619746498	1055.4398232169822	-1427.1993284661191
294.2261507671781	1055.786652198259	-1450.420782338646
296.00933955970646	1055.67700204026	-1474.4312342061748
297.79252835223485	1055.488490806778	-1498.5551537453684
299.5757171447632	1055.4675449444974	-1523.0348412637145
301.3589059372915	1054.9194067481753	-1547.4426976770178
303.14209472981986	1053.5198104231833	-1569.9452782771405
304.92528352234825	1052.0388969010196	-1589.820705889459
306.7084723148766	1050.6896960566603	-1606.1829181351793
308.4916611074049	1049.8178403787938	-1618.4265804139786
310.2748498999333	1049.3978617169387	-1623.9961168538227
312.05803869246165	1049.4074261460278	-1624.251737055656
313.84122748499	1049.443971934116	-1625.4958362734162
315.6244162775184	1049.5963929025916	-1626.7957089300096
317.4076050700467	1049.7618945912309	-1628.137970022231
319.19079386257505	1049.979736050787	-1629.5024965132204
320.9739826551034	1049.5420067935352	-1629.181923088912
322.7571714476318	1050.0073459325406	-1630.160345881105
324.5403602401601	1050.629778801202	-1630.8709939403043
326.32354903268845	1051.3518338294423	-1631.4187466938897
328.10673782521684	1052.1312821389217	-1631.9140621046306
329.8899266177452	1051.2754349770344	-1632.9626284603576
331.6731154102735	1051.7760719619546	-1633.4716283604596
333.4563042028019	1052.075710165656	-1633.8741213158164
335.23949299533024	1052.0854788396782	-1634.161936355318
337.0226817878586	1051.9567259512457	-1634.4461516003266
338.8058705803869	1049.5351688050328	-1632.6435103461156
340.5890593729153	1049.0800828556007	-1641.6011308852878
342.37224816544364	1048.9607818695627	-1654.2606381754579
344.155436957972	1049.355451204588	-1669.972814892858
345.93862575050036	1050.1540371117262	-1688.6284884547474
347.7218145430287	1051.1941501655215	-1712.1142120059176
349.50500333555703	1054.0806916471208	-1734.3797326288143
351.28819212808537	1056.5406299529936	-1756.9285709336268
353.07138092061376	1057.0710073793534	-1780.1216360180636
354.8545697131421	1057.5652440243707	-1804.32829509587
356.63775850567043	1058.2807477491176	-1829.1298897606528
358.4209472981988	1057.733834989059	-1854.0723972070527
360.20413609072716	1056.8889500532796	-1878.9229003732391
361.9873248832555	1056.2156727313263	-1903.9183023731712
363.7705136757839	1055.9906285941647	-1929.3088333341038
365.5537024683122	1055.4053673494193	-1954.769972459287
367.33689126084056	1054.649572920873	-1979.4510417365589
369.1200800533689	1053.7491245237388	-2003.380173880614
370.9032688458973	1051.8048894795647	-2026.7295285330208
372.6864576384256	1047.2363688316557	-2048.8440926520834
374.46964643095396	1043.308482938851	-2072.240236358228
376.25283522348235	1029.8370132778277	-2086.4718176348338
378.0360240160107	1011.1479717977662	-2093.326123770387
379.819212808539	989.0591189117453	-2091.5234158726867
381.6024016010674	967.2528486000899	-2080.508250140688
383.38559039359575	942.5349279918534	-2067.150774524295
385.1687791861241	930.3183635630767	-2043.726602730196
386.9519679786524	924.7002615089397	-2016.748551880648
388.7351567711808	922.8779183322401	-1989.9260163854035
390.51834556370915	922.5499026696262	-1964.973093783138
392.3015343562375	925.2717020807141	-1936.3799294022613
394.0847231487659	930.1294741992551	-1912.7656076028888
395.8679119412942	940.7105518193259	-1891.4412425508897
397.65110073382255	957.6666446676949	-1874.8894091969626
399.4342895263509	980.2078518727176	-1865.9066197736552
401.2174783188793	1006.7933520180328	-1856.8371047230075
403.0006671114076	1034.8155841362804	-1858.8438867779498
404.78385590393594	1064.4109257280288	-1862.6863585704161
406.56704469646434	1096.272736846132	-1867.4798207459307
408.35023348899267	1130.910448866726	-1873.241696543256
410.133422281521	1165.6758725435966	-1879.705159954609
411.9166110740494	1205.0121082001767	-1887.9284377199565
413.69979986657773	1246.3785595845313	-1897.265975346385
415.48298865910607	1289.443394492194	-1907.6799855708944
417.2661774516344	1334.0288581870523	-1919.2795124787935
419.0493662441628	1380.544876196871	-1932.8410964732425
420.83255503669113	1428.5730407152137	-1946.7206996208752
422.61574382921947	1478.0020792734347	-1961.5502819560124
424.39893262174786	1528.6475505622425	-1977.227662603829
426.1821214142762	1580.532832840841	-1993.6740532999208
427.96531020680453	1636.7971696035406	-2014.3185714590504
429.7484989993329	1691.2623476148074	-2032.9299663955994
431.53168779186126	1747.3545926924867	-2052.399120856553
433.3148765843896	1805.2030737773082	-2072.782724679563
435.09806537691793	1864.4925423024945	-2094.448715415739
436.8812541694463	1925.1439280949135	-2117.484167418638
438.66444296197466	1985.0940655086522	-2142.046369519985
440.447631754503	2044.4674937601599	-2167.411967896246
442.2308205470314	2103.757026922496	-2193.9826996057723
444.0140093395597	2163.2543661533273	-2221.774149904014
445.79719813208806	2221.4936866097423	-2252.0342882100313
447.58038692461645	2280.188476437683	-2281.2700867285344
449.3635757171448	2338.555819766527	-2311.2758195506726
451.1467645096731	2396.9010990397755	-2342.1802542212527
452.92995330220145	2455.328860627858	-2374.1456568615395
454.71314209472985	2514.483109473214	-2408.7962257738914
456.4963308872582	2572.53815326271	-2441.651487130444
458.2795196797865	2630.6197383454555	-2474.182421831143
460.0627084723149	2688.931972525017	-2506.3262140398397
461.84589726484325	2747.923490028351	-2538.286821897321
463.6290860573716	2804.277191758953	-2570.110446473699
465.4122748498999	2863.9943335374496	-2601.1084657930437
467.1954636424283	2923.748386242609	-2631.2052141394893
468.97865243495664	2984.0453078898236	-2660.662684517393
470.761841227485	3044.910208546818	-2689.4535358768535
472.54503002001337	3106.020551556683	-2718.0875724609114
474.3282188125417	3167.013857045466	-2744.9572015589156
476.11140760507004	3227.6068045735806	-2770.609912140304
477.89459639759843	3288.3878105277854	-2795.3377743887263
479.67778519012677	3349.7331977033296	-2818.954359347982
481.4609739826551	3411.4775648652962	-2840.9271600051948
483.24416277518344	3473.1501122484697	-2863.214373922167
485.02735156771183	3535.0364566325593	-2884.711437950103
486.81054036024017	3596.8436254305952	-2905.0767380343773
488.5937291527685	3658.47547850802	-2924.3809189326516
490.3769179452969	3719.914855668704	-2943.7672676447405
492.16010673782523	3782.458226921668	-2961.6756123939003
493.94329553035357	3844.929304553149	-2978.874118897624
495.72648432288196	3907.163391148508	-2995.213033469391
497.5096731154103	3969.7027045635186	-3010.7630393019735
499.29286190793863	4031.0107108473785	-3025.6961331807547
501.07605070046696	4092.6037424911556	-3039.2783252056247
502.85923949299536	4152.384005640306	-3051.7459407756787
504.6424282855237	4210.822611720845	-3063.026743109443
506.425617078052	4269.0685539244005	-3073.5420655215653
508.2088058705804	4328.384059662075	-3081.7197628570475
509.99199466310876	4387.000783660314	-3090.5714117407642
511.7751834556371	4445.2591215217635	-3098.5357050608195
513.5583722481655	4503.5630475040325	-3106.0709506710796
515.3415610406938	4561.95690689998	-3113.2328996214737
517.1247498332222	4617.129856647844	-3124.1993625112177
518.9079386257505	4674.744240193003	-3131.3030188980697
520.6911274182788	4731.454836360518	-3138.8876266176953
522.4743162108072	4787.107665961811	-3147.127572745603
524.2575050033356	4841.868662371443	-3155.8808948347487
526.040693795864	4894.068530035205	-3164.1509379297095
527.8238825883923	4947.4439914348095	-3173.4565770817053
529.6070713809206	4999.932719946348	-3183.4739931831577
531.390260173449	5051.936357235747	-3194.1490170430843
533.1734489659773	5103.200975289645	-3205.423809376998
534.9566377585057	5147.852244737508	-3214.8714795518285
536.7398265510341	5198.052522533318	-3226.7459037542685
538.5230153435624	5247.8308653332315	-3238.835549236981
540.3062041360907	5296.64577319714	-3250.773404327423
542.0893929286191	5344.462459167829	-3261.911948205905
543.8725817211474	5391.649598496147	-3274.1658733309014
545.6557705136757	5438.847782259579	-3282.845555358527
547.4389593062042	5485.872226683343	-3290.2338042833585
549.2221480987325	5532.200648917958	-3296.260016780885
551.0053368912609	5577.378961612406	-3300.187182127897
552.7885256837892	5619.69563612042	-3302.9328353324822
554.5717144763175	5660.928420964026	-3298.981136530902
556.3549032688459	5698.047464825175	-3289.2649522197144
558.1380920613742	5731.852794722818	-3274.263718384779
559.9212808539027	5762.018330657416	-3254.587112267373
561.704469646431	5790.552695180869	-3232.9735780278215
563.4876584389593	5812.883696858128	-3204.57158807854
565.2708472314877	5830.622428970376	-3172.857424242547
567.054036024016	5843.341373626321	-3138.9198293104228
568.8372248165443	5851.050842151126	-3103.075828131984
570.6204136090728	5855.790501721435	-3063.513882264049
572.4036024016011	5857.754844719588	-3025.5459807055586
574.1867911941295	5859.628671871116	-2988.06828184165
575.9699799866578	5862.362136404725	-2950.82705826511
577.7531687791861	5866.424422526029	-2914.035970823437
579.5363575717145	5866.9758743182665	-2877.0276044535685
581.3195463642428	5873.488210667161	-2841.0502205256353
583.1027351567712	5882.117204396704	-2805.6838511159654
584.8859239492996	5893.314864447441	-2770.9873342138785
586.6691127418279	5906.746534855988	-2737.656480530674
588.4523015343563	5917.63912001977	-2709.4590277119287
590.2354903268846	5933.393837118768	-2678.879978772572
592.0186791194129	5951.631162638722	-2647.8822106796656
593.8018679119413	5971.639245032077	-2616.5349681237794
595.5850567044697	5991.800465671196	-2586.216109015802
597.368245496998	6010.8120455260505	-2557.0116282631907
599.1514342895264	6030.911323662268	-2527.9354684233945
600.9346230820547	6050.586419549833	-2498.076991217235
602.717811874583	6069.785181823175	-2466.9498609935936
604.5010006671114	6088.835705958797	-2435.509280549935
606.2841894596397	6104.594204174821	-2408.5886791683556
608.0673782521682	6123.307482473413	-2377.3437851922113
609.8505670446965	6141.868008322317	-2346.16829032325
611.6337558372248	6160.208641942921	-2315.195592787487
613.4169446297532	6178.413502597456	-2284.3542522300986
615.2001334222815	6197.707624496147	-2254.1105360076194
616.9833222148098	6216.287693043361	-2223.4439581096267
618.7665110073383	6228.410790847596	-2186.6672377922823
620.5496997998666	6242.398025725639	-2138.543977291391
622.332888592395	6260.640589497133	-2092.3592186659803
624.1160773849233	6275.3283725966	-2050.3922297108875
625.8992661774516	6288.572793636658	-2008.9814922188189
627.68245496998	6300.978939021105	-1965.7284879566234
629.4656437625083	6312.227143092096	-1922.122223124694
631.2488325550368	6322.452489939503	-1878.5607799929828
633.0320213475651	6331.924740586534	-1835.0134350260034
634.8152101400934	6341.300374558638	-1790.7755014850086
636.5983989326218	6350.630799323803	-1745.8255059929133
638.3815877251501	6360.0583570304125	-1700.4953572538616
640.1647765176784	6369.747396810731	-1654.8960577022283
641.9479653102068	6375.868173440355	-1608.1400961724146
643.7311541027352	6385.257670382504	-1562.8913912569997
645.5143428952636	6394.600024126662	-1518.545828211589
647.2975316877919	6403.864432078898	-1474.817967529436
649.0807204803202	6413.0891765667275	-1430.830108908863
650.8639092728486	6421.679248960116	-1388.0457611656975
652.6470980653769	6430.505894370845	-1344.5113695618854
654.4302868579052	6439.579702369524	-1301.8206366430009
656.2134756504337	6448.1180998966465	-1262.848413155334
657.996664442962	6456.432825596558	-1224.7824837479266
659.7798532354904	6461.262339007709	-1185.434560356455
661.5630420280187	6472.3325078479875	-1134.9586070120756
663.346230820547	6483.946569965113	-1080.5989533247503
665.1294196130754	6495.939273640789	-1023.9508395641814
666.9126084056038	6508.791557067998	-966.5987514497567
668.6957971981321	6522.063357518953	-907.1245085721768
670.4789859906605	6539.035258629249	-850.462823191454
672.2621747831888	6558.05481768146	-795.4975755548425
674.0453635757171	6579.244314157108	-741.8694584011968
675.8285523682455	6602.27360837696	-689.9433043425774
677.6117411607738	6625.287156683761	-632.2085965545002
679.3949299533023	6649.10519276738	-581.0694738708714
681.1781187458306	6672.607917045173	-529.285217230689
682.9613075383589	6694.493014183413	-476.7187798728196
684.7444963308873	6713.490867185682	-423.4850208652662
686.5276851234156	6731.423286569453	-368.7252929766883
688.310873915944	6743.776572050371	-311.7659173576395
690.0940627084723	6752.400429131897	-252.46953406891132
691.8772515010007	6756.788480446514	-191.98687635557772
693.6604402935291	6756.957294665477	-131.28345566236712
695.4436290860574	6758.609192887757	-66.28199347130094
697.2268178785857	6751.602011060475	-5.196229735792995
699.0100066711141	6740.556557540656	56.069710700714424
700.7931954636424	6725.676147507685	116.90026642911077
702.5763842561707	6707.4481950172385	177.93011582220325
704.3595730486992	6686.578792681249	241.65832947348937
706.1427618412275	6664.760772238458	303.34025075549425
707.9259506337559	6642.521502545713	364.47535628230037
709.7091394262842	6620.409006015408	424.8974164795913
711.4923282188125	6598.521637754567	484.71975151094443
713.2755170113409	6573.240498182902	545.8625575813358
715.0587058038693	6550.788341408114	606.4171858478646
716.8418945963977	6528.461126380771	666.8383949857423
718.625083388926	6506.47989070001	726.9868587730973
720.4082721814543	6484.751048509099	787.046235141859
722.1914609739827	6460.99202072566	848.5110154437131
723.974649766511	6439.050451987052	908.9943696249908
725.7578385590393	6417.233435969603	969.3408072612774
727.5410273515678	6395.682401218005	1029.6836170155216
729.3242161440961	6374.958756834627	1090.008349807571
731.1074049366244	6350.491074135643	1156.4243539967415
732.8905937291528	6331.143487992142	1213.7061015043328
734.6737825216811	6312.651484166761	1268.5757276393088
736.4569713142095	6295.500504285859	1321.2609233041223
738.2401601067378	6279.364378444842	1373.9792681948527
740.0233488992662	6262.170343005636	1426.7002331064982
741.8065376917946	6247.9811810247775	1480.909074451375
743.5897264843229	6235.772896848102	1535.0091611151574
745.3729152768512	6225.552849673186	1588.3077087129416
747.1561040693796	6217.4260353801565	1640.2175279423718
748.9392928619079	6211.293268626716	1689.1495599505593
750.7224816544363	6206.668950762416	1741.084345298479
752.5056704469647	6203.484723229521	1793.4849452693234
754.288859239493	6201.478074846887	1845.6130631024514
756.0720480320214	6200.663206120962	1897.778179537702
757.8552368245497	6200.228217769619	1950.696509927667
759.638425617078	6201.479028549449	2004.0520867084406
761.4216144096064	6203.628161498316	2056.834793858065
763.2048032021348	6206.441898443611	2109.093144162333
764.9879919946632	6209.420275614766	2160.8024927480337
766.7711807871915	6210.6381521186595	2212.536866637011
768.5543695797198	6213.53798256783	2263.2185111984463
770.3375583722482	6216.2069462857535	2313.3725426977276
772.1207471647765	6218.806103796188	2362.029101443213
773.9039359573048	6221.390566377305	2409.31005874464
775.6871247498333	6224.369487042688	2455.6916251782955
777.4703135423616	6226.719047544419	2502.3512402013907
779.25350233489	6229.073073878493	2549.255572267332
781.0366911274183	6231.488764710837	2596.2280366476207
782.8198799199466	6233.96433452218	2643.2078489475484
784.603068712475	6234.080392605852	2692.205578544752
786.3862575050033	6236.478039921952	2739.011971134733
788.1694462975317	6239.084796665442	2786.604580127382
789.9526350900601	6242.00919467949	2835.473774727523
791.7358238825884	6245.192243997926	2884.070345967463
793.5190126751168	6248.573535644843	2932.5619537240236
795.3022014676451	6252.036383861457	2977.3464827048524
797.0853902601734	6255.417460653438	3020.9176583035255
798.8685790527018	6258.588656877811	3063.842439194708
800.6517678452302	6261.69867605483	3106.0160074010782
802.4349566377585	6265.044711004497	3148.851878974561
804.2181454302869	6268.596777104242	3190.5726683432426
806.0013342228152	6272.311728028696	3232.6471210779496
807.7845230153436	6275.879240184511	3274.82881746049
809.5677118078719	6279.194897806443	3317.0357452576404
811.3509006004003	6283.040265661974	3359.2352458636733
813.1340893929287	6286.354449896932	3402.7412284607904
814.917278185457	6290.4553122141015	3447.285676551246
816.7004669779853	6295.260115601684	3492.9093850909903
818.4836557705137	6300.655683616633	3540.0600142858493
820.266844563042	6305.125648023411	3586.181929826774
822.0500333555703	6311.269998542459	3635.7675074041863
823.8332221480988	6317.7289914663215	3686.303998390494
825.6164109406271	6324.385829336633	3737.406255018932
827.3995997331555	6331.180096968539	3789.3784929024728
829.1827885256838	6338.143824752379	3843.3715870189208
830.9659773182121	6345.2121747128585	3897.9926830887343
832.7491661107405	6352.596245867861	3953.6568774993166
834.5323549032688	6360.3870704815945	4010.0467700176328
836.3155436957973	6368.513029443596	4066.8513338542534
838.0987324883256	6375.820470976079	4123.216477232045
839.8819212808539	6383.546567477154	4178.986198706082
841.6651100733823	6391.038734644625	4233.747173799319
843.4482988659106	6398.362043045351	4287.630508771593
845.2314876584389	6405.285398559968	4340.715247066587
847.0146764509674	6412.231790053398	4394.477055442331
848.7978652434957	6418.9961616211685	4446.481449375111
850.581054036024	6425.861590102129	4499.103626853248
852.3642428285524	6432.863352711241	4552.171327093774
854.1474316210807	6440.403997708081	4604.557776706933
855.9306204136091	6448.366108286702	4658.242181140438
857.7138092061374	6456.192824128224	4707.669629805622
859.4969979986658	6463.022259720822	4755.556302756832
861.2801867911942	6468.75771908172	4802.038636006441
863.0633755837225	6473.935140341234	4847.246575206997
864.8465643762509	6479.574137728468	4891.875536164043
866.6297531687792	6484.217349198889	4934.835285088415
868.4129419613075	6488.608622941317	4976.509774934159
870.1961307538359	6492.844715851934	5017.297907673145
871.9793195463643	6496.837519363294	5057.344561607596
873.7625083388926	6503.026311622531	5097.315351469682
875.545697131421	6507.113739744791	5135.258566822999
877.3288859239493	6511.402399392031	5171.834605398701
879.1120747164777	6516.687996334559	5207.445963729858
880.895263509006	6523.138712762623	5241.9433940738145
882.6784523015343	6531.738759282109	5274.604496531939
884.4616410940628	6538.936900049819	5304.793096042604
886.2448298865911	6545.670470469559	5332.501201655116
888.0280186791194	6552.129959484073	5358.0978291524525
889.8112074716478	6558.132552418426	5381.629785767207
891.5943962641761	6564.014774739232	5404.798467980115
893.3775850567044	6568.353934920286	5424.473144159956
895.1607738492329	6572.085950680362	5440.852350923987
896.9439626417612	6577.419098274307	5453.1609946169965
898.7271514342896	6586.377179441318	5460.234883004946
900.5103402268179	6596.931148026755	5464.187626642641
902.2935290193462	6613.123649711045	5465.491914767068
904.0767178118746	6633.448940537256	5465.906565216412
905.8599066044029	6656.738497538423	5465.972731711539
907.6430953969314	6682.651194855401	5465.6759454605935
909.4262841894597	6711.436005608527	5466.819020021362
911.209472981988	6740.807575707468	5465.397209060231
912.9926617745164	6771.891046303218	5463.766147706379
914.7758505670447	6804.797133920766	5461.830624667255
916.559039359573	6839.358821565396	5459.476159107396
918.3422281521014	6874.460238278696	5454.998567245321
920.1254169446298	6910.7097455063595	5452.387398271264
921.9086057371582	6946.648895643517	5449.878147040499
923.6917945296865	6981.872064624512	5447.50516876921
925.4749833222148	7016.618226672725	5445.363372513589
927.2581721147432	7052.059920230692	5443.608538227922
929.0413609072715	7085.456835991625	5441.112304660437
930.8245496997998	7117.694584270903	5438.622510265202
932.6077384923283	7149.220952786277	5436.086851977461
934.3909272848566	7180.0476713548105	5433.520189692544
936.174116077385	7212.59876600598	5430.540120417068
937.9573048699133	7243.940113496966	5427.697252603637
939.7404936624416	7275.410430738669	5425.26901651839
941.52368245497	7307.380041915183	5422.903612712088
943.3068712474984	7341.072865268206	5420.485918858803
945.0900600400267	7377.481111575251	5417.980437530039
946.8732488325551	7415.261393413516	5415.28186060783
948.6564376250834	7454.988317924448	5412.281355286491
950.4396264176117	7495.412377559985	5409.2352573663375
952.2228152101401	7535.305479733268	5406.262878264778
954.0060040026684	7575.611503769255	5402.726010753724
955.7891927951969	7615.1993518080335	5399.572261565147
957.5723815877252	7655.033304771177	5396.191608411847
959.3555703802535	7695.665591436337	5392.756897618611
961.1387591727819	7736.87826024518	5389.3743372515155
962.9219479653102	7781.498091656966	5387.022634218091
964.7051367578385	7823.895515489749	5383.622760820455
966.4883255503669	7865.657449586674	5380.149825362424
968.2715143428953	7905.754014468179	5376.832857900714
970.0547031354237	7943.668583232932	5373.805133082929
971.837891927952	7981.542648658693	5369.765620392214
973.6210807204803	8017.2642936371	5367.097500535384
975.4042695130087	8052.24482239188	5364.980019181998
977.187458305537	8087.844371135197	5363.232609531426
978.9706470980653	8125.305862757818	5361.327049526121
980.7538358905938	8162.112057979576	5361.207754734223
982.5370246831221	8200.9335040262	5358.779905041946
984.3202134756505	8239.158941818698	5356.391811974255
986.1034022681788	8276.654137766383	5353.9411021991455
987.8865910607071	8313.814466188898	5351.381852843488
989.6697798532355	8351.21856105115	5347.576231787593
991.4529686457639	8387.980748943108	5344.882053094792
993.2361574382923	8424.435891572375	5342.232240035056
995.0193462308206	8460.65532785774	5339.514209035504
996.8025350233489	8496.370543760595	5336.78378391098
998.5857238158773	8534.454924360965	5333.077976226427
1000.3689126084056	8569.047173557106	5330.549802566644
1002.1521014009339	8604.121485785767	5328.14769229099
1003.9352901934624	8640.821111094278	5325.728252499958
1005.7184789859907	8679.619916290665	5323.181142699121
1007.501667778519	8718.748151231994	5319.927334937129
1009.2848565710474	8760.977101106944	5316.8023191124485
1011.0680453635757	8804.32399258075	5313.541134102591
1012.851234156104	8847.971458914462	5310.192999277891
1014.6344229486324	8891.315388338036	5306.773365117604
1016.4176117411608	8939.534652270795	5303.161863375049
1018.2008005336892	8983.188192568072	5299.742350433102
1019.9839893262175	9026.829539573824	5296.669079234587
1021.7671781187458	9070.32250601457	5294.039995859282
1023.5503669112742	9113.417102348487	5292.33770604816
1025.3335557038026	9155.527383508788	5289.448056300666
1027.116744496331	9198.686657261185	5289.399939423332
1028.8999332888593	9242.197739411515	5289.979325775677
1030.6831220813876	9285.778185838026	5290.997601728446
1032.466310873916	9329.222150057454	5292.340665018882
1034.2494996664443	9367.615539373814	5294.717304235301
1036.0326884589726	9410.755849218776	5296.165327755603
1037.815877251501	9453.801288846105	5297.630571697841
1039.5990660440293	9496.540436203391	5299.103623303952
1041.3822548365576	9538.37082734071	5300.815653672776
1043.165443629086	9581.27624135875	5300.7523905485305
1044.9486324216143	9621.619142690643	5302.268371149993
1046.7318212141429	9660.699802684714	5303.723826319749
1048.5150100066712	9697.830383104605	5305.4779738501575
1050.2981987991996	9733.419597623213	5307.4300152093765
1052.081387591728	9765.557055046378	5309.046332479225
1053.8645763842562	9798.407068333167	5310.614741935737
1055.6477651767846	9830.205664809482	5312.1785290758135
1057.430953969313	9861.057360091048	5313.75991111431
1059.2141427618412	9891.083218173766	5315.147001706585
1060.9973315543696	9918.02391803789	5316.01297555958
1062.780520346898	9949.150184581355	5316.848059941291
1064.5637091394262	9982.222072517283	5317.840196939181
1066.3468979319546	10017.230570286702	5318.988887695694
1068.130086724483	10054.425869315979	5320.115487453957
1069.9132755170115	10092.954096596117	5320.072874456072
1071.6964643095398	10133.623977463212	5321.159167859929
1073.4796531020681	10174.318903361058	5322.203504006989
1075.2628418945965	10214.242230285101	5323.099772702005
1077.0460306871248	10253.033543491496	5323.695550156313
1078.8292194796531	10293.752255013253	5323.912480950959
1080.6124082721815	10330.650731174375	5324.439132704269
1082.3955970647098	10366.239993169467	5324.968042056594
1084.1787858572382	10400.906480830272	5325.415125403531
1085.9619746497665	10434.503314090329	5325.910487664037
1087.7451634422948	10467.823433267238	5323.45652979137
1089.5283522348232	10498.718794400307	5323.784534157471
1091.3115410273515	10528.37790331211	5323.866530041394
1093.0947298198798	10556.349095237058	5323.833382937103
1094.8779186124084	10581.382095192208	5323.4301338576915
1096.6611074049367	10605.24514233199	5323.91320847987
1098.444296197465	10623.03678487483	5320.637037572051
1100.2274849899934	10638.341176289643	5316.493450255844
1102.0106737825217	10652.189414776018	5315.420300639783
1103.79386257505	10664.854342583387	5318.840012371494
1105.5770513675784	10674.14346367191	5323.228190194894
1107.3602401601067	10690.531593006488	5326.164930712504
1109.143428952635	10710.664697934986	5327.806475823603
1110.9266177451634	10734.600132835494	5328.923885785411
1112.7098065376917	10760.63889861072	5329.908172402276
1114.49299533022	10788.583815795531	5329.935236546655
1116.2761841227484	10818.03406311786	5330.65589864336
1118.059372915277	10849.314697965963	5331.567745794663
1119.8425617078053	10882.481115113997	5332.691807402411
1121.6257505003337	10917.366485514693	5333.921696643997
1123.408939292862	10951.473289237012	5332.848466894935
1125.1921280853903	10988.4630624575	5333.819952631924
1126.9753168779187	11024.473291651266	5334.7240846613
1128.758505670447	11059.011807575516	5335.556213292007
1130.5416944629753	11092.34742527241	5336.347770348704
1132.3248832555037	11124.3963256764	5336.783871980922
1134.108072048032	11158.4321577317	5337.504865536719
1135.8912608405603	11193.485715963643	5338.285315302377
1137.6744496330887	11228.35886736954	5339.081744300237
1139.457638425617	11262.463718546474	5339.632313399551
1141.2408272181456	11294.769708591002	5340.568118699949
1143.024016010674	11328.776788925272	5340.741012526415
1144.8072048032022	11363.940982148159	5340.815844110806
1146.5903935957306	11400.813672151924	5341.014970064856
1148.373582388259	11439.877522293764	5341.2974829918485
1150.1567711807872	11478.541593393846	5341.555578115748
1151.9399599733156	11520.736586561072	5341.90782876198
1153.723148765844	11563.576455982651	5342.432952122709
1155.5063375583723	11606.794624828235	5343.1712020053965
1157.2895263509006	11650.075394116946	5344.221129405123
1159.072715143429	11690.710040399583	5346.02292887426
1160.8559039359573	11733.17878410694	5347.611973814966
1162.6390927284856	11775.554009331689	5349.470233619841
1164.422281521014	11817.906682453351	5351.839889244634
1166.2054703135425	11860.43472994074	5354.968100642408
1167.9886591060708	11903.821362459164	5358.1701535280645
1169.7718478985992	11946.362889946937	5362.761536706979
1171.5550366911275	11988.38412710154	5367.923900914929
1173.3382254836558	12030.309416564865	5373.490366910072
1175.1214142761842	12072.29966183416	5379.473085775415
1176.9046030687125	12113.821839380864	5385.865651528134
1178.6877918612408	12155.34567327384	5392.973796143569
1180.4709806537692	12196.791654210907	5400.757557576569
1182.2541694462975	12237.723856357457	5409.010324954848
1184.0373582388258	12277.189665393244	5417.379181988457
1185.8205470313542	12313.147939396544	5426.553779080054
1187.6037358238825	12347.617415186554	5435.120479346318
1189.386924616411	12380.834443168693	5443.745307038616
1191.1701134089394	12413.100429579541	5452.454306373777
1192.9533022014677	12444.085514243709	5461.484257490328
1194.736490993996	12473.605647125358	5468.903898879402
1196.5196797865244	12501.774233861479	5478.147192051086
1198.3028685790528	12528.494764122677	5487.235038589881
1200.086057371581	12552.835092487832	5495.387089415101
1201.8692461641094	12573.756376291636	5500.5158819520175
1203.6524349566378	12590.93984287223	5504.759050759914
1205.435623749166	12606.815855772837	5505.572025907965
1207.2188125416944	12619.392625066685	5509.719657095923
1209.0020013342228	12629.385300854332	5518.0916135291745
1210.785190126751	12640.02174299047	5527.269774132918
1212.5683789192794	12648.101872622181	5531.910373361465
1214.351567711808	12665.159755079294	5541.112824396425
1216.1347565043363	12685.159092260328	5551.20327918627
1217.9179452968647	12706.929683218554	5562.053844815449
1219.701134089393	12730.121734481143	5573.605903632803
1221.4843228819213	12753.981044171402	5584.199368003214
1223.2675116744497	12779.846432576243	5596.979901315278
1225.050700466978	12806.788936872274	5610.884991882202
1226.8338892595063	12834.740642234556	5625.625407615797
1228.6170780520347	12863.4941938188	5640.99464024571
1230.400266844563	12895.995884079066	5656.037142593211
1232.1834556370914	12925.309626651593	5672.314788963525
1233.9666444296197	12953.550861822745	5688.052110392005
1235.749833222148	12980.55486737295	5703.1816540168975
1237.5330220146766	13006.64122633634	5718.05947541553
1239.316210807205	13033.089158753206	5733.103429001768
1241.0993995997333	13058.657253035204	5747.834986978865
1242.8825883922616	13084.134037339752	5762.643639614927
1244.66577718479	13109.698052666081	5777.098371296775
1246.4489659773183	13135.290094962125	5791.048551494761
1248.2321547698466	13160.141008163648	5801.060548180325
1250.015343562375	13185.755562859034	5814.649984388799
1251.7985323549033	13211.306444992626	5828.242114348691
1253.5817211474316	13236.351898897765	5841.126485206635
1255.36490993996	13260.475418754962	5853.293809896032
1257.1480987324883	13285.211425991261	5864.163072736507
1258.9312875250166	13305.85286134778	5874.970125551446
1260.714476317545	13323.091588208214	5884.05760348874
1262.4976651100735	13336.196902543623	5890.573023974219
1264.2808539026018	13345.183472929677	5894.160589137207
1266.0640426951302	13348.5016623398	5895.149861504558
1267.8472314876585	13355.629577286152	5895.925565789487
1269.6304202801869	13363.490902542415	5896.571880920074
1271.4136090727152	13372.038857480913	5898.062187963799
1273.1967978652435	13379.828948228058	5902.004089050177
1274.9799866577719	13385.568478914338	5906.236549796196
1276.7631754503002	13396.084802737776	5912.837756410395
1278.5463642428285	13409.579124552918	5918.237418557549
1280.3295530353569	13426.65201264052	5923.710629571722
1282.1127418278852	13446.28931686341	5929.734416203284
1283.8959306204135	13468.879784217925	5933.855758829641
1285.679119412942	13490.168330865756	5940.739715923512
1287.4623082054704	13510.755309910866	5947.64624364201
1289.2454969979988	13530.919033231843	5954.45107127051
1291.028685790527	13550.628544306446	5961.296809617843
1292.8118745830554	13572.368807624714	5967.601056086065
1294.5950633755838	13591.869739286349	5974.663682505066
1296.378252168112	13612.906332547389	5981.221989757294
1298.1614409606404	13637.188263779552	5987.113523473738
1299.9446297531688	13664.168746681373	5992.768604558855
1301.7278185456971	13690.391670022205	5998.088252641122
1303.5110073382255	13720.802948371474	6004.1971056999455
1305.2941961307538	13753.013172591774	6010.478627277683
1307.0773849232821	13786.766272537114	6016.627331542652
1308.8605737158105	13822.202643002365	6022.545310827675
1310.643762508339	13857.909285712232	6027.998939294113
1312.4269513008674	13897.210205313315	6033.20572730998
1314.2101400933957	13937.958372338968	6037.6001709133325
1315.993328885924	13979.293767142588	6040.862925189278
1317.7765176784524	14020.679909261464	6042.887743784329
1319.5597064709807	14063.325514707365	6044.367445191825
1321.342895263509	14105.249843824486	6043.841155370485
1323.1260840560374	14147.34653368686	6041.292088954427
1324.9092728485657	14189.862173850835	6036.524093676731
1326.692461641094	14232.998451820022	6029.6918354932495
1328.4756504336224	14277.03918516918	6021.901564437674
1330.2588392261507	14320.308012023579	6012.356016340454
1332.042028018679	14363.401006778806	6001.361038873851
1333.8252168112076	14406.355136080892	5988.450149531355
1335.608405603736	14448.703356283982	5973.322686698372
1337.3915943962643	14493.303131788714	5957.61859171019
1339.1747831887926	14534.161209492831	5937.186154610192
1340.957971981321	14574.037810930891	5913.086997400801
1342.7411607738493	14612.149132991504	5885.834350522918
1344.5243495663776	14648.03180088238	5856.163680020829
1346.307538358906	14683.55484571612	5824.013296268158
1348.0907271514343	14716.31512777365	5790.704111122055
1349.8739159439626	14748.868658685515	5756.961393523343
1351.657104736491	14781.687656292559	5722.999218024633
1353.4402935290193	14815.015950445424	5689.034076973059
1355.2234823215476	14844.590328643053	5650.963702217071
1357.006671114076	14878.848137341429	5619.509903047742
1358.7898599066045	14914.897309013397	5591.171350392892
1360.5730486991329	14952.915138638982	5566.260749443174
1362.3562374916612	14992.577220453384	5545.12768137446
1364.1394262841895	15034.085655907442	5525.596964297296
1365.9226150767179	15076.283659080866	5511.065933562501
1367.7058038692462	15118.915815229811	5498.456282607828
1369.4889926617745	15161.61388759193	5486.5622939196965
1371.2721814543029	15204.178388248934	5475.0171217228335
1373.0553702468312	15251.595877167721	5464.564712558732
1374.8385590393596	15294.51138795081	5452.890354187439
1376.621747831888	15337.372834463706	5439.709423831124
1378.4049366244162	15379.945223401053	5423.735012713393
1380.1881254169446	15421.694873255903	5404.837063682691
1381.9713142094731	15464.318887931116	5385.858755329865
1383.7545030020015	15506.100909721947	5367.369929955997
1385.5376917945298	15548.171969009298	5351.682749135877
1387.3208805870581	15590.746752342158	5338.860877519676
1389.1040693795865	15633.270631690559	5328.115808141736
1390.8872581721148	15678.057148411377	5316.653278406855
1392.6704469646431	15721.321549491977	5305.347602089536
1394.4536357571715	15764.608023849856	5292.355707069725
1396.2368245496998	15807.47988372759	5276.708105164432
1398.0200133422281	15849.764902238458	5258.17212229314
1399.8032021347565	15891.448076273842	5238.874584489372
1401.5863909272848	15933.299399705427	5218.919536704738
1403.3695797198131	15975.31657589592	5200.774027156706
1405.1527685123415	16017.58422525358	5185.870935120554
1406.93595730487	16060.106598121169	5174.880323547437
1408.7191460973984	16106.43034767809	5163.754339106433
1410.5023348899267	16149.379172001505	5159.4596893241915
1412.285523682455	16191.30263114415	5157.823633966768
1414.0687124749834	16231.820862196486	5157.2120128291335
1415.8519012675117	16270.78315318997	5156.445381281037
1417.63509006004	16310.258574786223	5156.64614110299
1419.4182788525684	16346.901744712472	5156.018630257523
1421.2014676450967	16380.67339767576	5155.113440330736
1422.984656437625	16409.720497158305	5154.206945539583
1424.7678452301534	16433.891993259313	5153.4631836694425
1426.5510340226817	16455.61706208437	5151.385552103565
1428.33422281521	16478.421742479684	5151.510490664886
1430.1174116077386	16503.91480472072	5152.529788946805
1431.900600400267	16531.53277978694	5154.0776957040725
1433.6837891927953	16561.111384543063	5155.708880384802
1435.4669779853236	16590.58543359676	5157.4262946675935
1437.250166777852	16624.103395400027	5159.509623821919
1439.0333555703803	16659.41136810453	5161.759616339072
1440.8165443629086	16695.48123107036	5164.013340259062
1442.599733155437	16732.1374694757	5165.442126884265
1444.3829219479653	16771.67182749759	5167.970689850619
1446.1661107404937	16810.13964127298	5165.761344325568
1447.949299533022	16850.598666910726	5161.273769927445
1449.7324883255503	16892.644146946022	5154.74924781735
1451.5156771180787	16935.81375041738	5146.428237733053
1453.298865910607	16979.488959455484	5135.7191048488385
1455.0820547031356	17022.424701597633	5126.747624372841
1456.865243495664	17064.439331727608	5119.994163059103
1458.6484322881922	17105.706435281078	5116.009526449166
1460.4316210807206	17147.052940996597	5114.786538445195
1462.214809873249	17188.456165868123	5113.383224737351
1463.9979986657772	17230.85962983679	5113.8491256885045
1465.7811874583056	17273.36343495166	5113.016922696305
1467.564376250834	17316.546627877582	5110.366643547719
1469.3475650433622	17360.329358343217	5105.732190260248
1471.1307538358906	17404.872129156924	5100.386441023014
1472.913942628419	17448.733296524842	5095.195444585207
1474.6971314209472	17492.393876720693	5091.810245288945
1476.4803202134756	17535.264337689132	5091.91873178388
1478.2635090060041	17577.163634699726	5096.050152061505
1480.0466977985325	17620.41098728575	5100.118668460925
1481.8298865910608	17659.406640147987	5108.695127678672
1483.6130753835891	17696.8653846103	5117.2684708043425
1485.3962641761175	17733.274040823595	5124.510010162158
1487.1794529686458	17768.825435614737	5129.925835116646
1488.9626417611742	17803.92781199416	5136.503953232021
1490.7458305537025	17837.74299542061	5139.50749740552
1492.5290193462308	17870.063456234344	5141.71245662819
1494.3122081387592	17900.420415774766	5143.413733643955
1496.0953969312875	17927.932178770676	5144.821745369408
1497.8785857238158	17955.76675431003	5147.951815897028
1499.6617745163442	17976.85663163419	5148.420324824983
1501.4449633088725	17995.4861521678	5146.2442108709765
1503.228152101401	18011.382462635625	5144.006325337382
1505.0113408939294	18024.367727278153	5145.45274656919
1506.7945296864577	18034.49067443529	5149.061620580425
1508.577718478986	18049.413360936167	5154.105259689056
1510.3609072715144	18068.76547017315	5159.557232341627
1512.1440960640427	18091.444316248115	5165.541939007511
1513.927284856571	18116.157592297815	5172.095633331939
1515.7104736490994	18142.15299681968	5177.869815175439
1517.4936624416277	18168.699777117596	5185.90816459598
1519.276851234156	18196.41435997275	5195.28904474235
1521.0600400266844	18225.219346269765	5206.521322609956
1522.8432288192128	18255.01037426823	5219.415949104638
1524.626417611741	18284.65322828572	5234.503414795457
1526.4096064042697	18314.945752993517	5250.817694867022
1528.192795196798	18345.444862982597	5268.844078324323
1529.9759839893263	18376.514902827144	5288.158301721953
1531.7591727818547	18408.56450584041	5308.159558232161
1533.542361574383	18443.23815579133	5330.348876094804
1535.3255503669113	18477.95108922673	5349.347262107082
1537.1087391594397	18514.27826585874	5366.602183062479
1538.891927951968	18551.717098502497	5382.455029433695
1540.6751167444963	18589.478344977426	5397.733663351151
1542.4583055370247	18628.05885061867	5413.01398056295
1544.241494329553	18663.55854534714	5431.436813175032
1546.0246831220813	18696.414707549786	5452.776948563455
1547.8078719146097	18726.847116425288	5476.991234079833
1549.591060707138	18755.343367910587	5503.586923654066
1551.3742494996666	18781.78867861028	5530.900435817116
1553.157438292195	18808.86935867384	5559.546437449068
1554.9406270847232	18836.08778272643	5588.216475170343
1556.7238158772516	18863.636754708717	5616.074408113388
1558.50700466978	18892.29230028481	5642.546630939371
1560.2901934623083	18920.360544637788	5669.689518243061
1562.0733822548366	18951.01147347863	5694.226720769896
1563.856571047365	18982.055635643992	5718.059954010247
1565.6397598398933	19013.028629815708	5741.815245550495
1567.4229486324216	19044.200655154305	5765.197496929013
1569.20613742495	19079.86823588339	5788.441519881938
1570.9893262174783	19114.398003415332	5807.419258721219
1572.7725150100066	19150.059326056005	5824.633138410443
1574.5557038025352	19185.669671474625	5841.523218181729
1576.3388925950635	19220.417417523076	5859.32594612792
1578.1220813875918	19257.52168376187	5877.077378151746
1579.9052701801202	19291.262326619475	5896.289661736972
1581.6884589726485	19326.546921246292	5913.017705269605
1583.4716477651768	19364.379233741878	5924.998415321491
1585.2548365577052	19404.185250168357	5932.052148432806
1587.0380253502335	19447.53218835219	5937.688631338125
1588.8212141427618	19489.07175091323	5942.939451482154
1590.6044029352902	19529.75666817495	5951.04612068037
1592.3875917278185	19568.48774820394	5961.737044559076
1594.1707805203469	19606.935717931006	5973.413707237825
1595.9539693128752	19647.41222093373	5985.910163944479
1597.7371581054035	19688.79048005586	5993.081678204961
1599.520346897932	19730.294759417728	5995.071870059206
1601.3035356904604	19771.620774831208	5991.654388395657
1603.0867244829888	19812.060512789853	5982.977149123695
1604.869913275517	19854.374293816807	5973.9211203199
1606.6531020680454	19894.236035641155	5955.025182620621
1608.4362908605738	19932.631729906014	5930.438745530748
1610.219479653102	19968.606670486497	5901.8686708992245
1612.0026684456304	20002.128691347425	5871.426524049918
1613.7858572381588	20034.916905358372	5836.159347851871
1615.569046030687	20065.982754406883	5808.869413632601
1617.3522348232154	20098.728709126855	5784.746017507444
1619.1354236157438	20133.74907847562	5764.384732164194
1620.918612408272	20169.758358431754	5748.3254235267395
1622.7018012008007	20204.697543878767	5729.929234806786
1624.484989993329	20240.43460238971	5721.264271296394
1626.2681787858573	20276.6610102215	5717.023246906009
1628.0513675783857	20313.70148941281	5717.347523116116
1629.834556370914	20351.13288440199	5722.354115640976
1631.6177451634424	20388.4519360752	5729.196160140532
1633.4009339559707	20426.03069984165	5743.473994810756
1635.184122748499	20462.34265399618	5761.379423118906
1636.9673115410274	20496.161444141173	5781.921612232615
1638.7505003335557	20527.019040361025	5804.664383306126
1640.533689126084	20557.28319391859	5833.937927786367
1642.3168779186124	20583.981736764814	5861.074579638322
1644.1000667111407	20608.515022568554	5890.290740576492
1645.8832555036693	20630.57835609008	5921.387097251237
1647.6664442961976	20650.054391548692	5954.157941223628
1649.449633088726	20667.633954339093	5990.339729632278
1651.2328218812543	20681.711308040296	6026.278878403804
1653.0160106737826	20693.855452071643	6063.638802570432
1654.799199466311	20704.553822422164	6102.001311634147
1656.5823882588393	20713.237420470912	6140.962480037471
1658.3655770513676	20720.97084520312	6183.491190694201
1660.148765843896	20726.102884532364	6221.042647800466
1661.9319546364243	20729.385687804162	6257.7768004706395
1663.7151434289526	20730.712053853007	6293.558519606561
1665.498332221481	20729.834665795177	6327.575435433856
1667.2815210140093	20727.94261743535	6360.719534002829
1669.0647098065376	20727.67235599194	6392.105696662354
1670.8478985990662	20731.940776902768	6421.623855281363
1672.6310873915945	20739.964622274492	6450.4900087068345
1674.4142761841229	20750.025986487566	6480.733626334546
1676.1974649766512	20759.239338228694	6509.439258115219
1677.9806537691795	20767.991156684046	6542.795482866281
1679.7638425617079	20776.1073306041	6577.97529154298
1681.5470313542362	20784.275979302118	6614.633216834704
1683.3302201467645	20793.12464685463	6652.169624227143
1685.1134089392929	20799.56741369158	6691.7529669212445
1686.8965977318212	20811.99360585954	6728.624715149898
1688.6797865243495	20826.43264025201	6765.203078552404
1690.4629753168779	20843.451501770713	6801.128628137806
1692.2461641094062	20863.18274513363	6835.871671477091
1694.0293529019348	20884.313802872213	6873.8538696522
1695.812541694463	20910.918887262997	6905.113003034766
1697.5957304869914	20940.507191372304	6933.623038121152
1699.3789192795198	20970.494735466116	6960.551185067519
1701.162108072048	20999.53939861717	6986.6746303013115
1702.9452968645764	21029.406240148088	7012.763814873587
1704.7284856571048	21057.496531738263	7037.743149039843
1706.5116744496331	21084.78768765511	7061.966119542781
1708.2948632421615	21111.651822004394	7085.657936520827
1710.0780520346898	21139.1112542144	7108.442253241802
1711.8612408272181	21168.35687785682	7132.7014764985415
1713.6444296197465	21200.047045027903	7151.5498259244
1715.4276184122748	21234.90978491775	7167.575971288312
1717.2108072048031	21272.136524973626	7180.994154598701
1718.9939959973317	21310.076182196128	7192.735367776104
1720.77718478986	21350.93386178353	7202.859816194328
1722.5603735823884	21386.564070523174	7212.946460969224
1724.3435623749167	21420.600442627252	7222.742043082838
1726.126751167445	21453.46289093866	7231.906900225746
1727.9099399599734	21484.912890489504	7239.930981371716
1729.6931287525017	21515.12672360991	7245.090528136369
1731.47631754503	21543.705528055	7250.0183313402795
1733.2595063375584	21571.26240448524	7253.042832437968
1735.0426951300867	21598.19406954743	7254.226355459098
1736.825883922615	21624.954374569526	7253.390643368358
1738.6090727151434	21651.423570561466	7250.8223797363125
1740.3922615076717	21679.371095780996	7245.047806998547
1742.1754503002003	21708.084206209907	7237.21915392289
1743.9586390927286	21737.744878188743	7227.595643754951
1745.741827885257	21767.87069885025	7216.227797029631
1747.5250166777853	21799.559289240806	7201.970818632872
1749.3082054703136	21829.916642594246	7187.3646400683465
1751.091394262842	21860.27373710076	7171.5461977510995
1752.8745830553703	21890.557853217495	7155.2903622930135
1754.6577718478986	21920.81091760281	7139.125401898309
1756.440960640427	21949.998108465	7120.721805329002
1758.2241494329553	21980.7477597542	7103.906541978343
1760.0073382254836	22013.010076472827	7086.701928732131
1761.790527018012	22047.094932616175	7068.930718909444
1763.5737158105403	22082.828608719312	7050.975018330733
1765.3569046030686	22115.22369301178	7034.756427931787
1767.1400933955972	22153.825806226174	7016.778723917936
1768.9232821881255	22192.508642863264	6998.132969066381
1770.7064709806539	22230.978626469474	6978.291358099922
1772.4896597731822	22269.42857327252	6956.752297397061
1774.2728485657105	22309.43532754985	6935.44031417954
1776.0560373582389	22347.957282704807	6911.171887826778
1777.8392261507672	22386.490241131873	6886.061971887478
1779.6224149432956	22424.925496458152	6860.419078976148
1781.405603735824	22462.725224756607	6834.366951383719
1783.1887925283522	22502.78076129399	6806.680261209265
1784.9719813208806	22539.624226406184	6780.203474734303
1786.755170113409	22575.214759560033	6753.4253032630595
1788.5383589059372	22608.9633543361	6725.715954222583
1790.3215476984658	22641.58319295562	6696.559597059359
1792.1047364909941	22673.626062764935	6665.9632760744
1793.8879252835225	22704.691757152126	6634.086476016105
1795.6711140760508	22734.381241745952	6600.972320531358
1797.4543028685791	22762.489023870243	6566.698121219004
1799.2374916611075	22789.08882669962	6531.002005303037
1801.0206804536358	22813.615404547658	6493.658729771144
1802.8038692461641	22837.116719180518	6455.625965819207
1804.5870580386925	22860.251100375106	6416.888178510116
1806.3702468312208	22883.21714947273	6377.839485401654
1808.1534356237491	22905.9696846159	6338.755872773453
1809.9366244162775	22927.102301075494	6298.654994286896
1811.7198132088058	22949.434432380767	6259.584699550251
1813.5030020013342	22971.68748628038	6220.332167169741
1815.2861907938627	22993.909362739123	6181.049252186056
1817.069379586391	23015.93525266483	6142.014067679233
1818.8525683789194	23039.361284201277	6102.651994234574
1820.6357571714477	23061.45188601448	6063.716440094317
1822.418945963976	23083.645542390004	6025.121350384686
1824.2021347565044	23105.557248764795	5987.637956459831
1825.9853235490327	23128.01720437701	5951.7785763456
1827.768512341561	23149.993898695117	5916.07378482785
1829.5517011340894	23175.26183193616	5884.923892340323
1831.3348899266177	23202.204216653587	5857.449503954455
1833.118078719146	23229.336689761767	5832.914072339992
1834.9012675116744	23255.63510974362	5810.2733692863
1836.6844563042027	23281.861520771094	5787.05406701255
1838.4676450967313	23306.45129783506	5766.049906340647
1840.2508338892596	23330.95982315965	5744.519818485062
1842.034022681788	23356.856286034697	5721.897138994293
1843.8172114743163	23384.403902163973	5698.25195435409
1845.6004002668446	23410.166547026332	5674.782658072056
1847.383589059373	23437.879329177857	5652.356571700304
1849.1667778519013	23465.453642742377	5631.8211434819295
1850.9499666444297	23492.803706565574	5613.024998631225
1852.733155436958	23519.92451581741	5595.698562679812
1854.5163442294863	23547.711963428064	5578.879251204586
1856.2995330220147	23574.791981718918	5563.254701450921
1858.082721814543	23601.482035415436	5548.081178316282
1859.8659106070713	23627.86632424705	5532.923671072479
1861.6490993995997	23653.37739336643	5515.732222708551
1863.4322881921282	23678.58646760508	5500.0605590924215
1865.2154769846566	23699.721752001307	5475.019346932885
1866.998665777185	23719.858311983142	5447.816440938956
1868.7818545697132	23740.01550618605	5421.926415519353
1870.5650433622416	23761.103459390422	5401.357802116993
1872.34823215477	23783.729927862318	5380.266595569047
1874.1314209472982	23805.17323072236	5368.036408733745
1875.9146097398266	23828.444807281863	5355.4103086354535
1877.697798532355	23852.067243399535	5344.6275287186645
1879.4809873248832	23875.192710290135	5338.592598291142
1881.2641761174116	23896.442388538013	5335.932171123609
1883.04736490994	23914.952773534995	5339.619638402794
1884.8305537024683	23932.12732277144	5344.9059062422875
1886.6137424949968	23950.57928751469	5349.65820384555
1888.3969312875251	23971.23735057757	5352.883666262437
1890.1801200800535	23989.762438207475	5361.802565247816
1891.9633088725818	24011.932337673014	5364.153036575234
1893.7464976651102	24034.228387334657	5365.229805821275
1895.5296864576385	24055.78861932983	5364.60248855547
1897.3128752501668	24076.43392943723	5361.541426049342
1899.0960640426952	24096.459726379046	5360.273882255689
1900.8792528352235	24116.01575409985	5352.0423216218105
1902.6624416277518	24134.975867868463	5342.369579125229
1904.4456304202802	24153.885516920112	5335.427350567862
1906.2288192128085	24173.34381241213	5332.327458586661
1908.0120080053368	24191.098277212004	5331.334638324555
1909.7951967978652	24213.328921439188	5326.448876871489
1911.5783855903937	24235.733458250055	5318.817858652604
1913.361574382922	24258.265855253318	5312.61873286855
1915.1447631754504	24279.13050401412	5313.349888330493
1916.9279519679787	24300.72175933381	5317.002489917388
1918.711140760507	24320.222178213062	5325.161147105529
1920.4943295530354	24343.297392941025	5331.836524127028
1922.2775183455637	24369.44987936242	5334.952558752974
1924.060707138092	24398.407404971033	5334.296607729378
1925.8438959306204	24424.248989927335	5336.4693923164805
1927.6270847231488	24456.457919244305	5332.948868635913
1929.410273515677	24488.334973058092	5330.849457770049
1931.1934623082054	24519.584749260463	5331.451579790871
1932.9766511007338	24551.11314942974	5334.297464173331
1934.7598398932623	24582.517175220484	5337.299344481325
1936.5430286857907	24615.2174483644	5342.650990832014
1938.326217478319	24647.357497805842	5349.4262611047225
1940.1094062708473	24678.065794611168	5358.418203764891
1941.8925950633757	24706.754961303115	5370.307539017537
1943.675783855904	24732.303923699255	5384.523266048402
1945.4589726484323	24757.60045830737	5399.3490341143315
1947.2421614409607	24781.5484315507	5414.22028928274
1949.025350233489	24804.561266250683	5428.70679595295
1950.8085390260173	24827.09514359097	5442.780440404759
1952.5917278185457	24848.197480011095	5456.93061094956
1954.374916611074	24869.991187879838	5469.6436393101585
1956.1581054036023	24891.874140347365	5480.939754893479
1957.9412941961307	24914.279707168287	5490.908617627325
1959.7244829886592	24936.53147830141	5499.933941994594
1961.5076717811876	24956.82659930028	5509.732619542402
1963.290860573716	24977.489682475894	5517.310629825665
1965.0740493662443	24998.129261243015	5524.831794058241
1966.8572381587726	25018.422155237397	5532.421371399059
1968.640426951301	25038.13249090819	5539.765842502831
1970.4236157438293	25056.227201736616	5547.3102568136055
1972.2068045363576	25074.90753178156	5554.680510063363
1973.989993328886	25093.17889876139	5561.5110548748335
1975.7731821214143	25111.787557196574	5566.241796163774
1977.5563709139426	25132.782365757037	5567.328854775154
1979.339559706471	25154.75072542093	5570.155951258634
1981.1227484989993	25180.68899665043	5566.376273494672
1982.9059372915278	25207.732206076744	5561.461765184681
1984.6891260840562	25236.201339966352	5555.577620153694
1986.4723148765845	25265.88342361837	5549.137216858401
1988.2555036691128	25295.22669167155	5540.565598098601
1990.0386924616412	25327.41790892084	5532.858629359967
1991.8218812541695	25360.40342008824	5524.690583155103
1993.6050700466978	25393.031510778907	5517.070260798363
1995.3882588392262	25425.0767022415	5511.062033487456
1997.1714476317545	25455.42345872915	5502.639620225881
1998.9546364242829	25486.78102415717	5498.0828891292085
2000.7378252168112	25518.961869700604	5490.077098991789
2002.5210140093395	25550.722137905534	5476.1349684552015
2004.3042028018679	25580.748496802375	5455.818658779585
2006.0873915943962	25610.8548062547	5434.424570742643
2007.8705803869248	25634.36367527796	5404.638164448013
2009.653769179453	25655.251417531006	5373.127664002823
2011.4369579719814	25675.780901037335	5343.293968707888
2013.2201467645098	25698.510036242984	5317.716620462929
2015.003335557038	25720.364194174144	5290.01510848773
2016.7865243495664	25748.32514731259	5269.096282222577
2018.5697131420948	25778.17308743901	5248.60756897397
2020.352901934623	25808.798380377557	5228.723884254289
2022.1360907271514	25839.500319035826	5208.505658577281
2023.9192795196798	25870.15867557604	5188.905381876702
2025.702468312208	25898.667406406275	5163.747194101661
2027.4856571047364	25925.413411293757	5136.811839353317
2029.2688458972648	25950.593512821913	5110.428991624427
2031.0520346897933	25973.645187921556	5084.133246645875
2032.8352234823217	25995.610634628083	5056.154158781809
2034.61841227485	26010.52349241911	5028.397267299816
2036.4016010673784	26023.801347961587	5001.050925387461
2038.1847898599067	26039.104436434256	4976.183928416578
2039.967978652435	26056.603247881234	4952.811714983886
2041.7511674449634	26072.905193075167	4927.496268283936
2043.5343562374917	26079.581865874832	4902.60325654494
2045.31754503002	26081.139386349572	4878.227695273486
2047.1007338225484	26081.234338619837	4852.311724795456
2048.8839226150767	26078.523110609036	4825.415146800386
2050.6671114076053	26070.73225936663	4792.766896773679
2052.4503002001334	26063.20706952893	4766.2475891530685
2054.233488992662	26055.659863063287	4739.083669849843
2056.01667778519	26047.096657613252	4710.455285742288
2057.7998665777186	26037.167067900267	4680.505317857287
2059.5830553702467	26023.715994928873	4650.594191466088
2061.3662441627753	26009.04974412662	4622.182361392623
2063.1494329553034	25991.45562574734	4596.899787544039
2064.932621747832	25970.18971716017	4575.458868804085
2066.7158105403605	25945.018748091486	4558.053360111806
2068.4989993328886	25917.292042468274	4541.423410796489
2070.282188125417	25886.133189486685	4527.515202936569
2072.0653769179453	25853.688935439222	4514.070665378207
2073.848565710474	25820.51996745013	4500.392690690588
2075.631754503002	25787.815087472733	4485.987107004589
2077.4149432955305	25752.80752200839	4472.334165285633
2079.1981320880586	25725.26999067715	4453.852330343495
2080.981320880587	25700.949580914013	4433.639444225271
2082.7645096731153	25678.52739804543	4413.497398824514
2084.547698465644	25657.157817530864	4394.149006034634
2086.330887258172	25633.58852379185	4371.401789054373
2088.1140760507005	25614.3668091779	4353.72090655781
2089.8972648432286	25595.799044083848	4337.09250021881
2091.680453635757	25577.03853317293	4321.367291014262
2093.4636424282858	25557.76804635024	4305.55170928562
2095.246831220814	25538.4545227226	4288.181182821311
2097.0300200133424	25518.103574567434	4269.944587748976
2098.8132088058705	25496.60455227107	4250.682085245857
2100.596397598399	25473.56576656321	4231.0895258206365
2102.379586390927	25448.454744976025	4211.786114441115
2104.162775183456	25421.180523149018	4189.463793563209
2105.945963975984	25392.902313985385	4172.647541100691
2107.7291527685124	25364.08324578662	4157.115336294479
2109.5123415610406	25335.9757340515	4141.564826276302
2111.295530353569	25310.195267574407	4124.843908372748
2113.0787191460972	25284.110343322078	4108.191088410527
2114.861907938626	25265.523548110945	4087.0903356361587
2116.6450967311544	25251.58184215369	4062.9627804051906
2118.4282855236825	25241.891915857705	4034.858656114278
2120.211474316211	25237.126094229385	4001.9174107229132
2121.994663108739	25230.29077112056	3964.012617758
2123.7778519012677	25234.80934047733	3925.4471907742122
2125.561040693796	25239.856572967758	3885.152195609411
2127.3442294863244	25241.68826749799	3844.2924434895763
2129.1274182788525	25237.87875426346	3803.8775680131616
2130.910607071381	25235.29415425326	3761.924535633442
2132.693795863909	25227.880006368367	3721.26247258945
2134.4769846564377	25220.099314082898	3680.8272539921454
2136.260173448966	25211.83721413181	3640.6523312689483
2138.0433622414944	25203.398781976142	3600.6243757817347
2139.826551034023	25195.640948185533	3561.018978984255
2141.609739826551	25187.847499369054	3520.957872277405
2143.3929286190796	25180.122692194687	3481.0751676680256
2145.1761174116077	25172.27022026366	3441.370152517655
2146.9593062041363	25164.06857621997	3401.7192389654756
2148.7424949966644	25156.932205497735	3361.1509739181465
2150.525683789193	25148.77697307904	3321.0229246109334
2152.308872581721	25140.294178029224	3280.7423917036963
2154.0920613742496	25130.05655537695	3241.2583618450317
2155.8752501667777	25116.148124157182	3204.0279325348447
2157.6584389593063	25101.10382177937	3166.0477482509536
2159.4416277518344	25080.74577252869	3135.0119882902723
2161.224816544363	25058.00625186704	3105.6217942219587
2163.0080053368915	25035.930014186826	3076.7371272274386
2164.7911941294196	25017.727002679403	3047.7516534906554
2166.574382921948	24999.21555717003	3019.8773318518633
2168.3575717144763	24986.818554155245	2991.1456246702473
2170.140760507005	24975.238588582695	2962.566565552879
2171.923949299533	24963.292037386465	2934.247768194774
2173.7071380920615	24950.441802964106	2905.6586472139593
2175.4903268845896	24937.837371572394	2876.03488498616
2177.273515677118	24925.25186967841	2845.0737038409357
2179.0567044696463	24913.126572209716	2811.8331051020255
2180.839893262175	24900.21044544451	2777.250516316874
2182.623082054703	24885.699760873737	2742.0190628048176
2184.4062708472316	24872.12518534099	2707.44891604717
2186.1894596397597	24856.31325614453	2671.0223570410967
2187.972648432288	24840.50832165145	2634.63875886704
2189.755837224817	24824.966368111527	2598.359644442407
2191.539026017345	24810.58962368264	2561.7145995466726
2193.3222148098735	24796.64560031291	2526.49726282926
2195.1054036024016	24786.520153818543	2487.9114786096247
2196.88859239493	24779.10797959247	2448.303362566859
2198.6717811874582	24774.64875490231	2407.6618297197433
2200.454969979987	24773.17591916995	2366.146603502403
2202.238158772515	24772.391565354115	2323.9633983113226
2204.0213475650435	24775.89412714841	2283.0472573017037
2205.8045363575716	24781.96898597365	2243.500581256099
2207.5877251501	24790.20201987208	2205.277794213027
2209.3709139426282	24800.191990076382	2168.698720790108
2211.154102735157	24807.935567520366	2131.686577096658
2212.9372915276854	24821.315990171457	2096.8607799562037
2214.7204803202135	24836.806730080414	2063.405271419121
2216.503669112742	24853.527913374237	2032.0248361687602
2218.28685790527	24870.492296455104	2003.1173015493378
2220.0700466977987	24887.731519516776	1973.5035049033547
2221.853235490327	24904.731953516282	1947.7269804179487
2223.6364242828554	24921.759910609362	1923.3795972318057
2225.4196130753835	24938.926283174384	1900.33496264793
2227.202801867912	24956.015785625234	1878.7092358028892
2228.98599066044	24972.89591184268	1856.2910174594454
2230.7691794529687	24990.160437610222	1836.7398422460008
2232.552368245497	25007.95973406651	1817.746877257388
2234.3355570380254	25026.21853481313	1799.2207702347355
2236.118745830554	25044.231213194933	1781.4822180628512
2237.901934623082	25061.493154375003	1763.9127157133753
2239.6851234156106	25079.239111872626	1747.7054693456337
2241.4683122081387	25097.982037241167	1732.6186560824651
2243.2515010006673	25117.87984835616	1718.907421905985
2245.0346897931954	25138.600259489183	1706.6227272902806
2246.817878585724	25156.697926458906	1696.809424615659
2248.601067378252	25177.78458080351	1687.4475891005654
2250.3842561707806	25199.036347183865	1679.5677441115115
2252.1674449633088	25220.400326374343	1672.47859176493
2253.9506337558373	25241.580795556074	1665.8870987838832
2255.7338225483654	25261.801763653868	1660.2980038013536
2257.517011340894	25281.748892449228	1655.9031541747906
2259.3002001334225	25301.589241303394	1652.313765209536
2261.0833889259507	25320.775100903356	1649.280721244245
2262.866577718479	25338.628968097586	1646.7129251120784
2264.6497665110073	25353.63128907652	1645.895000657673
2266.432955303536	25368.72648091676	1643.3528358279862
2268.216144096064	25382.38681868906	1639.5332735058469
2269.9993328885926	25395.658262459187	1635.7104393746338
2271.7825216811207	25408.02614874267	1634.8884253253286
2273.5657104736492	25416.719672469688	1635.7143327760837
2275.3488992661773	25432.25081554564	1637.481740198766
2277.132088058706	25450.871491685404	1638.8506702669831
2278.915276851234	25471.827453654423	1640.3191976498708
2280.6984656437626	25493.76584644702	1642.810757241833
2282.481654436291	25514.826692593004	1643.7966096990854
2284.2648432288192	25535.140869441795	1648.1800176161198
2286.048032021348	25554.227728220256	1652.8933932793548
2287.831220813876	25572.936681222956	1657.7216623200045
2289.6144096064045	25592.01869526147	1662.6707596402753
2291.3975983989326	25611.696698270844	1668.8285615252369
2293.180787191461	25630.518727670133	1674.4024675978642
2294.9639759839893	25648.81601221056	1680.0364622147188
2296.747164776518	25666.86696035645	1685.9183210407673
2298.530353569046	25684.726177171782	1692.0607336316916
2300.3135423615745	25703.05991660876	1697.4111860614228
2302.0967311541026	25719.61751246557	1703.5329400141666
2303.879919946631	25735.208622096485	1709.683696498568
2305.6631087391593	25750.401750658046	1716.0822248008717
2307.446297531688	25765.723980003302	1722.95392392918
2309.2294863242164	25781.936714544183	1730.6367218675966
2311.0126751167445	25797.662078714566	1738.3407018308021
2312.795863909273	25813.06706251058	1745.727157447636
2314.579052701801	25828.4143707758	1753.088735696342
2316.3622414943297	25843.51189557882	1760.6945783549743
2318.145430286858	25859.508943307654	1768.964522175303
2319.9286190793864	25872.927701637804	1774.9124200291953
2321.7118078719145	25885.66004287023	1776.5099422114608
2323.494996664443	25898.09676382063	1771.47286352958
2325.278185456971	25910.726659404696	1759.9087219415355
2327.0613742494997	25923.185696423898	1747.664386564189
2328.844563042028	25936.40936198083	1730.8260914613338
2330.6277518345564	25949.450238668276	1713.9273518053687
2332.410940627085	25962.231730191615	1697.3988865816432
2334.194129419613	25974.991616944473	1681.177137792122
2335.9773182121417	25986.16792228347	1662.6569698163316
2337.7605070046698	25998.71820968485	1648.2572223743487
2339.5436957971983	26011.531760531816	1637.720692736656
2341.3268845897264	26025.00178677582	1633.444778249618
2343.110073382255	26038.7511072127	1636.2220321749649
2344.893262174783	26051.122348433048	1640.523185276363
2346.6764509673117	26066.594527732654	1651.6878935156885
2348.45963975984	26084.058531395913	1664.9214988859917
2350.2428285523683	26101.99662450338	1678.4961926107221
2352.0260173448964	26118.464312504602	1690.8632968356533
2353.809206137425	26133.959930346067	1702.9034914448844
2355.5923949299536	26150.674961284694	1716.0189114722727
2357.3755837224817	26167.84609557722	1728.0475933577275
2359.1587725150102	26176.49624009672	1733.698390876354
2360.9419613075383	26180.854833861526	1736.1252101864957
2362.725150100067	26179.793858580753	1737.6820127931035
2364.508338892595	26181.556593543966	1738.6894019183717
2366.2915276851236	26183.292368966962	1739.569667286094
2368.0747164776517	26185.059125744563	1740.246667172828
2369.8579052701803	26186.78722289682	1740.9060876370854
2371.6410940627084	26184.955539860508	1742.5038149307572
2373.424282855237	26186.4209780779	1743.586211643417
2375.207471647765	26189.671023434657	1745.7288572571713
2376.9906604402936	26194.35518629784	1748.7291295727944
2378.773849232822	26200.739755033163	1752.798303958047
2380.5570380253503	26207.15385027846	1759.750930186641
2382.340226817879	26217.625333063697	1766.7393868525055
2384.123415610407	26229.36902309605	1774.6581274609193
2385.9066044029355	26242.2283208174	1783.5115219566635
2387.6897931954636	26256.863428369084	1793.191480129617
2389.472981987992	26272.032313004223	1805.4124576546499
2391.2561707805203	26289.176821810386	1814.9328271647012
2393.039359573049	26305.841570175613	1824.037310683663
2394.822548365577	26321.995415915804	1833.349277466641
2396.6057371581055	26338.29669778405	1842.8689247325678
2398.3889259506336	26357.33777582718	1853.4280479276918
2400.172114743162	26374.67220934676	1863.4726711673893
2401.9553035356903	26391.74485428519	1874.0232267975039
2403.738492328219	26408.92141290412	1884.9235272847488
2405.5216811207474	26426.523466894585	1895.7714464187868
2407.3048699132755	26443.63582035635	1906.0887840899463
2409.088058705804	26461.01522198122	1916.4349997321528
2410.871247498332	26477.70394294461	1926.4730039524077
2412.6544362908608	26493.480186623583	1935.9656647248648
2414.437625083389	26507.68686720917	1943.7940221584759
2416.2208138759174	26522.588518211633	1952.2853796340526
2418.0040026684455	26535.23708221602	1950.7494487950923
2419.787191460974	26546.745023399097	1941.6494493385683
2421.570380253502	26557.07999842327	1926.5357965809053
2423.3535690460308	26567.455575325515	1908.6568792711219
2425.136757838559	26578.621554326633	1889.735963744836
2426.9199466310874	26589.910795951568	1872.2170015209513
2428.703135423616	26601.157596684334	1855.1742998701707
2430.486324216144	26611.667510833602	1838.6083748089093
2432.2695130086727	26621.214060965776	1822.557583701356
2434.052701801201	26630.08265168495	1806.6045387317984
2435.8358905937293	26637.155525145157	1792.189010711993
2437.6190793862575	26645.73966234506	1778.8627483261998
2439.402268178786	26658.47908612959	1765.7999415259558
2441.185456971314	26673.361103330615	1750.5651811120517
2442.9686457638427	26686.466349249607	1734.1553216039802
2444.751834556371	26700.840436684368	1713.6452907957703
2446.5350233488994	26716.386616022883	1692.1688586114697
2448.3182121414275	26734.038624374887	1671.472903919425
2450.101400933956	26754.689461261958	1653.7449359193236
2451.8845897264846	26774.478024770535	1633.7657463519988
2453.6677785190127	26798.71494872359	1625.4004174177498
2455.4509673115413	26823.08585919661	1623.080170880959
2457.2341561040694	26846.6773973268	1626.2173332537473
2459.017344896598	26868.208167928136	1633.331722595822
2460.800533689126	26889.809727877884	1643.4823243899275
2462.5837224816546	26909.930930547776	1651.8557278734288
2464.3669112741827	26931.046770354187	1658.142403125722
2466.1501000667113	26953.508444517138	1662.132839819578
2467.9332888592394	26976.731088012268	1664.7765779352335
2469.716477651768	27000.19402658081	1668.1848633366853
2471.499666444296	27022.27819935216	1672.0592491015882
2473.2828552368246	27042.462166725505	1678.4092236650024
2475.066044029353	27060.34744594042	1689.0911427854853
2476.8492328218813	27075.88368215474	1704.023487345583
2478.63242161441	27088.29389669798	1720.3195268270722
2480.415610406938	27101.874406132665	1736.997258379929
2482.1987991994665	27115.08953237249	1753.6853488825438
2483.9819879919946	27127.831084036043	1770.5685889023055
2485.765176784523	27139.848590382902	1787.6203301084893
2487.5483655770513	27152.276967339076	1805.645490888649
2489.33155436958	27160.832240401276	1822.2427050697927
2491.114743162108	27167.134569436603	1838.1788220143444
2492.8979319546365	27173.687113889773	1852.8704104583492
2494.6811207471646	27182.780873005584	1861.8535994152655
