0	0.0
1	-14.807499972449925
2	-10.04017629750955
3	-12.887657874618164
4	-3.3386518678407064
5	-10.158807903763329
6	-5.450160267898326
7	-8.352993124118258
8	-13.466131478473226
9	-2.5509766356254087
10	-2.8767038104683653
11	-17.23323032476429
12	-6.893734244171032
13	-10.901038429699664
14	-5.732167687832696
15	-16.573812085765066
16	0.0

0	0.0
1	-14.807499972449925
2	-14.897338113345858
3	-12.887657874618164
4	-3.3386518678407064
5	-10.158807903763329
6	-5.450160267898326
7	-8.352993124118258
8	-13.466131478473226
9	-2.5509766356254087
10	-2.8767038104683653
11	-17.23323032476429
12	-6.893734244171032
13	-10.901038429699664
14	-5.732167687832696
15	-16.573812085765066
16	0.0

0	0.0
1	-14.807499972449925
2	-14.897338113345858
3	-12.887657874618164
4	-16.92856577249202
5	-10.158807903763329
6	-5.450160267898326
7	-8.352993124118258
8	-13.466131478473226
9	-2.5509766356254087
10	-2.8767038104683653
11	-17.23323032476429
12	-6.893734244171032
13	-10.901038429699664
14	-5.732167687832696
15	-16.573812085765066
16	0.0

0	0.0
1	-14.807499972449925
2	-14.897338113345858
3	-12.887657874618164
4	-16.92856577249202
5	-10.158807903763329
6	-5.450160267898326
7	-8.352993124118258
8	-13.466131478473226
9	-9.03326113250136
10	-2.8767038104683653
11	-17.23323032476429
12	-6.893734244171032
13	-10.901038429699664
14	-5.732167687832696
15	-16.573812085765066
16	0.0

0	0.0
1	-14.807499972449925
2	-14.897338113345858
3	-12.887657874618164
4	-16.92856577249202
5	-11.093867373576161
6	-5.450160267898326
7	-8.352993124118258
8	-13.466131478473226
9	-9.03326113250136
10	-2.8767038104683653
11	-17.23323032476429
12	-6.893734244171032
13	-10.901038429699664
14	-5.732167687832696
15	-16.573812085765066
16	0.0

0	0.0
1	-14.807499972449925
2	-14.897338113345858
3	-12.887657874618164
4	-16.92856577249202
5	-11.093867373576161
6	-12.428671304650528
7	-8.352993124118258
8	-13.466131478473226
9	-9.03326113250136
10	-2.8767038104683653
11	-17.23323032476429
12	-6.893734244171032
13	-10.901038429699664
14	-5.732167687832696
15	-16.573812085765066
16	0.0

0	0.0
1	-14.807499972449925
2	-14.897338113345858
3	-12.887657874618164
4	-16.92856577249202
5	-11.093867373576161
6	-8.96003352324353
7	-8.352993124118258
8	-13.466131478473226
9	-9.03326113250136
10	-2.8767038104683653
11	-17.23323032476429
12	-6.893734244171032
13	-10.901038429699664
14	-5.732167687832696
15	-16.573812085765066
16	0.0

0	0.0
1	-14.807499972449925
2	-14.897338113345858
3	-12.887657874618164
4	-16.92856577249202
5	-11.093867373576161
6	-8.96003352324353
7	-8.352993124118258
8	-13.466131478473226
9	-9.03326113250136
10	-2.8767038104683653
11	-17.23323032476429
12	-6.893734244171032
13	-10.901038429699664
14	-5.732167687832696
15	-11.172472810525317
16	0.0

0	0.0
1	-14.807499972449925
2	-14.897338113345858
3	-12.887657874618164
4	-16.92856577249202
5	-11.093867373576161
6	-8.96003352324353
7	-8.352993124118258
8	-13.466131478473226
9	-9.03326113250136
10	-2.8767038104683653
11	-17.23323032476429
12	-6.893734244171032
13	-10.901038429699664
14	-16.14443213487337
15	-11.172472810525317
16	0.0

0	0.0
1	-14.303148637509324
2	-14.897338113345858
3	-12.887657874618164
4	-16.92856577249202
5	-11.093867373576161
6	-8.96003352324353
7	-8.352993124118258
8	-13.466131478473226
9	-9.03326113250136
10	-2.8767038104683653
11	-17.23323032476429
12	-6.893734244171032
13	-10.901038429699664
14	-16.14443213487337
15	-11.172472810525317
16	0.0

0	0.0
1	-14.303148637509324
2	-14.897338113345858
3	-12.887657874618164
4	-16.92856577249202
5	-11.093867373576161
6	-8.96003352324353
7	-8.352993124118258
8	-13.466131478473226
9	-9.03326113250136
10	-2.8767038104683653
11	-2.187109127703309
12	-6.893734244171032
13	-10.901038429699664
14	-16.14443213487337
15	-11.172472810525317
16	0.0

0	0.0
1	-14.303148637509324
2	-14.897338113345858
3	-12.887657874618164
4	-16.502450140948817
5	-11.093867373576161
6	-8.96003352324353
7	-8.352993124118258
8	-13.466131478473226
9	-9.03326113250136
10	-2.8767038104683653
11	-2.187109127703309
12	-6.893734244171032
13	-10.901038429699664
14	-16.14443213487337
15	-11.172472810525317
16	0.0

0	0.0
1	-14.303148637509324
2	-14.897338113345858
3	-14.443996297715287
4	-16.502450140948817
5	-11.093867373576161
6	-8.96003352324353
7	-8.352993124118258
8	-13.466131478473226
9	-9.03326113250136
10	-2.8767038104683653
11	-2.187109127703309
12	-6.893734244171032
13	-10.901038429699664
14	-16.14443213487337
15	-11.172472810525317
16	0.0

0	0.0
1	-14.303148637509324
2	-14.897338113345858
3	-14.443996297715287
4	-16.502450140948817
5	-11.813202392904609
6	-8.96003352324353
7	-8.352993124118258
8	-13.466131478473226
9	-9.03326113250136
10	-2.8767038104683653
11	-2.187109127703309
12	-6.893734244171032
13	-10.901038429699664
14	-16.14443213487337
15	-11.172472810525317
16	0.0

0	0.0
1	-14.303148637509324
2	-14.897338113345858
3	-14.443996297715287
4	-16.502450140948817
5	-11.813202392904609
6	-8.96003352324353
7	-8.352993124118258
8	-13.466131478473226
9	-9.03326113250136
10	-2.8767038104683653
11	-2.187109127703309
12	-6.893734244171032
13	-10.901038429699664
14	-16.14443213487337
15	-10.552164929428352
16	0.0

0	0.0
1	-14.303148637509324
2	-14.897338113345858
3	-14.443996297715287
4	-16.502450140948817
5	-11.813202392904609
6	-8.96003352324353
7	-8.352993124118258
8	-13.466131478473226
9	-9.03326113250136
10	-2.8767038104683653
11	-2.187109127703309
12	-6.893734244171032
13	-10.901038429699664
14	-15.912329077060166
15	-10.552164929428352
16	0.0

0	0.0
1	-14.303148637509324
2	-14.897338113345858
3	-14.814715810651919
4	-16.502450140948817
5	-11.813202392904609
6	-8.96003352324353
7	-8.352993124118258
8	-13.466131478473226
9	-9.03326113250136
10	-2.8767038104683653
11	-2.187109127703309
12	-6.893734244171032
13	-10.901038429699664
14	-15.912329077060166
15	-10.552164929428352
16	0.0

0	0.0
1	-14.303148637509324
2	-14.897338113345858
3	-14.814715810651919
4	-16.502450140948817
5	-11.813202392904609
6	-8.96003352324353
7	-8.352993124118258
8	-13.466131478473226
9	-9.03326113250136
10	-2.8767038104683653
11	-2.187109127703309
12	-6.893734244171032
13	-10.901038429699664
14	-11.22326827629653
15	-10.552164929428352
16	0.0

0	0.0
1	-14.303148637509324
2	-14.897338113345858
3	-14.814715810651919
4	-16.502450140948817
5	-11.813202392904609
6	-8.96003352324353
7	-8.352993124118258
8	-13.466131478473226
9	-9.03326113250136
10	-2.8767038104683653
11	-2.187109127703309
12	-6.893734244171032
13	-10.901038429699664
14	-11.22326827629653
15	-6.900976024034108
16	0.0

0	0.0
1	-14.303148637509324
2	-14.897338113345858
3	-14.814715810651919
4	-12.116496397553592
5	-11.813202392904609
6	-8.96003352324353
7	-8.352993124118258
8	-13.466131478473226
9	-9.03326113250136
10	-2.8767038104683653
11	-2.187109127703309
12	-6.893734244171032
13	-10.901038429699664
14	-11.22326827629653
15	-6.900976024034108
16	0.0

0	0.0
1	-14.303148637509324
2	-14.897338113345858
3	-14.814715810651919
4	-12.116496397553592
5	-11.779841515134308
6	-8.96003352324353
7	-8.352993124118258
8	-13.466131478473226
9	-9.03326113250136
10	-2.8767038104683653
11	-2.187109127703309
12	-6.893734244171032
13	-10.901038429699664
14	-11.22326827629653
15	-6.900976024034108
16	0.0

0	0.0
1	-14.303148637509324
2	-14.897338113345858
3	-14.814715810651919
4	-12.116496397553592
5	-11.779841515134308
6	-8.96003352324353
7	-8.352993124118258
8	-13.466131478473226
9	-9.03326113250136
10	-2.8767038104683653
11	-2.187109127703309
12	-6.893734244171032
13	-9.236829566129654
14	-11.22326827629653
15	-6.900976024034108
16	0.0

0	0.0
1	-14.303148637509324
2	-14.897338113345858
3	-14.814715810651919
4	-12.116496397553592
5	-11.779841515134308
6	-8.96003352324353
7	-8.352993124118258
8	-13.466131478473226
9	-9.03326113250136
10	-2.8767038104683653
11	-4.583333515947551
12	-6.893734244171032
13	-9.236829566129654
14	-11.22326827629653
15	-6.900976024034108
16	0.0

0	0.0
1	-14.303148637509324
2	-14.897338113345858
3	-14.814715810651919
4	-12.116496397553592
5	-11.779841515134308
6	-8.96003352324353
7	-8.352993124118258
8	-13.074317429411991
9	-9.03326113250136
10	-2.8767038104683653
11	-4.583333515947551
12	-6.893734244171032
13	-9.236829566129654
14	-11.22326827629653
15	-6.900976024034108
16	0.0

0	0.0
1	-14.303148637509324
2	-14.897338113345858
3	-14.814715810651919
4	-12.116496397553592
5	-11.779841515134308
6	-8.96003352324353
7	-8.352993124118258
8	-13.074317429411991
9	-9.03326113250136
10	-2.8767038104683653
11	-4.583333515947551
12	-6.893734244171032
13	-9.236829566129654
14	-8.976630599810655
15	-6.900976024034108
16	0.0

0	0.0
1	-14.303148637509324
2	-14.897338113345858
3	-13.721881469833933
4	-12.116496397553592
5	-11.779841515134308
6	-8.96003352324353
7	-8.352993124118258
8	-13.074317429411991
9	-9.03326113250136
10	-2.8767038104683653
11	-4.583333515947551
12	-6.893734244171032
13	-9.236829566129654
14	-8.976630599810655
15	-6.900976024034108
16	0.0

0	0.0
1	-14.303148637509324
2	-14.897338113345858
3	-13.721881469833933
4	-12.116496397553592
5	-11.779841515134308
6	-8.96003352324353
7	-8.352993124118258
8	-13.074317429411991
9	-9.03326113250136
10	-2.8767038104683653
11	-4.583333515947551
12	-6.893734244171032
13	-9.236829566129654
14	-8.729605827654648
15	-6.900976024034108
16	0.0

0	0.0
1	-14.303148637509324
2	-14.897338113345858
3	-13.721881469833933
4	-12.116496397553592
5	-11.779841515134308
6	-8.96003352324353
7	-8.352993124118258
8	-13.074317429411991
9	-9.03326113250136
10	-11.336142405301253
11	-4.583333515947551
12	-6.893734244171032
13	-9.236829566129654
14	-8.729605827654648
15	-6.900976024034108
16	0.0

0	0.0
1	-14.303148637509324
2	-14.897338113345858
3	-13.721881469833933
4	-12.116496397553592
5	-11.779841515134308
6	-8.96003352324353
7	-8.352993124118258
8	-13.074317429411991
9	-9.03326113250136
10	-5.480348109817804
11	-4.583333515947551
12	-6.893734244171032
13	-9.236829566129654
14	-8.729605827654648
15	-6.900976024034108
16	0.0

0	0.0
1	-4.198453962406408
2	-14.897338113345858
3	-13.721881469833933
4	-12.116496397553592
5	-11.779841515134308
6	-8.96003352324353
7	-8.352993124118258
8	-13.074317429411991
9	-9.03326113250136
10	-5.480348109817804
11	-4.583333515947551
12	-6.893734244171032
13	-9.236829566129654
14	-8.729605827654648
15	-6.900976024034108
16	0.0

0	0.0
1	-7.468645503409052
2	-14.897338113345858
3	-13.721881469833933
4	-12.116496397553592
5	-11.779841515134308
6	-8.96003352324353
7	-8.352993124118258
8	-13.074317429411991
9	-9.03326113250136
10	-5.480348109817804
11	-4.583333515947551
12	-6.893734244171032
13	-9.236829566129654
14	-8.729605827654648
15	-6.900976024034108
16	0.0

0	0.0
1	-7.468645503409052
2	-14.897338113345858
3	-13.721881469833933
4	-12.116496397553592
5	-11.779841515134308
6	-8.96003352324353
7	-8.352993124118258
8	-8.147343103698343
9	-9.03326113250136
10	-5.480348109817804
11	-4.583333515947551
12	-6.893734244171032
13	-9.236829566129654
14	-8.729605827654648
15	-6.900976024034108
16	0.0

0	0.0
1	-7.468645503409052
2	-14.897338113345858
3	-13.992896252812551
4	-12.116496397553592
5	-11.779841515134308
6	-8.96003352324353
7	-8.352993124118258
8	-8.147343103698343
9	-9.03326113250136
10	-5.480348109817804
11	-4.583333515947551
12	-6.893734244171032
13	-9.236829566129654
14	-8.729605827654648
15	-6.900976024034108
16	0.0

0	0.0
1	-8.119335708525053
2	-14.897338113345858
3	-13.992896252812551
4	-12.116496397553592
5	-11.779841515134308
6	-8.96003352324353
7	-8.352993124118258
8	-8.147343103698343
9	-9.03326113250136
10	-5.480348109817804
11	-4.583333515947551
12	-6.893734244171032
13	-9.236829566129654
14	-8.729605827654648
15	-6.900976024034108
16	0.0

0	0.0
1	-8.119335708525053
2	-14.897338113345858
3	-13.992896252812551
4	-12.116496397553592
5	-10.719058949049844
6	-8.96003352324353
7	-8.352993124118258
8	-8.147343103698343
9	-9.03326113250136
10	-5.480348109817804
11	-4.583333515947551
12	-6.893734244171032
13	-9.236829566129654
14	-8.729605827654648
15	-6.900976024034108
16	0.0

0	0.0
1	-8.119335708525053
2	-14.897338113345858
3	-13.992896252812551
4	-12.116496397553592
5	-10.719058949049844
6	-8.96003352324353
7	-8.352993124118258
8	-8.147343103698343
9	-9.03326113250136
10	-6.414504985003548
11	-4.583333515947551
12	-6.893734244171032
13	-9.236829566129654
14	-8.729605827654648
15	-6.900976024034108
16	0.0

0	0.0
1	-8.119335708525053
2	-14.897338113345858
3	-13.992896252812551
4	-12.116496397553592
5	-10.719058949049844
6	-8.96003352324353
7	-8.352993124118258
8	-8.147343103698343
9	-9.03326113250136
10	-6.414504985003548
11	-5.6596237452467495
12	-6.893734244171032
13	-9.236829566129654
14	-8.729605827654648
15	-6.900976024034108
16	0.0

0	0.0
1	-8.119335708525053
2	-14.897338113345858
3	-13.992896252812551
4	-12.116496397553592
5	-10.719058949049844
6	-8.96003352324353
7	-8.352993124118258
8	-8.147343103698343
9	-9.03326113250136
10	-6.414504985003548
11	-5.6596237452467495
12	-6.893734244171032
13	-7.464079229008648
14	-8.729605827654648
15	-6.900976024034108
16	0.0

0	0.0
1	-8.119335708525053
2	-14.897338113345858
3	-13.992896252812551
4	-12.116496397553592
5	-10.719058949049844
6	-8.96003352324353
7	-8.352993124118258
8	-8.147343103698343
9	-9.03326113250136
10	-7.821881933956547
11	-5.6596237452467495
12	-6.893734244171032
13	-7.464079229008648
14	-8.729605827654648
15	-6.900976024034108
16	0.0

0	0.0
1	-8.119335708525053
2	-14.451846372396378
3	-13.992896252812551
4	-12.116496397553592
5	-10.719058949049844
6	-8.96003352324353
7	-8.352993124118258
8	-8.147343103698343
9	-9.03326113250136
10	-7.821881933956547
11	-5.6596237452467495
12	-6.893734244171032
13	-7.464079229008648
14	-8.729605827654648
15	-6.900976024034108
16	0.0

0	0.0
1	-8.119335708525053
2	-14.451846372396378
3	-13.992896252812551
4	-12.116496397553592
5	-10.719058949049844
6	-8.96003352324353
7	-8.352993124118258
8	-8.147343103698343
9	-8.369125816875213
10	-7.821881933956547
11	-5.6596237452467495
12	-6.893734244171032
13	-7.464079229008648
14	-8.729605827654648
15	-6.900976024034108
16	0.0

0	0.0
1	-8.119335708525053
2	-14.451846372396378
3	-13.992896252812551
4	-12.116496397553592
5	-10.719058949049844
6	-8.96003352324353
7	-8.352993124118258
8	-8.147343103698343
9	-8.369125816875213
10	-7.821881933956547
11	-7.069029808260273
12	-6.893734244171032
13	-7.464079229008648
14	-8.729605827654648
15	-6.900976024034108
16	0.0

0	0.0
1	-8.119335708525053
2	-14.451846372396378
3	-13.992896252812551
4	-12.116496397553592
5	-10.719058949049844
6	-8.96003352324353
7	-8.352993124118258
8	-8.147343103698343
9	-8.369125816875213
10	-7.821881933956547
11	-7.069029808260273
12	-6.893734244171032
13	-7.464079229008648
14	-7.3779809985811085
15	-6.900976024034108
16	0.0

0	0.0
1	-8.119335708525053
2	-9.919174028604985
3	-13.992896252812551
4	-12.116496397553592
5	-10.719058949049844
6	-8.96003352324353
7	-8.352993124118258
8	-8.147343103698343
9	-8.369125816875213
10	-7.821881933956547
11	-7.069029808260273
12	-6.893734244171032
13	-7.464079229008648
14	-7.3779809985811085
15	-6.900976024034108
16	0.0

0	0.0
1	-8.119335708525053
2	-9.919174028604985
3	-13.992896252812551
4	-12.116496397553592
5	-10.719058949049844
6	-8.96003352324353
7	-8.352993124118258
8	-8.147343103698343
9	-8.369125816875213
10	-7.821881933956547
11	-7.069029808260273
12	-6.893734244171032
13	-7.464079229008648
14	-7.3779809985811085
15	-2.7266881214374425
16	0.0

0	0.0
1	-8.119335708525053
2	-11.64703213379811
3	-13.992896252812551
4	-12.116496397553592
5	-10.719058949049844
6	-8.96003352324353
7	-8.352993124118258
8	-8.147343103698343
9	-8.369125816875213
10	-7.821881933956547
11	-7.069029808260273
12	-6.893734244171032
13	-7.464079229008648
14	-7.3779809985811085
15	-2.7266881214374425
16	0.0

0	0.0
1	-8.119335708525053
2	-11.64703213379811
3	-13.992896252812551
4	-12.116496397553592
5	-10.719058949049844
6	-8.96003352324353
7	-8.352993124118258
8	-8.147343103698343
9	-8.369125816875213
10	-7.821881933956547
11	-7.069029808260273
12	-7.57522878178635
13	-7.464079229008648
14	-7.3779809985811085
15	-2.7266881214374425
16	0.0

0	0.0
1	-4.53760946611799
2	-11.64703213379811
3	-13.992896252812551
4	-12.116496397553592
5	-10.719058949049844
6	-8.96003352324353
7	-8.352993124118258
8	-8.147343103698343
9	-8.369125816875213
10	-7.821881933956547
11	-7.069029808260273
12	-7.57522878178635
13	-7.464079229008648
14	-7.3779809985811085
15	-2.7266881214374425
16	0.0

0	0.0
1	-4.53760946611799
2	-8.46464297821899
3	-13.992896252812551
4	-12.116496397553592
5	-10.719058949049844
6	-8.96003352324353
7	-8.352993124118258
8	-8.147343103698343
9	-8.369125816875213
10	-7.821881933956547
11	-7.069029808260273
12	-7.57522878178635
13	-7.464079229008648
14	-7.3779809985811085
15	-2.7266881214374425
16	0.0

0	0.0
1	-4.53760946611799
2	-8.46464297821899
3	-13.992896252812551
4	-12.116496397553592
5	-10.719058949049844
6	-10.103924252874872
7	-8.352993124118258
8	-8.147343103698343
9	-8.369125816875213
10	-7.821881933956547
11	-7.069029808260273
12	-7.57522878178635
13	-7.464079229008648
14	-7.3779809985811085
15	-2.7266881214374425
16	0.0

0	0.0
1	-4.53760946611799
2	-8.46464297821899
3	-13.992896252812551
4	-12.116496397553592
5	-10.719058949049844
6	-10.103924252874872
7	-8.448141584349004
8	-8.147343103698343
9	-8.369125816875213
10	-7.821881933956547
11	-7.069029808260273
12	-7.57522878178635
13	-7.464079229008648
14	-7.3779809985811085
15	-2.7266881214374425
16	0.0

0	0.0
1	-4.53760946611799
2	-8.773990939279075
3	-13.992896252812551
4	-12.116496397553592
5	-10.719058949049844
6	-10.103924252874872
7	-8.448141584349004
8	-8.147343103698343
9	-8.369125816875213
10	-7.821881933956547
11	-7.069029808260273
12	-7.57522878178635
13	-7.464079229008648
14	-7.3779809985811085
15	-2.7266881214374425
16	0.0

0	0.0
1	-4.53760946611799
2	-8.773990939279075
3	-8.478828358475509
4	-12.116496397553592
5	-10.719058949049844
6	-10.103924252874872
7	-8.448141584349004
8	-8.147343103698343
9	-8.369125816875213
10	-7.821881933956547
11	-7.069029808260273
12	-7.57522878178635
13	-7.464079229008648
14	-7.3779809985811085
15	-2.7266881214374425
16	0.0

0	0.0
1	-4.53760946611799
2	-8.773990939279075
3	-8.478828358475509
4	-12.116496397553592
5	-10.719058949049844
6	-10.103924252874872
7	-8.448141584349004
8	-8.147343103698343
9	-8.369125816875213
10	-7.821881933956547
11	-8.903681764970138
12	-7.57522878178635
13	-7.464079229008648
14	-7.3779809985811085
15	-2.7266881214374425
16	0.0

0	0.0
1	-4.53760946611799
2	-8.773990939279075
3	-8.478828358475509
4	-12.116496397553592
5	-10.719058949049844
6	-10.103924252874872
7	-8.448141584349004
8	-8.147343103698343
9	-8.369125816875213
10	-7.821881933956547
11	-8.903681764970138
12	-7.57522878178635
13	-7.559629700330255
14	-7.3779809985811085
15	-2.7266881214374425
16	0.0

0	0.0
1	-4.53760946611799
2	-8.773990939279075
3	-8.478828358475509
4	-12.116496397553592
5	-10.719058949049844
6	-10.103924252874872
7	-8.448141584349004
8	-8.147343103698343
9	-8.369125816875213
10	-8.815592935060979
11	-8.903681764970138
12	-7.57522878178635
13	-7.559629700330255
14	-7.3779809985811085
15	-2.7266881214374425
16	0.0

0	0.0
1	-4.53760946611799
2	-8.773990939279075
3	-8.478828358475509
4	-12.116496397553592
5	-10.719058949049844
6	-10.103924252874872
7	-8.448141584349004
8	-8.147343103698343
9	-8.369125816875213
10	-8.815592935060979
11	-8.903681764970138
12	-7.57522878178635
13	-7.559629700330255
14	-7.3779809985811085
15	-3.5345800460666954
16	0.0

0	0.0
1	-4.53760946611799
2	-8.773990939279075
3	-8.478828358475509
4	-12.116496397553592
5	-10.719058949049844
6	-10.103924252874872
7	-8.448141584349004
8	-8.147343103698343
9	-8.369125816875213
10	-8.815592935060979
11	-8.903681764970138
12	-7.57522878178635
13	-7.559629700330255
14	-4.813705175743712
15	-3.5345800460666954
16	0.0

0	0.0
1	-4.53760946611799
2	-8.773990939279075
3	-8.478828358475509
4	-12.116496397553592
5	-10.719058949049844
6	-10.103924252874872
7	-8.448141584349004
8	-8.147343103698343
9	-9.258731137621387
10	-8.815592935060979
11	-8.903681764970138
12	-7.57522878178635
13	-7.559629700330255
14	-4.813705175743712
15	-3.5345800460666954
16	0.0

0	0.0
1	-4.53760946611799
2	-8.773990939279075
3	-8.478828358475509
4	-12.116496397553592
5	-10.719058949049844
6	-10.103924252874872
7	-8.448141584349004
8	-8.147343103698343
9	-9.258731137621387
10	-8.815592935060979
11	-8.903681764970138
12	-8.652590683836895
13	-7.559629700330255
14	-4.813705175743712
15	-3.5345800460666954
16	0.0

0	0.0
1	-4.53760946611799
2	-8.773990939279075
3	-8.478828358475509
4	-11.740888482454183
5	-10.719058949049844
6	-10.103924252874872
7	-8.448141584349004
8	-8.147343103698343
9	-9.258731137621387
10	-8.815592935060979
11	-8.903681764970138
12	-8.652590683836895
13	-7.559629700330255
14	-4.813705175743712
15	-3.5345800460666954
16	0.0

0	0.0
1	-4.53760946611799
2	-8.773990939279075
3	-8.478828358475509
4	-11.740888482454183
5	-10.719058949049844
6	-10.103924252874872
7	-9.701717886844627
8	-8.147343103698343
9	-9.258731137621387
10	-8.815592935060979
11	-8.903681764970138
12	-8.652590683836895
13	-7.559629700330255
14	-4.813705175743712
15	-3.5345800460666954
16	0.0

0	0.0
1	-4.53760946611799
2	-8.773990939279075
3	-8.478828358475509
4	-11.740888482454183
5	-10.719058949049844
6	-10.103924252874872
7	-9.701717886844627
8	-8.147343103698343
9	-9.258731137621387
10	-8.815592935060979
11	-8.903681764970138
12	-8.652590683836895
13	-7.559629700330255
14	-4.813705175743712
15	-2.3204106837218816
16	0.0

0	0.0
1	-4.53760946611799
2	-8.773990939279075
3	-8.478828358475509
4	-11.740888482454183
5	-10.719058949049844
6	-10.103924252874872
7	-9.701717886844627
8	-8.147343103698343
9	-9.258731137621387
10	-8.815592935060979
11	-8.903681764970138
12	-8.652590683836895
13	-7.559629700330255
14	-5.967091478709639
15	-2.3204106837218816
16	0.0

0	0.0
1	-4.53760946611799
2	-8.773990939279075
3	-8.478828358475509
4	-11.740888482454183
5	-10.719058949049844
6	-10.103924252874872
7	-9.701717886844627
8	-8.147343103698343
9	-9.258731137621387
10	-8.815592935060979
11	-8.903681764970138
12	-8.652590683836895
13	-7.970220559924824
14	-5.967091478709639
15	-2.3204106837218816
16	0.0

0	0.0
1	-4.53760946611799
2	-8.773990939279075
3	-8.478828358475509
4	-11.740888482454183
5	-10.719058949049844
6	-10.103924252874872
7	-9.701717886844627
8	-10.647214372858164
9	-9.258731137621387
10	-8.815592935060979
11	-8.903681764970138
12	-8.652590683836895
13	-7.970220559924824
14	-5.967091478709639
15	-2.3204106837218816
16	0.0

0	0.0
1	-4.53760946611799
2	-8.773990939279075
3	-8.478828358475509
4	-11.739659184116352
5	-10.719058949049844
6	-10.103924252874872
7	-9.701717886844627
8	-10.647214372858164
9	-9.258731137621387
10	-8.815592935060979
11	-8.903681764970138
12	-8.652590683836895
13	-7.970220559924824
14	-5.967091478709639
15	-2.3204106837218816
16	0.0

0	0.0
1	-4.53760946611799
2	-8.773990939279075
3	-11.748463524762457
4	-11.739659184116352
5	-10.719058949049844
6	-10.103924252874872
7	-9.701717886844627
8	-10.647214372858164
9	-9.258731137621387
10	-8.815592935060979
11	-8.903681764970138
12	-8.652590683836895
13	-7.970220559924824
14	-5.967091478709639
15	-2.3204106837218816
16	0.0

0	0.0
1	-4.53760946611799
2	-8.773990939279075
3	-11.748463524762457
4	-11.739659184116352
5	-10.719058949049844
6	-10.103924252874872
7	-9.701717886844627
8	-10.647214372858164
9	-9.258731137621387
10	-9.444387881055697
11	-8.903681764970138
12	-8.652590683836895
13	-7.970220559924824
14	-5.967091478709639
15	-2.3204106837218816
16	0.0

0	0.0
1	-4.53760946611799
2	-8.773990939279075
3	-11.748463524762457
4	-11.739659184116352
5	-10.719058949049844
6	-10.103924252874872
7	-9.701717886844627
8	-10.647214372858164
9	-9.46270987049596
10	-9.444387881055697
11	-8.903681764970138
12	-8.652590683836895
13	-7.970220559924824
14	-5.967091478709639
15	-2.3204106837218816
16	0.0

0	0.0
1	-4.53760946611799
2	-8.773990939279075
3	-11.748463524762457
4	-11.739659184116352
5	-10.719058949049844
6	-10.159958708484485
7	-9.701717886844627
8	-10.647214372858164
9	-9.46270987049596
10	-9.444387881055697
11	-8.903681764970138
12	-8.652590683836895
13	-7.970220559924824
14	-5.967091478709639
15	-2.3204106837218816
16	0.0

0	0.0
1	-4.53760946611799
2	-8.773990939279075
3	-11.621101001886636
4	-11.739659184116352
5	-10.719058949049844
6	-10.159958708484485
7	-9.701717886844627
8	-10.647214372858164
9	-9.46270987049596
10	-9.444387881055697
11	-8.903681764970138
12	-8.652590683836895
13	-7.970220559924824
14	-5.967091478709639
15	-2.3204106837218816
16	0.0

0	0.0
1	-4.53760946611799
2	-8.773990939279075
3	-10.297619033905471
4	-11.739659184116352
5	-10.719058949049844
6	-10.159958708484485
7	-9.701717886844627
8	-10.647214372858164
9	-9.46270987049596
10	-9.444387881055697
11	-8.903681764970138
12	-8.652590683836895
13	-7.970220559924824
14	-5.967091478709639
15	-2.3204106837218816
16	0.0

0	0.0
1	-4.53760946611799
2	-8.773990939279075
3	-10.297619033905471
4	-11.739659184116352
5	-10.719058949049844
6	-10.159958708484485
7	-9.701717886844627
8	-10.647214372858164
9	-9.46270987049596
10	-9.444387881055697
11	-8.903681764970138
12	-8.652590683836895
13	-7.970220559924824
14	-5.967091478709639
15	-3.62650020067381
16	0.0

0	0.0
1	-4.53760946611799
2	-8.773990939279075
3	-10.297619033905471
4	-11.544291042891718
5	-10.719058949049844
6	-10.159958708484485
7	-9.701717886844627
8	-10.647214372858164
9	-9.46270987049596
10	-9.444387881055697
11	-8.903681764970138
12	-8.652590683836895
13	-7.970220559924824
14	-5.967091478709639
15	-3.62650020067381
16	0.0

0	0.0
1	-4.53760946611799
2	-8.773990939279075
3	-10.297619033905471
4	-11.544291042891718
5	-10.719058949049844
6	-10.159958708484485
7	-11.760212301190379
8	-10.647214372858164
9	-9.46270987049596
10	-9.444387881055697
11	-8.903681764970138
12	-8.652590683836895
13	-7.970220559924824
14	-5.967091478709639
15	-3.62650020067381
16	0.0

0	0.0
1	-4.53760946611799
2	-8.773990939279075
3	-10.297619033905471
4	-11.544291042891718
5	-10.719058949049844
6	-10.159958708484485
7	-11.760212301190379
8	-10.647214372858164
9	-9.740585252711998
10	-9.444387881055697
11	-8.903681764970138
12	-8.652590683836895
13	-7.970220559924824
14	-5.967091478709639
15	-3.62650020067381
16	0.0

0	0.0
1	-4.53760946611799
2	-8.773990939279075
3	-10.297619033905471
4	-11.544291042891718
5	-10.719058949049844
6	-10.159958708484485
7	-11.760212301190379
8	-10.647214372858164
9	-9.740585252711998
10	-9.444387881055697
11	-9.429125559131101
12	-8.652590683836895
13	-7.970220559924824
14	-5.967091478709639
15	-3.62650020067381
16	0.0

0	0.0
1	-4.53760946611799
2	-8.773990939279075
3	-10.297619033905471
4	-11.544291042891718
5	-10.719058949049844
6	-10.159958708484485
7	-11.760212301190379
8	-10.647214372858164
9	-9.740585252711998
10	-9.444387881055697
11	-9.429125559131101
12	-8.652590683836895
13	-7.941144072632786
14	-5.967091478709639
15	-3.62650020067381
16	0.0

0	0.0
1	-4.53760946611799
2	-8.773990939279075
3	-10.297619033905471
4	-11.544291042891718
5	-10.719058949049844
6	-10.159958708484485
7	-11.760212301190379
8	-10.647214372858164
9	-10.445357425961713
10	-9.444387881055697
11	-9.429125559131101
12	-8.652590683836895
13	-7.941144072632786
14	-5.967091478709639
15	-3.62650020067381
16	0.0

0	0.0
1	-4.53760946611799
2	-8.773990939279075
3	-10.297619033905471
4	-11.544291042891718
5	-10.719058949049844
6	-10.159958708484485
7	-11.760212301190379
8	-11.838603008699653
9	-10.445357425961713
10	-9.444387881055697
11	-9.429125559131101
12	-8.652590683836895
13	-7.941144072632786
14	-5.967091478709639
15	-3.62650020067381
16	0.0

0	0.0
1	-4.53760946611799
2	-8.773990939279075
3	-10.297619033905471
4	-11.544291042891718
5	-10.719058949049844
6	-10.494676244800894
7	-11.760212301190379
8	-11.838603008699653
9	-10.445357425961713
10	-9.444387881055697
11	-9.429125559131101
12	-8.652590683836895
13	-7.941144072632786
14	-5.967091478709639
15	-3.62650020067381
16	0.0

0	0.0
1	-4.53760946611799
2	-8.773990939279075
3	-10.297619033905471
4	-11.544291042891718
5	-10.719058949049844
6	-10.494676244800894
7	-11.760212301190379
8	-11.838603008699653
9	-10.783685002274098
10	-9.444387881055697
11	-9.429125559131101
12	-8.652590683836895
13	-7.941144072632786
14	-5.967091478709639
15	-3.62650020067381
16	0.0

0	0.0
1	-4.53760946611799
2	-7.514235855130682
3	-10.297619033905471
4	-11.544291042891718
5	-10.719058949049844
6	-10.494676244800894
7	-11.760212301190379
8	-11.838603008699653
9	-10.783685002274098
10	-9.444387881055697
11	-9.429125559131101
12	-8.652590683836895
13	-7.941144072632786
14	-5.967091478709639
15	-3.62650020067381
16	0.0

0	0.0
1	-4.53760946611799
2	-7.514235855130682
3	-10.297619033905471
4	-11.544291042891718
5	-10.719058949049844
6	-10.494676244800894
7	-11.760212301190379
8	-11.838603008699653
9	-10.783685002274098
10	-9.444387881055697
11	-9.429125559131101
12	-9.502525997575155
13	-7.941144072632786
14	-5.967091478709639
15	-3.62650020067381
16	0.0

0	0.0
1	-4.53760946611799
2	-7.514235855130682
3	-10.297619033905471
4	-11.544291042891718
5	-10.719058949049844
6	-10.494676244800894
7	-11.760212301190379
8	-11.838603008699653
9	-10.783685002274098
10	-9.444387881055697
11	-9.429125559131101
12	-9.502525997575155
13	-8.188367728271137
14	-5.967091478709639
15	-3.62650020067381
16	0.0

0	0.0
1	-4.53760946611799
2	-7.514235855130682
3	-10.297619033905471
4	-11.544291042891718
5	-10.719058949049844
6	-11.367439778385405
7	-11.760212301190379
8	-11.838603008699653
9	-10.783685002274098
10	-9.444387881055697
11	-9.429125559131101
12	-9.502525997575155
13	-8.188367728271137
14	-5.967091478709639
15	-3.62650020067381
16	0.0

0	0.0
1	-4.53760946611799
2	-7.514235855130682
3	-10.297619033905471
4	-11.544291042891718
5	-10.719058949049844
6	-11.367439778385405
7	-11.760212301190379
8	-11.838603008699653
9	-10.783685002274098
10	-9.444387881055697
11	-9.429125559131101
12	-9.502525997575155
13	-8.188367728271137
14	-6.69341716237761
15	-3.62650020067381
16	0.0

0	0.0
1	-4.53760946611799
2	-7.514235855130682
3	-10.297619033905471
4	-11.544291042891718
5	-11.200752785556107
6	-11.367439778385405
7	-11.760212301190379
8	-11.838603008699653
9	-10.783685002274098
10	-9.444387881055697
11	-9.429125559131101
12	-9.502525997575155
13	-8.188367728271137
14	-6.69341716237761
15	-3.62650020067381
16	0.0

0	0.0
1	-4.53760946611799
2	-7.514235855130682
3	-10.297619033905471
4	-11.544291042891718
5	-11.200752785556107
6	-11.367439778385405
7	-11.760212301190379
8	-11.838603008699653
9	-10.783685002274098
10	-9.645554709965278
11	-9.429125559131101
12	-9.502525997575155
13	-8.188367728271137
14	-6.69341716237761
15	-3.62650020067381
16	0.0

0	0.0
1	-4.53760946611799
2	-7.514235855130682
3	-10.297619033905471
4	-11.544291042891718
5	-11.200752785556107
6	-11.684290683986925
7	-11.760212301190379
8	-11.838603008699653
9	-10.783685002274098
10	-9.645554709965278
11	-9.429125559131101
12	-9.502525997575155
13	-8.188367728271137
14	-6.69341716237761
15	-3.62650020067381
16	0.0

0	0.0
1	-4.53760946611799
2	-7.514235855130682
3	-10.297619033905471
4	-11.544291042891718
5	-11.200752785556107
6	-11.684290683986925
7	-11.781404223919484
8	-11.838603008699653
9	-10.783685002274098
10	-9.645554709965278
11	-9.429125559131101
12	-9.502525997575155
13	-8.188367728271137
14	-6.69341716237761
15	-3.62650020067381
16	0.0

0	0.0
1	-4.53760946611799
2	-7.514235855130682
3	-10.297619033905471
4	-11.544291042891718
5	-11.446159232496456
6	-11.684290683986925
7	-11.781404223919484
8	-11.838603008699653
9	-10.783685002274098
10	-9.645554709965278
11	-9.429125559131101
12	-9.502525997575155
13	-8.188367728271137
14	-6.69341716237761
15	-3.62650020067381
16	0.0

0	0.0
1	-4.53760946611799
2	-7.522849250871328
3	-10.297619033905471
4	-11.544291042891718
5	-11.446159232496456
6	-11.684290683986925
7	-11.781404223919484
8	-11.838603008699653
9	-10.783685002274098
10	-9.645554709965278
11	-9.429125559131101
12	-9.502525997575155
13	-8.188367728271137
14	-6.69341716237761
15	-3.62650020067381
16	0.0

0	0.0
1	-4.53760946611799
2	-7.522849250871328
3	-10.297619033905471
4	-11.544291042891718
5	-11.446159232496456
6	-11.684290683986925
7	-11.781404223919484
8	-11.838603008699653
9	-10.783685002274098
10	-11.341703468127326
11	-9.429125559131101
12	-9.502525997575155
13	-8.188367728271137
14	-6.69341716237761
15	-3.62650020067381
16	0.0

0	0.0
1	-4.53760946611799
2	-7.522849250871328
3	-10.297619033905471
4	-11.544291042891718
5	-11.446159232496456
6	-11.684290683986925
7	-11.781404223919484
8	-11.838603008699653
9	-11.178263583752381
10	-11.341703468127326
11	-9.429125559131101
12	-9.502525997575155
13	-8.188367728271137
14	-6.69341716237761
15	-3.62650020067381
16	0.0

0	0.0
1	-4.53760946611799
2	-7.522849250871328
3	-10.297619033905471
4	-11.308819251368357
5	-11.446159232496456
6	-11.684290683986925
7	-11.781404223919484
8	-11.838603008699653
9	-11.178263583752381
10	-11.341703468127326
11	-9.429125559131101
12	-9.502525997575155
13	-8.188367728271137
14	-6.69341716237761
15	-3.62650020067381
16	0.0

0	0.0
1	-4.53760946611799
2	-7.522849250871328
3	-9.634700040671428
4	-11.308819251368357
5	-11.446159232496456
6	-11.684290683986925
7	-11.781404223919484
8	-11.838603008699653
9	-11.178263583752381
10	-11.341703468127326
11	-9.429125559131101
12	-9.502525997575155
13	-8.188367728271137
14	-6.69341716237761
15	-3.62650020067381
16	0.0

0	0.0
1	-4.53760946611799
2	-7.522849250871328
3	-9.634700040671428
4	-11.308819251368357
5	-11.446159232496456
6	-11.684290683986925
7	-11.781404223919484
8	-11.838603008699653
9	-11.178263583752381
10	-10.819294144919173
11	-9.429125559131101
12	-9.502525997575155
13	-8.188367728271137
14	-6.69341716237761
15	-3.62650020067381
16	0.0

0	0.0
1	-4.53760946611799
2	-7.522849250871328
3	-10.038998998446369
4	-11.308819251368357
5	-11.446159232496456
6	-11.684290683986925
7	-11.781404223919484
8	-11.838603008699653
9	-11.178263583752381
10	-10.819294144919173
11	-9.429125559131101
12	-9.502525997575155
13	-8.188367728271137
14	-6.69341716237761
15	-3.62650020067381
16	0.0

0	0.0
1	-4.53760946611799
2	-7.522849250871328
3	-10.038998998446369
4	-11.308819251368357
5	-11.446159232496456
6	-11.684290683986925
7	-12.531910085768626
8	-11.838603008699653
9	-11.178263583752381
10	-10.819294144919173
11	-9.429125559131101
12	-9.502525997575155
13	-8.188367728271137
14	-6.69341716237761
15	-3.62650020067381
16	0.0

0	0.0
1	-4.53760946611799
2	-7.522849250871328
3	-10.038998998446369
4	-11.308819251368357
5	-11.446159232496456
6	-11.684290683986925
7	-12.531910085768626
8	-11.838603008699653
9	-11.178263583752381
10	-10.819294144919173
11	-9.429125559131101
12	-9.502525997575155
13	-8.188367728271137
14	-6.69341716237761
15	-3.8083500689427225
16	0.0

0	0.0
1	-4.53760946611799
2	-7.522849250871328
3	-10.038998998446369
4	-11.308819251368357
5	-11.446159232496456
6	-11.684290683986925
7	-12.531910085768626
8	-11.838603008699653
9	-11.178263583752381
10	-10.819294144919173
11	-9.929597130693159
12	-9.502525997575155
13	-8.188367728271137
14	-6.69341716237761
15	-3.8083500689427225
16	0.0

0	0.0
1	-4.53760946611799
2	-7.522849250871328
3	-10.038998998446369
4	-11.308819251368357
5	-11.446159232496456
6	-11.684290683986925
7	-12.531910085768626
8	-11.838603008699653
9	-11.750839044013325
10	-10.819294144919173
11	-9.929597130693159
12	-9.502525997575155
13	-8.188367728271137
14	-6.69341716237761
15	-3.8083500689427225
16	0.0

0	0.0
1	-4.53760946611799
2	-7.522849250871328
3	-10.038998998446369
4	-11.308819251368357
5	-11.446159232496456
6	-12.935061627334623
7	-12.531910085768626
8	-11.838603008699653
9	-11.750839044013325
10	-10.819294144919173
11	-9.929597130693159
12	-9.502525997575155
13	-8.188367728271137
14	-6.69341716237761
15	-3.8083500689427225
16	0.0

0	0.0
1	-4.53760946611799
2	-7.522849250871328
3	-10.038998998446369
4	-11.308819251368357
5	-11.446159232496456
6	-12.135979283921321
7	-12.531910085768626
8	-11.838603008699653
9	-11.750839044013325
10	-10.819294144919173
11	-9.929597130693159
12	-9.502525997575155
13	-8.188367728271137
14	-6.69341716237761
15	-3.8083500689427225
16	0.0

0	0.0
1	-4.53760946611799
2	-7.522849250871328
3	-10.038998998446369
4	-11.308819251368357
5	-11.446159232496456
6	-12.135979283921321
7	-12.531910085768626
8	-12.8722509546049
9	-11.750839044013325
10	-10.819294144919173
11	-9.929597130693159
12	-9.502525997575155
13	-8.188367728271137
14	-6.69341716237761
15	-3.8083500689427225
16	0.0

0	0.0
1	-4.53760946611799
2	-7.522849250871328
3	-10.038998998446369
4	-11.308819251368357
5	-11.446159232496456
6	-12.688331303621272
7	-12.531910085768626
8	-12.8722509546049
9	-11.750839044013325
10	-10.819294144919173
11	-9.929597130693159
12	-9.502525997575155
13	-8.188367728271137
14	-6.69341716237761
15	-3.8083500689427225
16	0.0

0	0.0
1	-4.53760946611799
2	-7.522849250871328
3	-10.038998998446369
4	-11.308819251368357
5	-11.446159232496456
6	-12.688331303621272
7	-12.531910085768626
8	-12.8722509546049
9	-11.750839044013325
10	-10.819294144919173
11	-10.483808848523296
12	-9.502525997575155
13	-8.188367728271137
14	-6.69341716237761
15	-3.8083500689427225
16	0.0

0	0.0
1	-4.53760946611799
2	-7.522849250871328
3	-10.038998998446369
4	-11.308819251368357
5	-11.446159232496456
6	-12.688331303621272
7	-12.531910085768626
8	-12.8722509546049
9	-11.750839044013325
10	-10.819294144919173
11	-10.483808848523296
12	-9.502525997575155
13	-8.385261933254961
14	-6.69341716237761
15	-3.8083500689427225
16	0.0

0	0.0
1	-4.53760946611799
2	-7.522849250871328
3	-10.038998998446369
4	-11.308819251368357
5	-11.724473302020122
6	-12.688331303621272
7	-12.531910085768626
8	-12.8722509546049
9	-11.750839044013325
10	-10.819294144919173
11	-10.483808848523296
12	-9.502525997575155
13	-8.385261933254961
14	-6.69341716237761
15	-3.8083500689427225
16	0.0

0	0.0
1	-4.53760946611799
2	-7.522849250871328
3	-10.038998998446369
4	-11.308819251368357
5	-11.724473302020122
6	-12.688331303621272
7	-12.531910085768626
8	-12.8722509546049
9	-11.750839044013325
10	-10.819294144919173
11	-10.483808848523296
12	-9.502525997575155
13	-8.385261933254961
14	-6.69341716237761
15	-3.8229877824014906
16	0.0

0	0.0
1	-4.53760946611799
2	-7.522849250871328
3	-10.038998998446369
4	-11.308819251368357
5	-11.724473302020122
6	-12.688331303621272
7	-12.531910085768626
8	-12.8722509546049
9	-11.750839044013325
10	-10.819294144919173
11	-10.483808848523296
12	-9.502525997575155
13	-8.512930454364442
14	-6.69341716237761
15	-3.8229877824014906
16	0.0

0	0.0
1	-4.53760946611799
2	-7.522849250871328
3	-10.038998998446369
4	-11.308819251368357
5	-11.724473302020122
6	-12.688331303621272
7	-12.531910085768626
8	-12.8722509546049
9	-11.750839044013325
10	-10.819294144919173
11	-10.483808848523296
12	-9.904718095419625
13	-8.512930454364442
14	-6.69341716237761
15	-3.8229877824014906
16	0.0

0	0.0
1	-4.53760946611799
2	-8.043571066231195
3	-10.038998998446369
4	-11.308819251368357
5	-11.724473302020122
6	-12.688331303621272
7	-12.531910085768626
8	-12.8722509546049
9	-11.750839044013325
10	-10.819294144919173
11	-10.483808848523296
12	-9.904718095419625
13	-8.512930454364442
14	-6.69341716237761
15	-3.8229877824014906
16	0.0

0	0.0
1	-4.53760946611799
2	-8.043571066231195
3	-10.038998998446369
4	-11.308819251368357
5	-11.724473302020122
6	-12.584019143820232
7	-12.531910085768626
8	-12.8722509546049
9	-11.750839044013325
10	-10.819294144919173
11	-10.483808848523296
12	-9.904718095419625
13	-8.512930454364442
14	-6.69341716237761
15	-3.8229877824014906
16	0.0

0	0.0
1	-4.53760946611799
2	-8.043571066231195
3	-10.038998998446369
4	-11.308819251368357
5	-11.868552362729993
6	-12.584019143820232
7	-12.531910085768626
8	-12.8722509546049
9	-11.750839044013325
10	-10.819294144919173
11	-10.483808848523296
12	-9.904718095419625
13	-8.512930454364442
14	-6.69341716237761
15	-3.8229877824014906
16	0.0

0	0.0
1	-4.53760946611799
2	-8.043571066231195
3	-10.038998998446369
4	-11.308819251368357
5	-11.868552362729993
6	-12.584019143820232
7	-12.955749841163218
8	-12.8722509546049
9	-11.750839044013325
10	-10.819294144919173
11	-10.483808848523296
12	-9.904718095419625
13	-8.512930454364442
14	-6.69341716237761
15	-3.8229877824014906
16	0.0

0	0.0
1	-4.53760946611799
2	-8.043571066231195
3	-10.038998998446369
4	-11.308819251368357
5	-12.31855344564552
6	-12.584019143820232
7	-12.955749841163218
8	-12.8722509546049
9	-11.750839044013325
10	-10.819294144919173
11	-10.483808848523296
12	-9.904718095419625
13	-8.512930454364442
14	-6.69341716237761
15	-3.8229877824014906
16	0.0

0	0.0
1	-4.53760946611799
2	-8.043571066231195
3	-10.038998998446369
4	-11.308819251368357
5	-12.31855344564552
6	-12.584019143820232
7	-12.955749841163218
8	-12.8722509546049
9	-11.750839044013325
10	-10.92930229866547
11	-10.483808848523296
12	-9.904718095419625
13	-8.512930454364442
14	-6.69341716237761
15	-3.8229877824014906
16	0.0

0	0.0
1	-4.53760946611799
2	-8.043571066231195
3	-10.038998998446369
4	-11.308819251368357
5	-12.31855344564552
6	-12.584019143820232
7	-12.955749841163218
8	-12.8722509546049
9	-12.939647166538597
10	-10.92930229866547
11	-10.483808848523296
12	-9.904718095419625
13	-8.512930454364442
14	-6.69341716237761
15	-3.8229877824014906
16	0.0

0	0.0
1	-4.53760946611799
2	-8.043571066231195
3	-10.038998998446369
4	-11.308819251368357
5	-12.31855344564552
6	-12.584019143820232
7	-12.955749841163218
8	-12.8722509546049
9	-12.939647166538597
10	-13.38935648826081
11	-10.483808848523296
12	-9.904718095419625
13	-8.512930454364442
14	-6.69341716237761
15	-3.8229877824014906
16	0.0

0	0.0
1	-4.53760946611799
2	-8.043571066231195
3	-10.038998998446369
4	-11.308819251368357
5	-12.31855344564552
6	-12.584019143820232
7	-12.955749841163218
8	-13.518978823915013
9	-12.939647166538597
10	-13.38935648826081
11	-10.483808848523296
12	-9.904718095419625
13	-8.512930454364442
14	-6.69341716237761
15	-3.8229877824014906
16	0.0

0	0.0
1	-4.53760946611799
2	-8.043571066231195
3	-10.038998998446369
4	-11.308819251368357
5	-12.31855344564552
6	-12.584019143820232
7	-12.955749841163218
8	-13.518978823915013
9	-12.939647166538597
10	-12.779253713529828
11	-10.483808848523296
12	-9.904718095419625
13	-8.512930454364442
14	-6.69341716237761
15	-3.8229877824014906
16	0.0

0	0.0
1	-4.53760946611799
2	-8.043571066231195
3	-10.038998998446369
4	-11.308819251368357
5	-12.31855344564552
6	-12.584019143820232
7	-12.955749841163218
8	-13.518978823915013
9	-12.939647166538597
10	-12.779253713529828
11	-12.062969381772607
12	-9.904718095419625
13	-8.512930454364442
14	-6.69341716237761
15	-3.8229877824014906
16	0.0

0	0.0
1	-4.53760946611799
2	-8.043571066231195
3	-10.038998998446369
4	-11.308819251368357
5	-12.31855344564552
6	-12.584019143820232
7	-12.955749841163218
8	-13.518978823915013
9	-12.939647166538597
10	-12.779253713529828
11	-12.062969381772607
12	-9.904718095419625
13	-8.667993571290769
14	-6.69341716237761
15	-3.8229877824014906
16	0.0

0	0.0
1	-4.53760946611799
2	-8.043571066231195
3	-10.038998998446369
4	-11.308819251368357
5	-12.31855344564552
6	-12.584019143820232
7	-12.955749841163218
8	-13.518978823915013
9	-12.939647166538597
10	-13.102652865308077
11	-12.062969381772607
12	-9.904718095419625
13	-8.667993571290769
14	-6.69341716237761
15	-3.8229877824014906
16	0.0

0	0.0
1	-4.53760946611799
2	-8.043571066231195
3	-10.038998998446369
4	-11.308819251368357
5	-12.31855344564552
6	-12.584019143820232
7	-12.955749841163218
8	-13.518978823915013
9	-12.939647166538597
10	-13.102652865308077
11	-12.062969381772607
12	-11.43605224057426
13	-8.667993571290769
14	-6.69341716237761
15	-3.8229877824014906
16	0.0

0	0.0
1	-4.53760946611799
2	-8.043571066231195
3	-10.038998998446369
4	-11.308819251368357
5	-12.31855344564552
6	-12.584019143820232
7	-12.955749841163218
8	-13.518978823915013
9	-12.939647166538597
10	-13.102652865308077
11	-12.38766873658428
12	-11.43605224057426
13	-8.667993571290769
14	-6.69341716237761
15	-3.8229877824014906
16	0.0

0	0.0
1	-4.53760946611799
2	-8.043571066231195
3	-10.038998998446369
4	-11.308819251368357
5	-12.503057277245077
6	-12.584019143820232
7	-12.955749841163218
8	-13.518978823915013
9	-12.939647166538597
10	-13.102652865308077
11	-12.38766873658428
12	-11.43605224057426
13	-8.667993571290769
14	-6.69341716237761
15	-3.8229877824014906
16	0.0

0	0.0
1	-4.53760946611799
2	-8.043571066231195
3	-10.038998998446369
4	-11.308819251368357
5	-12.503057277245077
6	-12.584019143820232
7	-12.955749841163218
8	-13.518978823915013
9	-13.634019863230044
10	-13.102652865308077
11	-12.38766873658428
12	-11.43605224057426
13	-8.667993571290769
14	-6.69341716237761
15	-3.8229877824014906
16	0.0

0	0.0
1	-4.53760946611799
2	-8.043571066231195
3	-10.038998998446369
4	-11.308819251368357
5	-12.503057277245077
6	-13.62715867951982
7	-12.955749841163218
8	-13.518978823915013
9	-13.634019863230044
10	-13.102652865308077
11	-12.38766873658428
12	-11.43605224057426
13	-8.667993571290769
14	-6.69341716237761
15	-3.8229877824014906
16	0.0

0	0.0
1	-4.53760946611799
2	-8.043571066231195
3	-10.038998998446369
4	-11.308819251368357
5	-12.643654623352493
6	-13.62715867951982
7	-12.955749841163218
8	-13.518978823915013
9	-13.634019863230044
10	-13.102652865308077
11	-12.38766873658428
12	-11.43605224057426
13	-8.667993571290769
14	-6.69341716237761
15	-3.8229877824014906
16	0.0

0	0.0
1	-4.53760946611799
2	-8.043571066231195
3	-10.038998998446369
4	-11.308819251368357
5	-12.643654623352493
6	-13.129870673392931
7	-12.955749841163218
8	-13.518978823915013
9	-13.634019863230044
10	-13.102652865308077
11	-12.38766873658428
12	-11.43605224057426
13	-8.667993571290769
14	-6.69341716237761
15	-3.8229877824014906
16	0.0

0	0.0
1	-4.53760946611799
2	-8.043571066231195
3	-10.038998998446369
4	-11.308819251368357
5	-12.643654623352493
6	-13.129870673392931
7	-12.955749841163218
8	-13.518978823915013
9	-13.634019863230044
10	-13.102652865308077
11	-12.38766873658428
12	-11.43605224057426
13	-9.44982860109036
14	-6.69341716237761
15	-3.8229877824014906
16	0.0

0	0.0
1	-4.53760946611799
2	-8.043571066231195
3	-10.038998998446369
4	-11.308819251368357
5	-12.643654623352493
6	-13.129870673392931
7	-14.32450243175851
8	-13.518978823915013
9	-13.634019863230044
10	-13.102652865308077
11	-12.38766873658428
12	-11.43605224057426
13	-9.44982860109036
14	-6.69341716237761
15	-3.8229877824014906
16	0.0

0	0.0
1	-4.529870540561317
2	-8.043571066231195
3	-10.038998998446369
4	-11.308819251368357
5	-12.643654623352493
6	-13.129870673392931
7	-14.32450243175851
8	-13.518978823915013
9	-13.634019863230044
10	-13.102652865308077
11	-12.38766873658428
12	-11.43605224057426
13	-9.44982860109036
14	-6.69341716237761
15	-3.8229877824014906
16	0.0

0	0.0
1	-4.529870540561317
2	-8.043571066231195
3	-10.038998998446369
4	-11.308819251368357
5	-12.643654623352493
6	-13.129870673392931
7	-14.32450243175851
8	-13.518978823915013
9	-13.634019863230044
10	-13.102652865308077
11	-12.38766873658428
12	-11.43605224057426
13	-9.51402469361891
14	-6.69341716237761
15	-3.8229877824014906
16	0.0

0	0.0
1	-4.529870540561317
2	-8.043571066231195
3	-10.038998998446369
4	-11.308819251368357
5	-12.643654623352493
6	-13.129870673392931
7	-14.132717499489074
8	-13.518978823915013
9	-13.634019863230044
10	-13.102652865308077
11	-12.38766873658428
12	-11.43605224057426
13	-9.51402469361891
14	-6.69341716237761
15	-3.8229877824014906
16	0.0

0	0.0
1	-4.529870540561317
2	-8.043571066231195
3	-10.038998998446369
4	-11.308819251368357
5	-12.643654623352493
6	-13.129870673392931
7	-14.132717499489074
8	-13.518978823915013
9	-13.634019863230044
10	-13.313644008235336
11	-12.38766873658428
12	-11.43605224057426
13	-9.51402469361891
14	-6.69341716237761
15	-3.8229877824014906
16	0.0

0	0.0
1	-4.529870540561317
2	-8.043571066231195
3	-10.038998998446369
4	-11.308819251368357
5	-12.643654623352493
6	-13.129870673392931
7	-14.132717499489074
8	-13.518978823915013
9	-13.634019863230044
10	-13.404085421509107
11	-12.38766873658428
12	-11.43605224057426
13	-9.51402469361891
14	-6.69341716237761
15	-3.8229877824014906
16	0.0

0	0.0
1	-4.529870540561317
2	-8.043571066231195
3	-10.038998998446369
4	-11.308819251368357
5	-12.643654623352493
6	-13.129870673392931
7	-14.132717499489074
8	-13.518978823915013
9	-13.634019863230044
10	-13.404085421509107
11	-13.301163509122656
12	-11.43605224057426
13	-9.51402469361891
14	-6.69341716237761
15	-3.8229877824014906
16	0.0

0	0.0
1	-4.529870540561317
2	-8.043571066231195
3	-10.038998998446369
4	-11.308819251368357
5	-12.643654623352493
6	-13.129870673392931
7	-14.132717499489074
8	-13.518978823915013
9	-13.634019863230044
10	-13.404085421509107
11	-13.301163509122656
12	-11.43605224057426
13	-9.51402469361891
14	-7.1361056460805
15	-3.8229877824014906
16	0.0

0	0.0
1	-4.529870540561317
2	-8.043571066231195
3	-10.038998998446369
4	-11.308819251368357
5	-12.643654623352493
6	-13.129870673392931
7	-14.132717499489074
8	-13.518978823915013
9	-13.634019863230044
10	-13.404085421509107
11	-13.301163509122656
12	-11.43605224057426
13	-9.51402469361891
14	-7.1361056460805
15	-4.1575249733481705
16	0.0

0	0.0
1	-4.529870540561317
2	-8.043571066231195
3	-10.038998998446369
4	-11.308819251368357
5	-12.643654623352493
6	-13.129870673392931
7	-14.132717499489074
8	-13.518978823915013
9	-13.634019863230044
10	-13.404085421509107
11	-13.301163509122656
12	-12.141062301121924
13	-9.51402469361891
14	-7.1361056460805
15	-4.1575249733481705
16	0.0

0	0.0
1	-4.529870540561317
2	-8.043571066231195
3	-10.038998998446369
4	-11.308819251368357
5	-12.643654623352493
6	-13.129870673392931
7	-14.132717499489074
8	-13.518978823915013
9	-13.634019863230044
10	-13.404085421509107
11	-13.301163509122656
12	-11.98416120346649
13	-9.51402469361891
14	-7.1361056460805
15	-4.1575249733481705
16	0.0

0	0.0
1	-4.529870540561317
2	-8.043571066231195
3	-10.038998998446369
4	-11.308819251368357
5	-12.643654623352493
6	-13.129870673392931
7	-14.132717499489074
8	-13.518978823915013
9	-13.634019863230044
10	-13.464389646259633
11	-13.301163509122656
12	-11.98416120346649
13	-9.51402469361891
14	-7.1361056460805
15	-4.1575249733481705
16	0.0

0	0.0
1	-4.529870540561317
2	-8.043571066231195
3	-10.038998998446369
4	-11.308819251368357
5	-12.643654623352493
6	-13.129870673392931
7	-14.132717499489074
8	-13.518978823915013
9	-13.634019863230044
10	-13.464389646259633
11	-13.301163509122656
12	-11.98416120346649
13	-9.768751286414494
14	-7.1361056460805
15	-4.1575249733481705
16	0.0

0	0.0
1	-4.529870540561317
2	-8.043571066231195
3	-10.038998998446369
4	-11.308819251368357
5	-12.643654623352493
6	-13.129870673392931
7	-14.132717499489074
8	-13.518978823915013
9	-13.634019863230044
10	-13.464389646259633
11	-13.301163509122656
12	-11.98416120346649
13	-9.9606155846722
14	-7.1361056460805
15	-4.1575249733481705
16	0.0

0	0.0
1	-4.529870540561317
2	-8.043571066231195
3	-10.038998998446369
4	-11.4020243906266
5	-12.643654623352493
6	-13.129870673392931
7	-14.132717499489074
8	-13.518978823915013
9	-13.634019863230044
10	-13.464389646259633
11	-13.301163509122656
12	-11.98416120346649
13	-9.9606155846722
14	-7.1361056460805
15	-4.1575249733481705
16	0.0

0	0.0
1	-4.529870540561317
2	-8.043571066231195
3	-10.038998998446369
4	-11.4020243906266
5	-12.643654623352493
6	-13.129870673392931
7	-14.132717499489074
8	-14.100436250446684
9	-13.634019863230044
10	-13.464389646259633
11	-13.301163509122656
12	-11.98416120346649
13	-9.9606155846722
14	-7.1361056460805
15	-4.1575249733481705
16	0.0

0	0.0
1	-4.529870540561317
2	-8.043571066231195
3	-10.038998998446369
4	-11.4020243906266
5	-12.643654623352493
6	-13.129870673392931
7	-14.132717499489074
8	-14.100436250446684
9	-13.984866306478514
10	-13.464389646259633
11	-13.301163509122656
12	-11.98416120346649
13	-9.9606155846722
14	-7.1361056460805
15	-4.1575249733481705
16	0.0

0	0.0
1	-4.529870540561317
2	-8.043571066231195
3	-10.387711141429042
4	-11.4020243906266
5	-12.643654623352493
6	-13.129870673392931
7	-14.132717499489074
8	-14.100436250446684
9	-13.984866306478514
10	-13.464389646259633
11	-13.301163509122656
12	-11.98416120346649
13	-9.9606155846722
14	-7.1361056460805
15	-4.1575249733481705
16	0.0

0	0.0
1	-4.529870540561317
2	-8.043571066231195
3	-10.387711141429042
4	-11.4020243906266
5	-12.643654623352493
6	-13.917483776928986
7	-14.132717499489074
8	-14.100436250446684
9	-13.984866306478514
10	-13.464389646259633
11	-13.301163509122656
12	-11.98416120346649
13	-9.9606155846722
14	-7.1361056460805
15	-4.1575249733481705
16	0.0

0	0.0
1	-4.529870540561317
2	-8.043571066231195
3	-10.387711141429042
4	-11.4020243906266
5	-12.643654623352493
6	-13.917483776928986
7	-14.132717499489074
8	-14.100436250446684
9	-13.984866306478514
10	-14.582731771966301
11	-13.301163509122656
12	-11.98416120346649
13	-9.9606155846722
14	-7.1361056460805
15	-4.1575249733481705
16	0.0

0	0.0
1	-4.529870540561317
2	-8.043571066231195
3	-10.213085080534068
4	-11.4020243906266
5	-12.643654623352493
6	-13.917483776928986
7	-14.132717499489074
8	-14.100436250446684
9	-13.984866306478514
10	-14.582731771966301
11	-13.301163509122656
12	-11.98416120346649
13	-9.9606155846722
14	-7.1361056460805
15	-4.1575249733481705
16	0.0

0	0.0
1	-4.529870540561317
2	-8.043571066231195
3	-10.213085080534068
4	-11.4020243906266
5	-12.643654623352493
6	-13.917483776928986
7	-14.132717499489074
8	-14.100436250446684
9	-15.087816340585128
10	-14.582731771966301
11	-13.301163509122656
12	-11.98416120346649
13	-9.9606155846722
14	-7.1361056460805
15	-4.1575249733481705
16	0.0

0	0.0
1	-4.529870540561317
2	-8.043571066231195
3	-10.213085080534068
4	-11.4020243906266
5	-12.643654623352493
6	-13.917483776928986
7	-14.132717499489074
8	-16.107534702923083
9	-15.087816340585128
10	-14.582731771966301
11	-13.301163509122656
12	-11.98416120346649
13	-9.9606155846722
14	-7.1361056460805
15	-4.1575249733481705
16	0.0

0	0.0
1	-4.529870540561317
2	-8.043571066231195
3	-10.213085080534068
4	-11.4020243906266
5	-12.643654623352493
6	-13.917483776928986
7	-14.132717499489074
8	-16.107534702923083
9	-15.087816340585128
10	-14.582731771966301
11	-13.716755259207996
12	-11.98416120346649
13	-9.9606155846722
14	-7.1361056460805
15	-4.1575249733481705
16	0.0

0	0.0
1	-4.529870540561317
2	-8.043571066231195
3	-10.213085080534068
4	-11.4020243906266
5	-12.643654623352493
6	-13.917483776928986
7	-14.132717499489074
8	-15.343013728845818
9	-15.087816340585128
10	-14.582731771966301
11	-13.716755259207996
12	-11.98416120346649
13	-9.9606155846722
14	-7.1361056460805
15	-4.1575249733481705
16	0.0

0	0.0
1	-4.529870540561317
2	-8.043571066231195
3	-10.213085080534068
4	-12.253698330961626
5	-12.643654623352493
6	-13.917483776928986
7	-14.132717499489074
8	-15.343013728845818
9	-15.087816340585128
10	-14.582731771966301
11	-13.716755259207996
12	-11.98416120346649
13	-9.9606155846722
14	-7.1361056460805
15	-4.1575249733481705
16	0.0

0	0.0
1	-4.529870540561317
2	-8.043571066231195
3	-10.213085080534068
4	-12.253698330961626
5	-13.720943214102672
6	-13.917483776928986
7	-14.132717499489074
8	-15.343013728845818
9	-15.087816340585128
10	-14.582731771966301
11	-13.716755259207996
12	-11.98416120346649
13	-9.9606155846722
14	-7.1361056460805
15	-4.1575249733481705
16	0.0

0	0.0
1	-4.529870540561317
2	-8.043571066231195
3	-10.213085080534068
4	-12.253698330961626
5	-13.720943214102672
6	-13.917483776928986
7	-15.292569458420722
8	-15.343013728845818
9	-15.087816340585128
10	-14.582731771966301
11	-13.716755259207996
12	-11.98416120346649
13	-9.9606155846722
14	-7.1361056460805
15	-4.1575249733481705
16	0.0

0	0.0
1	-4.529870540561317
2	-8.043571066231195
3	-10.213085080534068
4	-12.253698330961626
5	-13.720943214102672
6	-13.917483776928986
7	-15.292569458420722
8	-15.343013728845818
9	-15.087816340585128
10	-14.615868878362061
11	-13.716755259207996
12	-11.98416120346649
13	-9.9606155846722
14	-7.1361056460805
15	-4.1575249733481705
16	0.0

0	0.0
1	-4.529870540561317
2	-8.043571066231195
3	-10.56210602423712
4	-12.253698330961626
5	-13.720943214102672
6	-13.917483776928986
7	-15.292569458420722
8	-15.343013728845818
9	-15.087816340585128
10	-14.615868878362061
11	-13.716755259207996
12	-11.98416120346649
13	-9.9606155846722
14	-7.1361056460805
15	-4.1575249733481705
16	0.0

0	0.0
1	-4.529870540561317
2	-8.043571066231195
3	-10.56210602423712
4	-12.253698330961626
5	-13.720943214102672
6	-14.887603776741745
7	-15.292569458420722
8	-15.343013728845818
9	-15.087816340585128
10	-14.615868878362061
11	-13.716755259207996
12	-11.98416120346649
13	-9.9606155846722
14	-7.1361056460805
15	-4.1575249733481705
16	0.0

0	0.0
1	-4.529870540561317
2	-8.043571066231195
3	-10.56210602423712
4	-12.253698330961626
5	-13.720943214102672
6	-14.887603776741745
7	-15.383004813963765
8	-15.343013728845818
9	-15.087816340585128
10	-14.615868878362061
11	-13.716755259207996
12	-11.98416120346649
13	-9.9606155846722
14	-7.1361056460805
15	-4.1575249733481705
16	0.0

0	0.0
1	-4.529870540561317
2	-8.043571066231195
3	-10.56210602423712
4	-12.253698330961626
5	-13.873227049342404
6	-14.887603776741745
7	-15.383004813963765
8	-15.343013728845818
9	-15.087816340585128
10	-14.615868878362061
11	-13.716755259207996
12	-11.98416120346649
13	-9.9606155846722
14	-7.1361056460805
15	-4.1575249733481705
16	0.0

0	0.0
1	-4.529870540561317
2	-8.043571066231195
3	-10.56210602423712
4	-12.253698330961626
5	-13.873227049342404
6	-14.887603776741745
7	-15.383004813963765
8	-15.343013728845818
9	-15.087816340585128
10	-14.615868878362061
11	-13.716755259207996
12	-11.98416120346649
13	-9.9606155846722
14	-7.9685162263370675
15	-4.1575249733481705
16	0.0

0	0.0
1	-4.529870540561317
2	-8.043571066231195
3	-10.56210602423712
4	-12.253698330961626
5	-13.873227049342404
6	-14.887603776741745
7	-15.383004813963765
8	-15.343013728845818
9	-15.087816340585128
10	-14.615868878362061
11	-13.716755259207996
12	-11.98416120346649
13	-9.9606155846722
14	-7.9685162263370675
15	-4.625480278936358
16	0.0

0	0.0
1	-4.529870540561317
2	-8.043571066231195
3	-10.56210602423712
4	-12.253698330961626
5	-13.873227049342404
6	-14.887603776741745
7	-15.383004813963765
8	-15.343013728845818
9	-15.087816340585128
10	-14.615868878362061
11	-13.716755259207996
12	-11.98416120346649
13	-10.32754282853569
14	-7.9685162263370675
15	-4.625480278936358
16	0.0

0	0.0
1	-4.529870540561317
2	-8.043571066231195
3	-10.56210602423712
4	-12.253698330961626
5	-13.873227049342404
6	-14.887603776741745
7	-15.383004813963765
8	-15.343013728845818
9	-15.087816340585128
10	-14.648192689692866
11	-13.716755259207996
12	-11.98416120346649
13	-10.32754282853569
14	-7.9685162263370675
15	-4.625480278936358
16	0.0

0	0.0
1	-4.529870540561317
2	-8.043571066231195
3	-10.56210602423712
4	-12.253698330961626
5	-13.873227049342404
6	-14.887603776741745
7	-15.383004813963765
8	-15.343013728845818
9	-15.087816340585128
10	-14.648192689692866
11	-13.716755259207996
12	-12.330443148954808
13	-10.32754282853569
14	-7.9685162263370675
15	-4.625480278936358
16	0.0

0	0.0
1	-4.529870540561317
2	-8.043571066231195
3	-10.56210602423712
4	-12.253698330961626
5	-13.873227049342404
6	-14.887603776741745
7	-15.383004813963765
8	-15.343013728845818
9	-15.087816340585128
10	-14.648192689692866
11	-13.716755259207996
12	-12.656457510373878
13	-10.32754282853569
14	-7.9685162263370675
15	-4.625480278936358
16	0.0

0	0.0
1	-4.529870540561317
2	-8.043571066231195
3	-10.632125367302383
4	-12.253698330961626
5	-13.873227049342404
6	-14.887603776741745
7	-15.383004813963765
8	-15.343013728845818
9	-15.087816340585128
10	-14.648192689692866
11	-13.716755259207996
12	-12.656457510373878
13	-10.32754282853569
14	-7.9685162263370675
15	-4.625480278936358
16	0.0

0	0.0
1	-4.529870540561317
2	-8.043571066231195
3	-10.632125367302383
4	-12.253698330961626
5	-13.873227049342404
6	-14.887603776741745
7	-15.383004813963765
8	-15.732084697498362
9	-15.087816340585128
10	-14.648192689692866
11	-13.716755259207996
12	-12.656457510373878
13	-10.32754282853569
14	-7.9685162263370675
15	-4.625480278936358
16	0.0

0	0.0
1	-4.529870540561317
2	-8.043571066231195
3	-10.632125367302383
4	-12.253698330961626
5	-13.873227049342404
6	-14.887603776741745
7	-15.383004813963765
8	-15.732084697498362
9	-15.087816340585128
10	-15.022884157139714
11	-13.716755259207996
12	-12.656457510373878
13	-10.32754282853569
14	-7.9685162263370675
15	-4.625480278936358
16	0.0

0	0.0
1	-4.529870540561317
2	-8.043571066231195
3	-10.632125367302383
4	-12.939632252370135
5	-13.873227049342404
6	-14.887603776741745
7	-15.383004813963765
8	-15.732084697498362
9	-15.087816340585128
10	-15.022884157139714
11	-13.716755259207996
12	-12.656457510373878
13	-10.32754282853569
14	-7.9685162263370675
15	-4.625480278936358
16	0.0

0	0.0
1	-4.529870540561317
2	-8.043571066231195
3	-10.632125367302383
4	-12.939632252370135
5	-13.873227049342404
6	-14.887603776741745
7	-15.8875789525132
8	-15.732084697498362
9	-15.087816340585128
10	-15.022884157139714
11	-13.716755259207996
12	-12.656457510373878
13	-10.32754282853569
14	-7.9685162263370675
15	-4.625480278936358
16	0.0

0	0.0
1	-4.529870540561317
2	-8.043571066231195
3	-10.632125367302383
4	-12.939632252370135
5	-13.873227049342404
6	-14.887603776741745
7	-15.8875789525132
8	-15.732084697498362
9	-16.23203579490938
10	-15.022884157139714
11	-13.716755259207996
12	-12.656457510373878
13	-10.32754282853569
14	-7.9685162263370675
15	-4.625480278936358
16	0.0

0	0.0
1	-4.529870540561317
2	-8.043571066231195
3	-11.169445247784694
4	-12.939632252370135
5	-13.873227049342404
6	-14.887603776741745
7	-15.8875789525132
8	-15.732084697498362
9	-16.23203579490938
10	-15.022884157139714
11	-13.716755259207996
12	-12.656457510373878
13	-10.32754282853569
14	-7.9685162263370675
15	-4.625480278936358
16	0.0

0	0.0
1	-4.529870540561317
2	-8.043571066231195
3	-11.169445247784694
4	-12.939632252370135
5	-13.873227049342404
6	-14.887603776741745
7	-15.8875789525132
8	-16.134993092346125
9	-16.23203579490938
10	-15.022884157139714
11	-13.716755259207996
12	-12.656457510373878
13	-10.32754282853569
14	-7.9685162263370675
15	-4.625480278936358
16	0.0

0	0.0
1	-4.529870540561317
2	-8.043571066231195
3	-11.169445247784694
4	-12.939632252370135
5	-13.873227049342404
6	-14.887603776741745
7	-15.8875789525132
8	-16.134993092346125
9	-16.23203579490938
10	-15.022884157139714
11	-13.889664061256735
12	-12.656457510373878
13	-10.32754282853569
14	-7.9685162263370675
15	-4.625480278936358
16	0.0

0	0.0
1	-4.529870540561317
2	-8.043571066231195
3	-11.169445247784694
4	-12.939632252370135
5	-13.873227049342404
6	-14.887603776741745
7	-15.8875789525132
8	-16.134993092346125
9	-16.23203579490938
10	-15.022884157139714
11	-13.889664061256735
12	-12.656457510373878
13	-10.97293220356833
14	-7.9685162263370675
15	-4.625480278936358
16	0.0

0	0.0
1	-4.529870540561317
2	-8.043571066231195
3	-11.169445247784694
4	-12.939632252370135
5	-13.873227049342404
6	-14.887603776741745
7	-15.8875789525132
8	-16.134993092346125
9	-16.23203579490938
10	-15.563536050429612
11	-13.889664061256735
12	-12.656457510373878
13	-10.97293220356833
14	-7.9685162263370675
15	-4.625480278936358
16	0.0

0	0.0
1	-4.529870540561317
2	-8.043571066231195
3	-11.169445247784694
4	-12.939632252370135
5	-13.873227049342404
6	-14.887603776741745
7	-15.8875789525132
8	-16.134993092346125
9	-16.23203579490938
10	-15.563536050429612
11	-13.889664061256735
12	-12.656457510373878
13	-10.89577629561472
14	-7.9685162263370675
15	-4.625480278936358
16	0.0

0	0.0
1	-4.529870540561317
2	-8.043571066231195
3	-11.169445247784694
4	-12.939632252370135
5	-14.72579940790132
6	-14.887603776741745
7	-15.8875789525132
8	-16.134993092346125
9	-16.23203579490938
10	-15.563536050429612
11	-13.889664061256735
12	-12.656457510373878
13	-10.89577629561472
14	-7.9685162263370675
15	-4.625480278936358
16	0.0

0	0.0
1	-4.529870540561317
2	-8.043571066231195
3	-11.169445247784694
4	-12.939632252370135
5	-14.72579940790132
6	-14.887603776741745
7	-15.8875789525132
8	-16.134993092346125
9	-16.23203579490938
10	-15.563536050429612
11	-14.632652771549822
12	-12.656457510373878
13	-10.89577629561472
14	-7.9685162263370675
15	-4.625480278936358
16	0.0

0	0.0
1	-4.529870540561317
2	-8.043571066231195
3	-11.169445247784694
4	-12.939632252370135
5	-14.72579940790132
6	-16.1081664954383
7	-15.8875789525132
8	-16.134993092346125
9	-16.23203579490938
10	-15.563536050429612
11	-14.632652771549822
12	-12.656457510373878
13	-10.89577629561472
14	-7.9685162263370675
15	-4.625480278936358
16	0.0

0	0.0
1	-4.529870540561317
2	-8.263666044192775
3	-11.169445247784694
4	-12.939632252370135
5	-14.72579940790132
6	-16.1081664954383
7	-15.8875789525132
8	-16.134993092346125
9	-16.23203579490938
10	-15.563536050429612
11	-14.632652771549822
12	-12.656457510373878
13	-10.89577629561472
14	-7.9685162263370675
15	-4.625480278936358
16	0.0

0	0.0
1	-4.529870540561317
2	-8.263666044192775
3	-11.169445247784694
4	-12.939632252370135
5	-14.72579940790132
6	-16.1081664954383
7	-15.8875789525132
8	-16.580537056569494
9	-16.23203579490938
10	-15.563536050429612
11	-14.632652771549822
12	-12.656457510373878
13	-10.89577629561472
14	-7.9685162263370675
15	-4.625480278936358
16	0.0

0	0.0
1	-4.529870540561317
2	-8.263666044192775
3	-11.169445247784694
4	-12.939632252370135
5	-14.72579940790132
6	-16.1081664954383
7	-15.8875789525132
8	-16.580537056569494
9	-16.23203579490938
10	-15.563536050429612
11	-14.632652771549822
12	-12.738350610430892
13	-10.89577629561472
14	-7.9685162263370675
15	-4.625480278936358
16	0.0

0	0.0
1	-4.529870540561317
2	-8.263666044192775
3	-11.169445247784694
4	-12.939632252370135
5	-14.72579940790132
6	-16.1081664954383
7	-15.8875789525132
8	-16.580537056569494
9	-16.23203579490938
10	-15.6136816379983
11	-14.632652771549822
12	-12.738350610430892
13	-10.89577629561472
14	-7.9685162263370675
15	-4.625480278936358
16	0.0

0	0.0
1	-4.529870540561317
2	-8.263666044192775
3	-11.169445247784694
4	-13.343708891425011
5	-14.72579940790132
6	-16.1081664954383
7	-15.8875789525132
8	-16.580537056569494
9	-16.23203579490938
10	-15.6136816379983
11	-14.632652771549822
12	-12.738350610430892
13	-10.89577629561472
14	-7.9685162263370675
15	-4.625480278936358
16	0.0

0	0.0
1	-4.529870540561317
2	-8.263666044192775
3	-11.169445247784694
4	-13.343708891425011
5	-14.72579940790132
6	-16.1081664954383
7	-15.8875789525132
8	-16.580537056569494
9	-16.23203579490938
10	-15.6136816379983
11	-14.663269271887819
12	-12.738350610430892
13	-10.89577629561472
14	-7.9685162263370675
15	-4.625480278936358
16	0.0

0	0.0
1	-4.529870540561317
2	-8.263666044192775
3	-11.169445247784694
4	-13.343708891425011
5	-14.891275562045497
6	-16.1081664954383
7	-15.8875789525132
8	-16.580537056569494
9	-16.23203579490938
10	-15.6136816379983
11	-14.663269271887819
12	-12.738350610430892
13	-10.89577629561472
14	-7.9685162263370675
15	-4.625480278936358
16	0.0

0	0.0
1	-4.529870540561317
2	-8.263666044192775
3	-11.169445247784694
4	-13.343708891425011
5	-14.891275562045497
6	-16.1081664954383
7	-16.677938808340816
8	-16.580537056569494
9	-16.23203579490938
10	-15.6136816379983
11	-14.663269271887819
12	-12.738350610430892
13	-10.89577629561472
14	-7.9685162263370675
15	-4.625480278936358
16	0.0

0	0.0
1	-4.529870540561317
2	-8.263666044192775
3	-11.169445247784694
4	-13.69197805545764
5	-14.891275562045497
6	-16.1081664954383
7	-16.677938808340816
8	-16.580537056569494
9	-16.23203579490938
10	-15.6136816379983
11	-14.663269271887819
12	-12.738350610430892
13	-10.89577629561472
14	-7.9685162263370675
15	-4.625480278936358
16	0.0

0	0.0
1	-4.529870540561317
2	-8.263666044192775
3	-11.169445247784694
4	-13.69197805545764
5	-15.363490773231902
6	-16.1081664954383
7	-16.677938808340816
8	-16.580537056569494
9	-16.23203579490938
10	-15.6136816379983
11	-14.663269271887819
12	-12.738350610430892
13	-10.89577629561472
14	-7.9685162263370675
15	-4.625480278936358
16	0.0

0	0.0
1	-4.529870540561317
2	-8.263666044192775
3	-11.169445247784694
4	-13.69197805545764
5	-15.363490773231902
6	-16.1081664954383
7	-16.677938808340816
8	-16.580537056569494
9	-16.23203579490938
10	-15.6136816379983
11	-14.663269271887819
12	-12.8666360071877
13	-10.89577629561472
14	-7.9685162263370675
15	-4.625480278936358
16	0.0

0	0.0
1	-4.529870540561317
2	-8.263666044192775
3	-11.370478428689157
4	-13.69197805545764
5	-15.363490773231902
6	-16.1081664954383
7	-16.677938808340816
8	-16.580537056569494
9	-16.23203579490938
10	-15.6136816379983
11	-14.663269271887819
12	-12.8666360071877
13	-10.89577629561472
14	-7.9685162263370675
15	-4.625480278936358
16	0.0

0	0.0
1	-4.529870540561317
2	-8.263666044192775
3	-11.370478428689157
4	-13.69197805545764
5	-15.363490773231902
6	-16.1081664954383
7	-16.677938808340816
8	-16.580537056569494
9	-16.23203579490938
10	-15.6136816379983
11	-14.663269271887819
12	-13.078156740260972
13	-10.89577629561472
14	-7.9685162263370675
15	-4.625480278936358
16	0.0

0	0.0
1	-4.529870540561317
2	-8.263666044192775
3	-11.370478428689157
4	-13.69197805545764
5	-15.363490773231902
6	-16.1081664954383
7	-16.677938808340816
8	-16.580537056569494
9	-16.534552231429515
10	-15.6136816379983
11	-14.663269271887819
12	-13.078156740260972
13	-10.89577629561472
14	-7.9685162263370675
15	-4.625480278936358
16	0.0

0	0.0
1	-4.529870540561317
2	-8.263666044192775
3	-11.370478428689157
4	-13.69197805545764
5	-15.363490773231902
6	-16.1081664954383
7	-16.677938808340816
8	-16.910681147941148
9	-16.534552231429515
10	-15.6136816379983
11	-14.663269271887819
12	-13.078156740260972
13	-10.89577629561472
14	-7.9685162263370675
15	-4.625480278936358
16	0.0

0	0.0
1	-4.529870540561317
2	-8.263666044192775
3	-11.370478428689157
4	-13.69197805545764
5	-15.363490773231902
6	-16.1081664954383
7	-16.677938808340816
8	-16.910681147941148
9	-16.593760331434368
10	-15.6136816379983
11	-14.663269271887819
12	-13.078156740260972
13	-10.89577629561472
14	-7.9685162263370675
15	-4.625480278936358
16	0.0

0	0.0
1	-4.529870540561317
2	-8.263666044192775
3	-11.370478428689157
4	-13.69197805545764
5	-15.363490773231902
6	-16.1081664954383
7	-16.677938808340816
8	-17.084240681052428
9	-16.593760331434368
10	-15.6136816379983
11	-14.663269271887819
12	-13.078156740260972
13	-10.89577629561472
14	-7.9685162263370675
15	-4.625480278936358
16	0.0

0	0.0
1	-4.529870540561317
2	-8.343846810043216
3	-11.370478428689157
4	-13.69197805545764
5	-15.363490773231902
6	-16.1081664954383
7	-16.677938808340816
8	-17.084240681052428
9	-16.593760331434368
10	-15.6136816379983
11	-14.663269271887819
12	-13.078156740260972
13	-10.89577629561472
14	-7.9685162263370675
15	-4.625480278936358
16	0.0

0	0.0
1	-4.529870540561317
2	-8.343846810043216
3	-11.370478428689157
4	-13.69197805545764
5	-15.363490773231902
6	-16.1081664954383
7	-16.677938808340816
8	-17.084240681052428
9	-16.624328224130817
10	-15.6136816379983
11	-14.663269271887819
12	-13.078156740260972
13	-10.89577629561472
14	-7.9685162263370675
15	-4.625480278936358
16	0.0

0	0.0
1	-4.529870540561317
2	-8.343846810043216
3	-11.370478428689157
4	-13.69197805545764
5	-15.363490773231902
6	-16.1081664954383
7	-16.677938808340816
8	-17.084240681052428
9	-16.624328224130817
10	-15.6136816379983
11	-14.663269271887819
12	-13.413367111008071
13	-10.89577629561472
14	-7.9685162263370675
15	-4.625480278936358
16	0.0

0	0.0
1	-4.529870540561317
2	-8.343846810043216
3	-11.370478428689157
4	-13.69197805545764
5	-15.363490773231902
6	-16.1081664954383
7	-16.677938808340816
8	-17.084240681052428
9	-16.892514180192393
10	-15.6136816379983
11	-14.663269271887819
12	-13.413367111008071
13	-10.89577629561472
14	-7.9685162263370675
15	-4.625480278936358
16	0.0

0	0.0
1	-4.529870540561317
2	-8.343846810043216
3	-11.446664895429333
4	-13.69197805545764
5	-15.363490773231902
6	-16.1081664954383
7	-16.677938808340816
8	-17.084240681052428
9	-16.892514180192393
10	-15.6136816379983
11	-14.663269271887819
12	-13.413367111008071
13	-10.89577629561472
14	-7.9685162263370675
15	-4.625480278936358
16	0.0

0	0.0
1	-4.529870540561317
2	-8.343846810043216
3	-11.446664895429333
4	-13.69197805545764
5	-15.363490773231902
6	-16.250060645268082
7	-16.677938808340816
8	-17.084240681052428
9	-16.892514180192393
10	-15.6136816379983
11	-14.663269271887819
12	-13.413367111008071
13	-10.89577629561472
14	-7.9685162263370675
15	-4.625480278936358
16	0.0

0	0.0
1	-4.529870540561317
2	-8.343846810043216
3	-11.446664895429333
4	-13.69197805545764
5	-15.363490773231902
6	-16.250060645268082
7	-16.677938808340816
8	-17.084240681052428
9	-16.892514180192393
10	-15.6136816379983
11	-14.663269271887819
12	-13.395635845403914
13	-10.89577629561472
14	-7.9685162263370675
15	-4.625480278936358
16	0.0

0	0.0
1	-4.529870540561317
2	-8.343846810043216
3	-11.446664895429333
4	-13.69197805545764
5	-15.363490773231902
6	-16.250060645268082
7	-16.677938808340816
8	-17.084240681052428
9	-16.892514180192393
10	-15.6136816379983
11	-14.663269271887819
12	-13.395635845403914
13	-10.89577629561472
14	-7.9685162263370675
15	-4.460664463666113
16	0.0

0	0.0
1	-4.529870540561317
2	-8.343846810043216
3	-11.446664895429333
4	-13.69197805545764
5	-15.363490773231902
6	-16.266929827635977
7	-16.677938808340816
8	-17.084240681052428
9	-16.892514180192393
10	-15.6136816379983
11	-14.663269271887819
12	-13.395635845403914
13	-10.89577629561472
14	-7.9685162263370675
15	-4.460664463666113
16	0.0

0	0.0
1	-4.529870540561317
2	-8.343846810043216
3	-11.446664895429333
4	-13.89628085489654
5	-15.363490773231902
6	-16.266929827635977
7	-16.677938808340816
8	-17.084240681052428
9	-16.892514180192393
10	-15.6136816379983
11	-14.663269271887819
12	-13.395635845403914
13	-10.89577629561472
14	-7.9685162263370675
15	-4.460664463666113
16	0.0

0	0.0
1	-4.529870540561317
2	-8.343846810043216
3	-11.446664895429333
4	-13.89628085489654
5	-15.363490773231902
6	-16.266929827635977
7	-16.677938808340816
8	-17.084240681052428
9	-16.892514180192393
10	-15.6136816379983
11	-14.663269271887819
12	-13.395635845403914
13	-10.89577629561472
14	-8.273696566826985
15	-4.460664463666113
16	0.0

0	0.0
1	-4.529870540561317
2	-8.343846810043216
3	-11.446664895429333
4	-13.89628085489654
5	-15.363490773231902
6	-16.266929827635977
7	-17.23301666130432
8	-17.084240681052428
9	-16.892514180192393
10	-15.6136816379983
11	-14.663269271887819
12	-13.395635845403914
13	-10.89577629561472
14	-8.273696566826985
15	-4.460664463666113
16	0.0

0	0.0
1	-4.529870540561317
2	-8.343846810043216
3	-11.700297546408876
4	-13.89628085489654
5	-15.363490773231902
6	-16.266929827635977
7	-17.23301666130432
8	-17.084240681052428
9	-16.892514180192393
10	-15.6136816379983
11	-14.663269271887819
12	-13.395635845403914
13	-10.89577629561472
14	-8.273696566826985
15	-4.460664463666113
16	0.0

0	0.0
1	-4.529870540561317
2	-8.343846810043216
3	-11.700297546408876
4	-13.89628085489654
5	-15.363490773231902
6	-16.266929827635977
7	-17.23301666130432
8	-17.197816344993896
9	-16.892514180192393
10	-15.6136816379983
11	-14.663269271887819
12	-13.395635845403914
13	-10.89577629561472
14	-8.273696566826985
15	-4.460664463666113
16	0.0

0	0.0
1	-4.529870540561317
2	-8.343846810043216
3	-11.700297546408876
4	-13.89628085489654
5	-15.363490773231902
6	-16.691187614374478
7	-17.23301666130432
8	-17.197816344993896
9	-16.892514180192393
10	-15.6136816379983
11	-14.663269271887819
12	-13.395635845403914
13	-10.89577629561472
14	-8.273696566826985
15	-4.460664463666113
16	0.0

0	0.0
1	-4.529870540561317
2	-8.343846810043216
3	-11.700297546408876
4	-13.89628085489654
5	-15.363490773231902
6	-16.691187614374478
7	-17.23301666130432
8	-17.197816344993896
9	-16.892514180192393
10	-15.6136816379983
11	-14.663269271887819
12	-13.395635845403914
13	-11.088065319045572
14	-8.273696566826985
15	-4.460664463666113
16	0.0

0	0.0
1	-4.529870540561317
2	-8.343846810043216
3	-11.700297546408876
4	-14.144082384331963
5	-15.363490773231902
6	-16.691187614374478
7	-17.23301666130432
8	-17.197816344993896
9	-16.892514180192393
10	-15.6136816379983
11	-14.663269271887819
12	-13.395635845403914
13	-11.088065319045572
14	-8.273696566826985
15	-4.460664463666113
16	0.0

0	0.0
1	-4.529870540561317
2	-8.343846810043216
3	-11.700297546408876
4	-14.144082384331963
5	-15.363490773231902
6	-16.691187614374478
7	-17.23301666130432
8	-17.613377902251813
9	-16.892514180192393
10	-15.6136816379983
11	-14.663269271887819
12	-13.395635845403914
13	-11.088065319045572
14	-8.273696566826985
15	-4.460664463666113
16	0.0

0	0.0
1	-4.529870540561317
2	-8.343846810043216
3	-11.700297546408876
4	-14.144082384331963
5	-15.363490773231902
6	-16.691187614374478
7	-17.23301666130432
8	-17.613377902251813
9	-16.892514180192393
10	-15.6136816379983
11	-15.043335563856473
12	-13.395635845403914
13	-11.088065319045572
14	-8.273696566826985
15	-4.460664463666113
16	0.0

0	0.0
1	-4.529870540561317
2	-8.343846810043216
3	-11.700297546408876
4	-14.144082384331963
5	-15.363490773231902
6	-16.691187614374478
7	-17.23301666130432
8	-17.613377902251813
9	-16.892514180192393
10	-16.427219829708648
11	-15.043335563856473
12	-13.395635845403914
13	-11.088065319045572
14	-8.273696566826985
15	-4.460664463666113
16	0.0

0	0.0
1	-4.529870540561317
2	-8.343846810043216
3	-11.764885716233994
4	-14.144082384331963
5	-15.363490773231902
6	-16.691187614374478
7	-17.23301666130432
8	-17.613377902251813
9	-16.892514180192393
10	-16.427219829708648
11	-15.043335563856473
12	-13.395635845403914
13	-11.088065319045572
14	-8.273696566826985
15	-4.460664463666113
16	0.0

0	0.0
1	-4.529870540561317
2	-8.343846810043216
3	-11.764885716233994
4	-14.144082384331963
5	-15.363490773231902
6	-16.691187614374478
7	-17.23301666130432
8	-17.613377902251813
9	-16.892514180192393
10	-16.427219829708648
11	-15.295994593908958
12	-13.395635845403914
13	-11.088065319045572
14	-8.273696566826985
15	-4.460664463666113
16	0.0

0	0.0
1	-4.529870540561317
2	-8.600326575573899
3	-11.764885716233994
4	-14.144082384331963
5	-15.363490773231902
6	-16.691187614374478
7	-17.23301666130432
8	-17.613377902251813
9	-16.892514180192393
10	-16.427219829708648
11	-15.295994593908958
12	-13.395635845403914
13	-11.088065319045572
14	-8.273696566826985
15	-4.460664463666113
16	0.0

0	0.0
1	-4.529870540561317
2	-8.600326575573899
3	-11.764885716233994
4	-14.144082384331963
5	-15.363490773231902
6	-16.691187614374478
7	-17.23301666130432
8	-17.613377902251813
9	-16.953512488229396
10	-16.427219829708648
11	-15.295994593908958
12	-13.395635845403914
13	-11.088065319045572
14	-8.273696566826985
15	-4.460664463666113
16	0.0

0	0.0
1	-4.529870540561317
2	-8.600326575573899
3	-11.764885716233994
4	-14.144082384331963
5	-15.363490773231902
6	-16.691187614374478
7	-17.23301666130432
8	-17.613377902251813
9	-16.953512488229396
10	-16.661398758601447
11	-15.295994593908958
12	-13.395635845403914
13	-11.088065319045572
14	-8.273696566826985
15	-4.460664463666113
16	0.0

0	0.0
1	-4.529870540561317
2	-8.600326575573899
3	-11.764885716233994
4	-14.144082384331963
5	-15.363490773231902
6	-16.691187614374478
7	-17.23301666130432
8	-17.613377902251813
9	-17.24889083454042
10	-16.661398758601447
11	-15.295994593908958
12	-13.395635845403914
13	-11.088065319045572
14	-8.273696566826985
15	-4.460664463666113
16	0.0

0	0.0
1	-4.529870540561317
2	-8.600326575573899
3	-11.764885716233994
4	-13.988879732119774
5	-15.363490773231902
6	-16.691187614374478
7	-17.23301666130432
8	-17.613377902251813
9	-17.24889083454042
10	-16.661398758601447
11	-15.295994593908958
12	-13.395635845403914
13	-11.088065319045572
14	-8.273696566826985
15	-4.460664463666113
16	0.0

0	0.0
1	-4.529870540561317
2	-8.600326575573899
3	-11.764885716233994
4	-13.988879732119774
5	-15.363490773231902
6	-16.691187614374478
7	-17.23301666130432
8	-17.613377902251813
9	-17.566583077513542
10	-16.661398758601447
11	-15.295994593908958
12	-13.395635845403914
13	-11.088065319045572
14	-8.273696566826985
15	-4.460664463666113
16	0.0

0	0.0
1	-4.529870540561317
2	-8.600326575573899
3	-11.764885716233994
4	-13.988879732119774
5	-15.363490773231902
6	-16.691187614374478
7	-17.23301666130432
8	-17.613377902251813
9	-17.566583077513542
10	-16.661398758601447
11	-15.295994593908958
12	-13.876691587149235
13	-11.088065319045572
14	-8.273696566826985
15	-4.460664463666113
16	0.0

0	0.0
1	-4.529870540561317
2	-8.600326575573899
3	-11.764885716233994
4	-13.988879732119774
5	-15.363490773231902
6	-16.691187614374478
7	-17.23301666130432
8	-17.613377902251813
9	-17.566583077513542
10	-16.661398758601447
11	-15.295994593908958
12	-13.876691587149235
13	-11.088065319045572
14	-8.273696566826985
15	-4.650186811996358
16	0.0

0	0.0
1	-4.529870540561317
2	-8.600326575573899
3	-11.764885716233994
4	-13.988879732119774
5	-15.363490773231902
6	-16.691187614374478
7	-17.599878601366
8	-17.613377902251813
9	-17.566583077513542
10	-16.661398758601447
11	-15.295994593908958
12	-13.876691587149235
13	-11.088065319045572
14	-8.273696566826985
15	-4.650186811996358
16	0.0

0	0.0
1	-4.529870540561317
2	-8.600326575573899
3	-11.764885716233994
4	-13.988879732119774
5	-15.363490773231902
6	-16.691187614374478
7	-17.599878601366
8	-17.77592079842301
9	-17.566583077513542
10	-16.661398758601447
11	-15.295994593908958
12	-13.876691587149235
13	-11.088065319045572
14	-8.273696566826985
15	-4.650186811996358
16	0.0

0	0.0
1	-4.529870540561317
2	-8.600326575573899
3	-11.764885716233994
4	-13.988879732119774
5	-15.363490773231902
6	-16.691187614374478
7	-17.599878601366
8	-17.77592079842301
9	-17.566583077513542
10	-16.835353971018172
11	-15.295994593908958
12	-13.876691587149235
13	-11.088065319045572
14	-8.273696566826985
15	-4.650186811996358
16	0.0

0	0.0
1	-4.529870540561317
2	-8.600326575573899
3	-11.764885716233994
4	-13.988879732119774
5	-15.363490773231902
6	-16.691187614374478
7	-17.599878601366
8	-17.77592079842301
9	-17.566583077513542
10	-16.835353971018172
11	-15.295994593908958
12	-13.524955485772516
13	-11.088065319045572
14	-8.273696566826985
15	-4.650186811996358
16	0.0

0	0.0
1	-4.529870540561317
2	-8.600326575573899
3	-11.764885716233994
4	-13.988879732119774
5	-16.085174782140122
6	-16.691187614374478
7	-17.599878601366
8	-17.77592079842301
9	-17.566583077513542
10	-16.835353971018172
11	-15.295994593908958
12	-13.524955485772516
13	-11.088065319045572
14	-8.273696566826985
15	-4.650186811996358
16	0.0

0	0.0
1	-4.529870540561317
2	-8.600326575573899
3	-11.764885716233994
4	-13.988879732119774
5	-16.085174782140122
6	-16.691187614374478
7	-17.599878601366
8	-17.77592079842301
9	-17.566583077513542
10	-16.835353971018172
11	-15.295994593908958
12	-13.524955485772516
13	-11.272958062559294
14	-8.273696566826985
15	-4.650186811996358
16	0.0

0	0.0
1	-4.529870540561317
2	-8.600326575573899
3	-11.764885716233994
4	-13.988879732119774
5	-16.085174782140122
6	-16.691187614374478
7	-17.599878601366
8	-17.77592079842301
9	-17.566583077513542
10	-16.835353971018172
11	-15.295994593908958
12	-13.524955485772516
13	-11.344600364484801
14	-8.273696566826985
15	-4.650186811996358
16	0.0

0	0.0
1	-4.529870540561317
2	-8.600326575573899
3	-11.764885716233994
4	-14.021573420802111
5	-16.085174782140122
6	-16.691187614374478
7	-17.599878601366
8	-17.77592079842301
9	-17.566583077513542
10	-16.835353971018172
11	-15.295994593908958
12	-13.524955485772516
13	-11.344600364484801
14	-8.273696566826985
15	-4.650186811996358
16	0.0

0	0.0
1	-4.529870540561317
2	-8.600326575573899
3	-11.764885716233994
4	-14.021573420802111
5	-16.085174782140122
6	-16.691187614374478
7	-17.599878601366
8	-17.77592079842301
9	-17.678299564467757
10	-16.835353971018172
11	-15.295994593908958
12	-13.524955485772516
13	-11.344600364484801
14	-8.273696566826985
15	-4.650186811996358
16	0.0

0	0.0
1	-4.529870540561317
2	-8.600326575573899
3	-11.764885716233994
4	-14.021573420802111
5	-16.085174782140122
6	-16.691187614374478
7	-17.599878601366
8	-17.77592079842301
9	-17.678299564467757
10	-17.06139965872355
11	-15.295994593908958
12	-13.524955485772516
13	-11.344600364484801
14	-8.273696566826985
15	-4.650186811996358
16	0.0

0	0.0
1	-4.529870540561317
2	-8.600326575573899
3	-11.764885716233994
4	-14.767548112691651
5	-16.085174782140122
6	-16.691187614374478
7	-17.599878601366
8	-17.77592079842301
9	-17.678299564467757
10	-17.06139965872355
11	-15.295994593908958
12	-13.524955485772516
13	-11.344600364484801
14	-8.273696566826985
15	-4.650186811996358
16	0.0

0	0.0
1	-4.529870540561317
2	-8.600326575573899
3	-11.764885716233994
4	-14.767548112691651
5	-16.085174782140122
6	-16.691187614374478
7	-17.599878601366
8	-17.77592079842301
9	-17.678299564467757
10	-17.06139965872355
11	-16.158573068704072
12	-13.524955485772516
13	-11.344600364484801
14	-8.273696566826985
15	-4.650186811996358
16	0.0

0	0.0
1	-4.529870540561317
2	-8.600326575573899
3	-11.764885716233994
4	-14.604989637392066
5	-16.085174782140122
6	-16.691187614374478
7	-17.599878601366
8	-17.77592079842301
9	-17.678299564467757
10	-17.06139965872355
11	-16.158573068704072
12	-13.524955485772516
13	-11.344600364484801
14	-8.273696566826985
15	-4.650186811996358
16	0.0

0	0.0
1	-4.529870540561317
2	-8.600326575573899
3	-12.211886566464472
4	-14.604989637392066
5	-16.085174782140122
6	-16.691187614374478
7	-17.599878601366
8	-17.77592079842301
9	-17.678299564467757
10	-17.06139965872355
11	-16.158573068704072
12	-13.524955485772516
13	-11.344600364484801
14	-8.273696566826985
15	-4.650186811996358
16	0.0

0	0.0
1	-4.529870540561317
2	-8.600326575573899
3	-12.211886566464472
4	-14.604989637392066
5	-16.085174782140122
6	-16.691187614374478
7	-17.599878601366
8	-17.77592079842301
9	-17.678299564467757
10	-17.06139965872355
11	-16.158573068704072
12	-13.625870829801624
13	-11.344600364484801
14	-8.273696566826985
15	-4.650186811996358
16	0.0

0	0.0
1	-4.529870540561317
2	-8.600326575573899
3	-12.211886566464472
4	-14.604989637392066
5	-16.085174782140122
6	-16.691187614374478
7	-17.599878601366
8	-17.77592079842301
9	-17.678299564467757
10	-17.06139965872355
11	-16.158573068704072
12	-14.336065291896908
13	-11.344600364484801
14	-8.273696566826985
15	-4.650186811996358
16	0.0

0	0.0
1	-4.529870540561317
2	-8.600326575573899
3	-12.211886566464472
4	-14.604989637392066
5	-16.085174782140122
6	-16.691187614374478
7	-17.853207559228213
8	-17.77592079842301
9	-17.678299564467757
10	-17.06139965872355
11	-16.158573068704072
12	-14.336065291896908
13	-11.344600364484801
14	-8.273696566826985
15	-4.650186811996358
16	0.0

0	0.0
1	-4.529870540561317
2	-8.92188894305784
3	-12.211886566464472
4	-14.604989637392066
5	-16.085174782140122
6	-16.691187614374478
7	-17.853207559228213
8	-17.77592079842301
9	-17.678299564467757
10	-17.06139965872355
11	-16.158573068704072
12	-14.336065291896908
13	-11.344600364484801
14	-8.273696566826985
15	-4.650186811996358
16	0.0

0	0.0
1	-4.529870540561317
2	-8.92188894305784
3	-12.211886566464472
4	-14.619812536862426
5	-16.085174782140122
6	-16.691187614374478
7	-17.853207559228213
8	-17.77592079842301
9	-17.678299564467757
10	-17.06139965872355
11	-16.158573068704072
12	-14.336065291896908
13	-11.344600364484801
14	-8.273696566826985
15	-4.650186811996358
16	0.0

0	0.0
1	-4.529870540561317
2	-8.92188894305784
3	-12.211886566464472
4	-14.619812536862426
5	-16.085174782140122
6	-16.691187614374478
7	-17.853207559228213
8	-17.77592079842301
9	-17.678299564467757
10	-17.06139965872355
11	-16.16632979439715
12	-14.336065291896908
13	-11.344600364484801
14	-8.273696566826985
15	-4.650186811996358
16	0.0

0	0.0
1	-4.529870540561317
2	-8.92188894305784
3	-12.211886566464472
4	-14.619812536862426
5	-16.085174782140122
6	-16.691187614374478
7	-17.853207559228213
8	-17.77592079842301
9	-17.678299564467757
10	-17.06139965872355
11	-16.16632979439715
12	-14.336065291896908
13	-11.344600364484801
14	-8.363546903733146
15	-4.650186811996358
16	0.0

0	0.0
1	-4.529870540561317
2	-8.92188894305784
3	-12.211886566464472
4	-14.619812536862426
5	-16.085174782140122
6	-16.691187614374478
7	-17.853207559228213
8	-17.77592079842301
9	-17.678299564467757
10	-17.06139965872355
11	-16.16632979439715
12	-14.204288203700594
13	-11.344600364484801
14	-8.363546903733146
15	-4.650186811996358
16	0.0

0	0.0
1	-4.529870540561317
2	-8.92188894305784
3	-12.211886566464472
4	-14.619812536862426
5	-16.085174782140122
6	-16.691187614374478
7	-17.853207559228213
8	-17.77592079842301
9	-17.678299564467757
10	-17.06139965872355
11	-16.15881036018107
12	-14.204288203700594
13	-11.344600364484801
14	-8.363546903733146
15	-4.650186811996358
16	0.0

0	0.0
1	-4.529870540561317
2	-8.92188894305784
3	-12.211886566464472
4	-14.619812536862426
5	-16.085174782140122
6	-16.691187614374478
7	-17.65268373844031
8	-17.77592079842301
9	-17.678299564467757
10	-17.06139965872355
11	-16.15881036018107
12	-14.204288203700594
13	-11.344600364484801
14	-8.363546903733146
15	-4.650186811996358
16	0.0

0	0.0
1	-4.529870540561317
2	-8.92188894305784
3	-12.211886566464472
4	-14.619812536862426
5	-16.085174782140122
6	-16.691187614374478
7	-17.65268373844031
8	-17.77592079842301
9	-17.678299564467757
10	-17.06139965872355
11	-16.15881036018107
12	-14.204288203700594
13	-12.038139884950478
14	-8.363546903733146
15	-4.650186811996358
16	0.0

0	0.0
1	-4.529870540561317
2	-8.92188894305784
3	-12.211886566464472
4	-14.619812536862426
5	-16.085174782140122
6	-17.437035110324725
7	-17.65268373844031
8	-17.77592079842301
9	-17.678299564467757
10	-17.06139965872355
11	-16.15881036018107
12	-14.204288203700594
13	-12.038139884950478
14	-8.363546903733146
15	-4.650186811996358
16	0.0

0	0.0
1	-4.529870540561317
2	-8.92188894305784
3	-12.211886566464472
4	-14.619812536862426
5	-16.674862766156604
6	-17.437035110324725
7	-17.65268373844031
8	-17.77592079842301
9	-17.678299564467757
10	-17.06139965872355
11	-16.15881036018107
12	-14.204288203700594
13	-12.038139884950478
14	-8.363546903733146
15	-4.650186811996358
16	0.0

0	0.0
1	-4.529870540561317
2	-8.92188894305784
3	-12.211886566464472
4	-14.619812536862426
5	-16.674862766156604
6	-17.437035110324725
7	-17.65268373844031
8	-17.77592079842301
9	-17.678299564467757
10	-17.06139965872355
11	-16.15881036018107
12	-14.546595556365643
13	-12.038139884950478
14	-8.363546903733146
15	-4.650186811996358
16	0.0

0	0.0
1	-4.529870540561317
2	-8.92188894305784
3	-12.211886566464472
4	-14.619812536862426
5	-16.674862766156604
6	-17.437035110324725
7	-17.922969736546982
8	-17.77592079842301
9	-17.678299564467757
10	-17.06139965872355
11	-16.15881036018107
12	-14.546595556365643
13	-12.038139884950478
14	-8.363546903733146
15	-4.650186811996358
16	0.0

0	0.0
1	-4.852052761510423
2	-8.92188894305784
3	-12.211886566464472
4	-14.619812536862426
5	-16.674862766156604
6	-17.437035110324725
7	-17.922969736546982
8	-17.77592079842301
9	-17.678299564467757
10	-17.06139965872355
11	-16.15881036018107
12	-14.546595556365643
13	-12.038139884950478
14	-8.363546903733146
15	-4.650186811996358
16	0.0

0	0.0
1	-4.852052761510423
2	-8.92188894305784
3	-12.211886566464472
4	-14.619812536862426
5	-16.674862766156604
6	-17.437035110324725
7	-17.922969736546982
8	-17.77592079842301
9	-17.909263943031387
10	-17.06139965872355
11	-16.15881036018107
12	-14.546595556365643
13	-12.038139884950478
14	-8.363546903733146
15	-4.650186811996358
16	0.0

0	0.0
1	-4.852052761510423
2	-8.92188894305784
3	-12.211886566464472
4	-14.619812536862426
5	-16.674862766156604
6	-17.437035110324725
7	-17.922969736546982
8	-17.77592079842301
9	-17.909263943031387
10	-17.316830926927203
11	-16.15881036018107
12	-14.546595556365643
13	-12.038139884950478
14	-8.363546903733146
15	-4.650186811996358
16	0.0

0	0.0
1	-4.852052761510423
2	-8.92188894305784
3	-12.211886566464472
4	-14.651936885880678
5	-16.674862766156604
6	-17.437035110324725
7	-17.922969736546982
8	-17.77592079842301
9	-17.909263943031387
10	-17.316830926927203
11	-16.15881036018107
12	-14.546595556365643
13	-12.038139884950478
14	-8.363546903733146
15	-4.650186811996358
16	0.0

0	0.0
1	-4.852052761510423
2	-8.92188894305784
3	-12.211886566464472
4	-14.651936885880678
5	-16.674862766156604
6	-17.437035110324725
7	-17.922969736546982
8	-17.77592079842301
9	-17.909263943031387
10	-17.316830926927203
11	-16.15881036018107
12	-14.546595556365643
13	-12.038139884950478
14	-8.856024318074425
15	-4.650186811996358
16	0.0

0	0.0
1	-4.852052761510423
2	-8.92188894305784
3	-12.211886566464472
4	-14.651936885880678
5	-16.674862766156604
6	-17.437035110324725
7	-17.922969736546982
8	-17.77592079842301
9	-17.909263943031387
10	-17.512031129540656
11	-16.15881036018107
12	-14.546595556365643
13	-12.038139884950478
14	-8.856024318074425
15	-4.650186811996358
16	0.0

0	0.0
1	-4.852052761510423
2	-8.92188894305784
3	-12.211886566464472
4	-14.651936885880678
5	-16.57933053930794
6	-17.437035110324725
7	-17.922969736546982
8	-17.77592079842301
9	-17.909263943031387
10	-17.512031129540656
11	-16.15881036018107
12	-14.546595556365643
13	-12.038139884950478
14	-8.856024318074425
15	-4.650186811996358
16	0.0

0	0.0
1	-4.852052761510423
2	-8.92188894305784
3	-12.211886566464472
4	-14.651936885880678
5	-16.57933053930794
6	-17.437035110324725
7	-17.922969736546982
8	-17.77592079842301
9	-17.909263943031387
10	-17.512031129540656
11	-16.87712302703698
12	-14.546595556365643
13	-12.038139884950478
14	-8.856024318074425
15	-4.650186811996358
16	0.0

0	0.0
1	-4.852052761510423
2	-8.92188894305784
3	-12.211886566464472
4	-14.651936885880678
5	-16.57933053930794
6	-17.437035110324725
7	-17.922969736546982
8	-17.77592079842301
9	-17.909263943031387
10	-17.512031129540656
11	-16.87712302703698
12	-15.062566805706478
13	-12.038139884950478
14	-8.856024318074425
15	-4.650186811996358
16	0.0

0	0.0
1	-4.852052761510423
2	-8.92188894305784
3	-12.211886566464472
4	-14.651936885880678
5	-16.57933053930794
6	-17.437035110324725
7	-17.922969736546982
8	-17.77592079842301
9	-17.909263943031387
10	-17.52733966753206
11	-16.87712302703698
12	-15.062566805706478
13	-12.038139884950478
14	-8.856024318074425
15	-4.650186811996358
16	0.0

0	0.0
1	-4.852052761510423
2	-8.92188894305784
3	-12.211886566464472
4	-14.651936885880678
5	-16.57933053930794
6	-17.437035110324725
7	-17.922969736546982
8	-17.77592079842301
9	-17.909263943031387
10	-17.86266547212616
11	-16.87712302703698
12	-15.062566805706478
13	-12.038139884950478
14	-8.856024318074425
15	-4.650186811996358
16	0.0

0	0.0
1	-4.955229460195227
2	-8.92188894305784
3	-12.211886566464472
4	-14.651936885880678
5	-16.57933053930794
6	-17.437035110324725
7	-17.922969736546982
8	-17.77592079842301
9	-17.909263943031387
10	-17.86266547212616
11	-16.87712302703698
12	-15.062566805706478
13	-12.038139884950478
14	-8.856024318074425
15	-4.650186811996358
16	0.0

0	0.0
1	-4.955229460195227
2	-8.92188894305784
3	-12.211886566464472
4	-14.651936885880678
5	-16.57933053930794
6	-17.577475577521128
7	-17.922969736546982
8	-17.77592079842301
9	-17.909263943031387
10	-17.86266547212616
11	-16.87712302703698
12	-15.062566805706478
13	-12.038139884950478
14	-8.856024318074425
15	-4.650186811996358
16	0.0

0	0.0
1	-4.955229460195227
2	-8.92188894305784
3	-12.211886566464472
4	-14.651936885880678
5	-16.57933053930794
6	-17.577475577521128
7	-17.922969736546982
8	-17.77592079842301
9	-17.909263943031387
10	-17.86266547212616
11	-16.87712302703698
12	-15.062566805706478
13	-12.380840725740613
14	-8.856024318074425
15	-4.650186811996358
16	0.0

0	0.0
1	-4.955229460195227
2	-8.92188894305784
3	-12.211886566464472
4	-14.786004640685345
5	-16.57933053930794
6	-17.577475577521128
7	-17.922969736546982
8	-17.77592079842301
9	-17.909263943031387
10	-17.86266547212616
11	-16.87712302703698
12	-15.062566805706478
13	-12.380840725740613
14	-8.856024318074425
15	-4.650186811996358
16	0.0

0	0.0
1	-4.955229460195227
2	-8.92188894305784
3	-12.211886566464472
4	-14.786004640685345
5	-16.57933053930794
6	-17.577475577521128
7	-17.922969736546982
8	-17.77592079842301
9	-17.909263943031387
10	-17.86266547212616
11	-16.87712302703698
12	-15.062566805706478
13	-12.380840725740613
14	-8.856024318074425
15	-4.701201374487695
16	0.0

0	0.0
1	-4.955229460195227
2	-8.92188894305784
3	-12.211886566464472
4	-14.786004640685345
5	-16.57933053930794
6	-17.577475577521128
7	-17.922969736546982
8	-17.77592079842301
9	-17.909263943031387
10	-17.86266547212616
11	-16.87712302703698
12	-15.062566805706478
13	-12.427285563643078
14	-8.856024318074425
15	-4.701201374487695
16	0.0

0	0.0
1	-4.955229460195227
2	-8.92188894305784
3	-12.211886566464472
4	-14.786004640685345
5	-16.57933053930794
6	-17.577475577521128
7	-17.922969736546982
8	-17.77592079842301
9	-17.954106013493806
10	-17.86266547212616
11	-16.87712302703698
12	-15.062566805706478
13	-12.427285563643078
14	-8.856024318074425
15	-4.701201374487695
16	0.0

0	0.0
1	-4.955229460195227
2	-8.92188894305784
3	-12.211886566464472
4	-14.786004640685345
5	-16.57933053930794
6	-17.577475577521128
7	-17.922969736546982
8	-17.77592079842301
9	-17.954106013493806
10	-17.86266547212616
11	-16.87712302703698
12	-15.062566805706478
13	-12.427285563643078
14	-8.917155777183211
15	-4.701201374487695
16	0.0

0	0.0
1	-4.955229460195227
2	-8.92188894305784
3	-12.211886566464472
4	-14.786004640685345
5	-16.57933053930794
6	-17.577475577521128
7	-17.922969736546982
8	-17.77592079842301
9	-17.954106013493806
10	-17.86266547212616
11	-16.87712302703698
12	-15.175255685077792
13	-12.427285563643078
14	-8.917155777183211
15	-4.701201374487695
16	0.0

0	0.0
1	-4.955229460195227
2	-8.92188894305784
3	-12.211886566464472
4	-14.786004640685345
5	-16.57933053930794
6	-17.610108275285107
7	-17.922969736546982
8	-17.77592079842301
9	-17.954106013493806
10	-17.86266547212616
11	-16.87712302703698
12	-15.175255685077792
13	-12.427285563643078
14	-8.917155777183211
15	-4.701201374487695
16	0.0

0	0.0
1	-4.955229460195227
2	-8.92188894305784
3	-12.211886566464472
4	-14.786004640685345
5	-16.669828963381
6	-17.610108275285107
7	-17.922969736546982
8	-17.77592079842301
9	-17.954106013493806
10	-17.86266547212616
11	-16.87712302703698
12	-15.175255685077792
13	-12.427285563643078
14	-8.917155777183211
15	-4.701201374487695
16	0.0

0	0.0
1	-4.955229460195227
2	-8.92188894305784
3	-12.211886566464472
4	-14.786004640685345
5	-16.669828963381
6	-17.610108275285107
7	-17.922969736546982
8	-17.894045744329723
9	-17.954106013493806
10	-17.86266547212616
11	-16.87712302703698
12	-15.175255685077792
13	-12.427285563643078
14	-8.917155777183211
15	-4.701201374487695
16	0.0

0	0.0
1	-4.955229460195227
2	-8.92188894305784
3	-12.211886566464472
4	-14.786004640685345
5	-16.669828963381
6	-17.610108275285107
7	-17.922969736546982
8	-17.894045744329723
9	-17.954106013493806
10	-17.86266547212616
11	-16.87712302703698
12	-15.175255685077792
13	-12.427285563643078
14	-8.917155777183211
15	-4.99253003596832
16	0.0

0	0.0
1	-4.955229460195227
2	-8.92188894305784
3	-12.211886566464472
4	-14.786004640685345
5	-16.67621920038384
6	-17.610108275285107
7	-17.922969736546982
8	-17.894045744329723
9	-17.954106013493806
10	-17.86266547212616
11	-16.87712302703698
12	-15.175255685077792
13	-12.427285563643078
14	-8.917155777183211
15	-4.99253003596832
16	0.0

0	0.0
1	-4.955229460195227
2	-8.92188894305784
3	-12.211886566464472
4	-14.786004640685345
5	-16.67621920038384
6	-17.610108275285107
7	-17.922969736546982
8	-17.894045744329723
9	-17.954106013493806
10	-17.86266547212616
11	-17.137971048750202
12	-15.175255685077792
13	-12.427285563643078
14	-8.917155777183211
15	-4.99253003596832
16	0.0
