čas	co2	co2 - linearni$
1958.15	315.71	5.670692945732753
1958.23	317.45	7.300907630948586
1958.31	317.5	7.2411223161648195
1958.38	317.5	7.14506016572841
1958.54	315.86	5.285489536161094
1958.61	314.93	4.259427385724848
1958.69	313.19	2.409642070940663
1958.85	313.34	2.3400714413728565
1958.92	314.67	3.5740092909368286
1959.0	315.58	4.374223976152734
1959.08	316.47	5.154438661368658
1959.15	316.65	5.2383765109325395
1959.23	317.71	6.188591196148536
1959.31	318.29	6.6588058813649695
1959.38	318.29	6.56274373092856
1959.46	318.16	6.322958416144502
1959.54	316.55	4.6031731013608805
1959.61	314.8	2.7571109509249254
1959.69	313.84	1.6873256361409403
1959.77	313.34	1.0775403213569916
1959.85	314.81	2.437755006572843
1959.92	315.59	3.121692856136633
1960.0	316.43	3.85190754135283
1960.08	316.97	4.2821222265692995
1960.15	317.58	4.796060076132562
1960.23	319.03	6.136274761348432
1960.31	320.03	7.026489446564483
1960.38	320.03	6.930427296128983
1960.46	319.59	6.380641981344979
1960.54	318.18	4.860856666560721
1960.61	315.91	2.4947945161247844
1960.69	314.16	0.6350092013408357
1960.77	313.83	0.19522388655695977
1960.85	315.0	1.2554385717730838
1960.92	316.19	2.3493764213367285
1961.0	316.89	2.939591106552598
1961.08	317.7	3.6398057917685946
1961.15	318.54	4.383743641332785
1961.23	319.48	5.213958326548891
1961.31	320.58	6.204173011764851
1961.38	320.58	6.108110861328441
1961.46	319.78	5.1983255465447655
1961.54	318.58	3.8885402317609987
1961.61	316.79	2.00247808132508
1961.69	314.99	0.09269276654049463
1961.77	315.31	0.30290745175670963
1961.85	316.1	0.9831221369731793
1961.92	317.01	1.797059986536624
1962.0	317.94	2.6172746717529662
1962.08	318.56	3.1274893569689084
1962.15	319.69	4.161427206533062
1962.23	320.58	4.941641891748986
1962.31	321.01	5.261856576965329
1962.38	321.01	5.165794426528919
1962.46	320.61	4.656009111744879
1962.54	319.61	3.5462237969609305
1962.61	317.4	1.2401616465253937
1962.69	316.26	-0.009623668259337137
1962.77	315.42	-0.9594089830429766
1962.85	316.69	0.2008057021730565
1962.92	317.69	1.1047435517371014
1963.0	318.74	2.04495823695288
1963.08	319.08	2.2751729221690766
1963.15	319.86	2.959110771732867
1963.23	321.39	4.3793254569486635
1963.31	322.24	5.119540142165533
1963.38	322.24	5.0234779917291235
1963.46	321.47	4.143692676944738
1963.54	319.74	2.303907362161226
1963.61	317.77	0.23784521172501627
1963.69	316.21	-1.4319401030588779
1963.77	315.99	-1.7617254178430812
1963.85	317.07	-0.791510732626648
1963.92	318.36	0.4024271169369058
1964.0	319.57	1.5026418021534482
1964.31	322.23	3.7372237073650467
1964.38	322.23	3.6411615569290916
1964.46	321.89	3.1913762421449974
1964.54	320.44	1.6315909273612306
1964.61	318.7	-0.20447122307496102
1964.69	316.7	-2.3142565378589097
1964.77	316.87	-2.2540418526427857
1964.85	317.68	-1.553827167426789
1964.92	318.71	-0.6198893178629987
1965.0	319.44	0.00032536735307076015
1965.08	320.44	0.890540052569122
1965.15	320.89	1.244477902132985
1965.23	322.13	2.374692587349273
1965.31	322.16	2.2949072725650694
1965.38	322.16	2.1988451221286596
1965.46	321.87	1.799059807345202
1965.54	321.21	1.0292744925613988
1965.61	318.87	-1.4067876578747018
1965.69	317.81	-2.5765729726590507
1965.77	317.3	-3.196358287442763
1965.85	318.87	-1.7361436022270027
1965.92	319.42	-1.282205752662776
1966.0	320.62	-0.19199106744690653
1966.08	321.59	0.6682236177693994
1966.15	322.39	1.3721614673331715
1966.23	323.7	2.572376152549168
1966.31	324.07	2.832590837765565
1966.38	324.07	2.736528687329155
1966.46	323.75	2.306743372545043
1966.54	322.4	0.846958057761185
1966.61	320.37	-1.2791040926745154
1966.69	318.64	-3.118889407458937
1966.77	318.1	-3.7686747222428494
1966.85	319.79	-2.1884600370267435
1966.92	321.03	-1.0445221874624622
1967.0	322.33	0.14569249775331627
1967.08	322.5	0.20590718296944033
1967.15	323.04	0.6498450325329941
1967.23	324.42	1.9200597177491545
1967.31	325.0	2.390274402965588
1967.38	325.0	2.294212252529178
1967.46	324.09	1.2744269377453747
1967.54	322.55	-0.3753583770385376
1967.61	320.92	-2.101420527474602
1967.69	319.26	-3.8712058422588598
1967.77	319.39	-3.8509911570426993
1967.85	320.72	-2.630776471826721
1967.92	321.96	-1.4868386222628942
1968.0	322.57	-0.9866239370462608
1968.08	323.15	-0.5164092518302823
1968.15	323.89	0.12752859773308955
1968.23	325.02	1.14774328294925
1968.31	325.57	1.5879579681654832
1968.38	325.57	1.491895817729528
1968.46	325.36	1.172110502945543
1968.54	324.14	-0.1576748118386604
1968.61	322.11	-2.283736962274361
1968.69	320.33	-4.173522277058964
1968.77	320.25	-4.363307591842386
1968.85	321.32	-3.4030929066261706
1968.92	322.9	-1.9191550570626532
1969.0	324.0	-0.9289403718466929
1969.08	324.42	-0.6187256866305688
1969.15	325.64	0.505212162933276
1969.23	326.66	1.415426848149309
1969.31	327.38	2.025641533365615
1969.38	327.38	1.9295793829292052
1969.46	326.7	1.1397940681454202
1969.54	325.89	0.22000875336152603
1969.61	323.67	-2.096053397074229
1969.69	322.38	-3.495838711858596
1969.77	321.78	-4.205624026642909
1969.85	322.85	-3.2454093414266936
1969.92	324.12	-2.071471491862667
1970.0	325.06	-1.241256806646561
1970.08	325.98	-0.43104212143043696
1970.15	326.93	0.422895728133426
1970.23	328.13	1.5131104133497502
1970.31	328.07	1.343325098565856
1970.38	328.07	1.2472629481294462
1970.46	327.66	0.7274776333451882
1970.54	326.35	-0.6923076814387059
1970.61	324.69	-2.4483698318740608
1970.69	323.1	-4.14815514665861
1970.77	323.07	-4.287940461442304
1970.85	324.01	-3.4577257762266527
1970.92	325.13	-2.433787926662262
1971.0	326.17	-1.5035732414462473
1971.08	326.68	-1.1033585562304324
1971.15	327.18	-0.6994207066668423
1971.23	327.78	-0.20920602145088196
1971.31	328.92	0.8210086637659515
1971.38	328.92	0.7249465133295416
1971.46	328.57	0.2651611985456839
1971.54	327.37	-1.0446241162385377
1971.61	325.43	-3.0806862666745474
1971.69	323.36	-5.260471581458205
1971.77	323.56	-5.170256896242336
1971.85	324.8	-4.040042211026048
1971.92	326.01	-2.9261043614624214
1972.0	326.77	-2.2758896762466065
1972.08	327.63	-1.5256749910299732
1972.15	327.75	-1.5017371414664922
1972.23	329.72	0.35847754374935903
1972.31	330.07	0.5986922289657741
1972.38	330.07	0.502630078529819
1972.46	329.09	-0.5871552362541479
1972.54	328.05	-1.7369405510380602
1972.61	326.32	-3.5630027014740335
1972.69	324.84	-5.152788016258455
1972.77	325.2	-4.9025733310422765
1972.85	326.5	-3.7123586458260434
1972.92	327.55	-2.7584207962622713
1973.0	328.54	-1.8782061110464383
1973.08	329.56	-0.9679914258304052
1973.15	330.3	-0.32405357626612386
1973.23	331.5	0.7661611089497455
1973.31	332.48	1.636375794165815
1973.38	332.48	1.5403136437294052
1973.46	332.07	1.0205283289460567
1973.54	330.87	-0.28925698583816484
1973.61	329.31	-1.9453191362740654
1973.69	327.51	-3.8551044510586507
1973.77	327.18	-4.294889765842527
1973.85	328.16	-3.424675080626457
1973.92	328.64	-3.040737231062394
1974.0	329.35	-2.4405225458463065
1974.08	330.71	-1.1903078606301278
1974.15	331.48	-0.5163700110661011
1974.23	332.65	0.5438446741500229
1974.31	333.09	0.8740593593661288
1974.38	333.09	0.7779972089297189
1974.46	332.25	-0.17178810585437532
1974.54	331.18	-1.3515734206384877
1974.61	329.4	-3.2276355710737334
1974.69	327.44	-5.297420885858173
1974.77	327.37	-5.477206200642286
1974.85	328.46	-4.496991515426089
1974.92	329.58	-3.473053665862153
1975.0	330.4	-2.762838980645938
1975.08	331.41	-1.8626242954301233
1975.15	332.04	-1.328686445866424
1975.23	333.31	-0.16847176065039093
1975.31	333.96	0.3717429245657513
1975.38	333.96	0.2756807741297962
1975.46	333.59	-0.20410454065404338
1975.54	331.91	-1.9938898554382831
1975.61	330.06	-3.9399520058741473
1975.69	328.56	-5.549737320658096
1975.77	328.34	-5.879522635441845
1975.85	329.49	-4.839307950225702
1975.92	330.76	-3.665370100662585
1976.0	331.74	-2.795155415446061
1976.08	332.56	-2.084940730229846
1976.15	333.5	-1.2410028806662012
1976.23	334.58	-0.2707881954502227
1976.31	334.87	-0.09057351023420779
1976.38	334.87	-0.1866356606701629
1976.46	334.34	-0.826420975453857
1976.54	333.05	-2.2262062902377693
1976.61	330.94	-4.432268440673852
1976.69	329.3	-6.182053755458128
1976.77	328.94	-6.651839070241749
1976.85	330.31	-5.391624385025807
1976.92	331.68	-4.117686535462326
1977.0	332.92	-2.9874718502460382
1977.08	333.42	-2.597257165029987
1977.15	334.7	-1.4133193154661967
1977.23	336.07	-0.1531046302497998
1977.31	336.74	0.40711005496632424
1977.38	336.74	0.3110479045299144
1977.46	336.27	-0.26873741025383424
1977.54	334.93	-1.7185227250379285
1977.61	332.75	-3.99458487547372
1977.69	331.58	-5.274370190258196
1977.77	331.16	-5.8041555050422176
1977.85	332.4	-4.67394081982593
1977.92	333.85	-3.320002970262067
1978.0	334.97	-2.3097882850461247
1978.08	335.39	-1.9995735998300006
1978.15	336.64	-0.8456357502664105
1978.23	337.76	0.16457893495044118
1978.31	338.01	0.3047936201664925
1978.38	338.01	0.2087314697300826
1978.46	337.89	-0.021053845054211706
1978.54	336.54	-1.4808391598380695
1978.61	334.68	-3.436901310274152
1978.69	332.76	-5.466686625058173
1978.77	332.54	-5.796471939841922
1978.85	333.92	-4.526257254625762
1978.92	334.95	-3.5923194050619713
1979.0	336.23	-2.42210471984572
1979.08	336.76	-2.0018900346294686
1979.15	337.96	-0.8979521850660603
1979.23	338.89	-0.07773749985017275
1979.31	339.47	0.39247718536626053
1979.38	339.47	0.29641503492985066
1979.46	339.29	0.006629720146065665
1979.54	337.73	-1.6631555946378285
1979.61	336.09	-3.3992177450736563
1979.69	333.91	-5.689003059857896
1979.77	333.86	-5.848788374641572
1979.85	335.29	-4.528573689425684
1979.92	336.73	-3.1846358398620396
1980.0	338.01	-2.014421154645788
1980.08	338.36	-1.774206469429373
1980.15	340.08	-0.15026861986598306
1980.23	340.77	0.4299460653501228
1980.31	341.46	1.0101607505662287
1980.38	341.46	0.9140986001302736
1980.46	341.17	0.5143132853463612
1980.54	339.56	-1.2054720294377148
1980.61	337.6	-3.2615341798737063
1980.69	335.88	-5.09131949465791
1980.77	336.01	-5.071104809441749
1980.85	337.1	-4.090890124225552
1980.92	338.21	-3.076952274661835
1981.0	339.23	-2.166737589445802
1981.08	340.47	-1.0365229042299688
1981.15	341.38	-0.22258505466561473
1981.23	342.51	0.7976296305505457
1981.31	342.91	1.0878443157662332
1981.38	342.91	0.9917821653298233
1981.46	342.25	0.22199685054602014
1981.54	340.49	-1.6477884642372373
1981.61	338.43	-3.8038506146735926
1981.69	336.69	-5.653635929457778
1981.77	336.85	-5.603421244241872
1981.85	338.36	-4.2032065590256025
1981.92	339.61	-3.0492687094615576
1982.0	340.75	-2.0190540242456336
1982.08	341.61	-1.268839339029455
1982.15	342.7	-0.2749014894661741
1982.23	343.56	0.47531319575045927
1982.31	344.13	0.9355278809666743
1982.38	344.13	0.8394657305302644
1982.46	343.35	-0.050319584253884386
1982.54	342.06	-1.4501048990377967
1982.61	339.82	-3.7861670494735336
1982.69	337.97	-5.745952364257391
1982.77	337.86	-5.965737679041467
1982.85	339.26	-4.675522993825325
1982.92	340.49	-3.541585144261262
1983.0	341.37	-2.7713704590455563
1983.08	342.52	-1.731155773829414
1983.15	343.1	-1.2472179242658967
1983.23	344.94	0.4829967609503001
1983.31	345.75	1.1832114461662968
1983.38	345.75	1.0871492957303417
1983.46	345.32	0.5473639809465567
1983.54	343.99	-0.892421333837774
1983.61	342.39	-2.588483484273638
1983.69	339.86	-5.228268799057332
1983.77	339.99	-5.208054113841172
1983.85	341.16	-4.1478394286255025
1983.92	342.99	-2.4139015790615304
1984.0	343.7	-1.8136868938458974
1984.08	344.51	-1.1134722086289912
1984.15	345.28	-0.439534359065874
1984.23	347.08	1.2506803261503592
1984.31	347.43	1.4908950113663195
1984.38	347.43	1.3948328609303644
1984.46	346.79	0.645047546146543
1984.54	345.4	-0.8547377686372784
1984.61	343.28	-3.070799919073579
1984.69	341.07	-5.390585233857564
1984.77	341.35	-5.2203705486417675
1984.85	342.98	-3.7001558634251523
1984.92	344.22	-2.5562180138613257
1985.0	344.97	-1.9160033286452745
1985.08	346.0	-0.9957886434294778
1985.15	347.43	0.33814920613440336
1985.23	348.35	1.1483638913505274
1985.31	348.93	1.618578576566506
1985.38	348.93	1.522516426130096
1985.46	348.25	0.7327311113463111
1985.54	346.56	-1.0670542034372374
1985.61	344.69	-3.0331163538730834
1985.69	343.09	-4.742901668657396
1985.77	342.8	-5.142686983441308
1985.85	344.24	-3.812472298225657
1985.92	345.56	-2.5885344486614486
1986.0	346.29	-1.968319763445379
1986.08	346.96	-1.408105078229255
1986.15	347.86	-0.6041672286655739
1986.23	349.55	0.9760474565509867
1986.31	350.21	1.5262621417668925
1986.38	350.21	1.4301999913304826
1986.46	349.54	0.6504146765464611
1986.54	347.94	-1.0593706382373966
1986.61	345.91	-3.185432788673552
1986.69	344.86	-4.345218103457228
1986.77	344.17	-5.145003418241231
1986.85	345.66	-3.764788733025398
1986.92	346.9	-2.6208508834611166
1987.0	348.02	-1.6106361982451745
1987.08	348.47	-1.2704215130288503
1987.15	349.42	-0.4164836634654421
1987.23	350.99	1.0437310217503182
1987.31	351.84	1.7839457069667333
1987.38	351.84	1.6878835565307782
1987.46	351.25	0.9880982417466839
1987.54	349.52	-0.851687073037283
1987.61	348.1	-2.367749223473311
1987.69	346.44	-4.137534538257114
1987.77	346.36	-4.32731985304099
1987.85	347.81	-2.9871051678251206
1987.92	348.96	-1.9331673182614395
1988.0	350.43	-0.5729526330455883
1988.08	351.72	0.6072620521708814
1988.15	352.22	1.0111999017344715
1988.23	353.59	2.2714145869508684
1988.31	354.22	2.791629272166574
1988.38	354.22	2.6955671217310737
1988.46	353.79	2.155781806946834
1988.54	352.39	0.6459964921627943
1988.61	350.44	-1.400065658272979
1988.69	348.72	-3.2298509730571823
1988.77	348.88	-3.1796362878412765
1988.85	350.07	-2.099421602624716
1988.92	351.34	-0.9254837530611439
1989.0	352.76	0.38473093215452536
1989.08	353.07	0.5849456173709768
1989.15	353.68	1.0988834669346943
1989.23	355.42	2.729098152150982
1989.31	355.67	2.8693128373670334
1989.38	355.67	2.7732506869306235
1989.46	355.13	2.123465372146711
1989.54	353.9	0.783680057363199
1989.61	351.67	-1.5423820930727743
1989.69	349.8	-3.5221674078570686
1989.77	349.99	-3.4419527226409627
1989.85	351.3	-2.241738037424966
1989.92	352.53	-1.1078001878613577
1990.0	353.66	-0.08758550264519727
1990.08	354.7	0.8426291825708176
1990.15	355.39	1.4365670321344624
1990.23	356.2	2.136781717350914
1990.31	357.16	2.9869964025670015
1990.38	357.16	2.8909342521305916
1990.46	356.22	1.8411489373465884
1990.54	354.82	0.33136362256300345
1990.61	352.91	-1.674698527873261
1990.69	350.96	-3.7344838426570277
1990.77	351.18	-3.6242691574411765
1990.85	352.83	-2.0840544722250343
1990.92	354.21	-0.800116622661335
1991.0	354.72	-0.3999019374450654
1991.08	355.75	0.520312747771186
1991.15	357.16	1.8342505973346306
1991.23	358.6	3.1644652825507364
1991.31	359.34	3.794679967767024
1991.38	359.34	3.698617817331069
1991.46	358.24	2.4888325025467566
1991.54	356.17	0.3090471877630989
1991.61	354.03	-1.9270149626727289
1991.69	352.16	-3.906800277457023
1991.77	352.21	-3.96658559224079
1991.85	353.75	-2.536370907024775
1991.92	354.99	-1.3924330574609485
1992.0	355.98	-0.5122183722451155
1992.08	356.72	0.11799631297071755
1992.15	357.81	1.111934162534908
1992.23	359.15	2.3421488477511048
1992.31	359.66	2.7423635329669196
1992.38	359.66	2.6463013825309645
1992.46	359.25	2.1265160677471613
1992.54	357.03	-0.20326924703658733
1992.61	355.0	-2.3293313974727425
1992.69	353.01	-4.4291167122573825
1992.77	353.31	-4.238902027041149
1992.85	354.16	-3.498687341824734
1992.92	355.4	-2.3547494922609076
1993.0	356.7	-1.1645348070451291
1993.08	357.16	-0.8143201218290415
1993.15	358.38	0.3096177277352581
1993.23	359.46	1.2798324129512366
1993.31	360.28	1.9900470981674516
1993.38	360.28	1.8939849477310418
1993.46	359.6	1.104199632946802
1993.54	357.57	-1.0355856818364373
1993.61	355.52	-3.1816478322725743
1993.69	353.7	-5.1114331470571415
1993.77	353.98	-4.94121846184089
1993.85	355.33	-3.7010037766249297
1993.92	356.8	-2.32706592706063
1994.0	358.36	-0.8768512418446335
1994.08	358.91	-0.43663655662885503
1994.15	359.97	0.5273012929346805
1994.23	361.26	1.7075159781506954
1994.31	361.68	2.0177306633672742
1994.38	361.68	1.9216685129308644
1994.46	360.95	1.0818831981468975
1994.54	359.55	-0.4279021166366874
1994.61	357.49	-2.583964267072588
1994.69	355.84	-4.343749581856628
1994.77	355.99	-4.303534896640485
1994.85	357.58	-2.8233202114247433
1994.92	359.04	-1.4593823618611168
1995.0	359.96	-0.649167676644538
1995.08	361.0	0.2810470085714769
1995.15	361.64	0.8249848581349397
1995.23	363.45	2.5251995433509364
1995.31	363.79	2.7554142285671333
1995.38	363.79	2.659352078131178
1995.46	363.26	2.0195667633470293
1995.54	361.9	0.549781448563408
1995.61	359.46	-1.9862807018726016
1995.69	358.06	-3.4960660166566413
1995.77	357.75	-3.9158513314405354
1995.85	359.56	-2.2156366462245387
1995.92	360.7	-1.171698796661076
1996.0	362.05	0.06851588855533919
1996.08	363.25	1.1587305737712086
1996.15	364.03	1.8426684233354536
1996.23	364.72	2.4228831085511047
1996.31	365.41	3.0030977937672105
1996.38	365.41	2.9070356433312554
1996.46	364.97	2.357250328547707
1996.54	363.65	0.9274650137635945
1996.61	361.49	-1.3285971366722151
1996.69	359.46	-3.4683824514568187
1996.77	359.6	-3.4381677662408947
1996.85	360.76	-2.387953081024534
1996.92	362.33	-0.9140152314607803
1997.0	363.18	-0.17380054624482
1997.08	364.0	0.536414138971395
1997.15	364.57	1.0103519885356036
1997.23	366.35	2.6805666737514002
1997.31	366.79	3.010781358967506
1997.38	366.79	2.9147192085310962
1997.46	365.62	1.6349338937470748
1997.54	364.47	0.37514857896348985
1997.61	362.51	-1.680913571472047
1997.69	360.19	-4.110698886256614
1997.77	360.77	-3.6404842010406355
1997.85	362.43	-2.0902695158247298
1997.92	364.28	-0.3363316662607758
1998.0	365.32	0.5938830189556938
1998.08	366.15	1.3140977041716724
1998.15	367.31	2.378035553735117
1998.23	368.61	3.56825023895135
1998.31	369.29	4.1384649241676925
1998.38	369.29	4.042402773731283
1998.46	368.87	3.512617458947261
1998.54	367.64	2.1728321441632943
1998.61	365.77	0.2067699937274483
1998.69	363.9	-1.7730153210563913
1998.77	364.23	-1.5528006358404127
1998.85	365.46	-0.43258595062434324
1998.92	366.97	0.9813518989394652
1999.0	368.15	2.0515665841558075
1999.08	368.87	2.6617812693716587
1999.15	369.59	3.2857191189355035
1999.23	371.14	4.725933804151282
1999.31	371.0	4.476148489367461
1999.38	371.0	4.3800863389315055
1999.46	370.35	3.620301024147466
1999.54	369.27	2.43051570936359
1999.61	366.94	0.0044535589277074905
1999.69	364.63	-2.4153317558561866
1999.77	365.12	-2.0351170706403536
1999.85	366.67	-0.5949023854241204
1999.92	368.01	0.6490354641391605
2000.0	369.14	1.669250149355321
2000.08	369.46	1.879464834571536
2000.15	370.52	2.843402684135526
2000.23	371.66	3.87361736935145
2000.31	371.82	3.9238320545678107
2000.38	371.82	3.827769904131401
2000.46	371.7	3.5979845893475613
2000.54	370.12	1.9081992745636853
2000.61	368.12	-0.1878628758722698
2000.69	366.62	-1.7976481906566733
2000.77	366.73	-1.7974335054404946
2000.85	368.29	-0.34721882022404316
2000.92	369.53	0.7967190293393287
2001.0	370.28	1.43693371455538
2001.08	371.5	2.547148399771686
2001.15	372.12	3.0710862493356217
2001.23	372.87	3.711300934551673
2001.31	374.02	4.751515619767815
2001.38	374.02	4.655453469331405
2001.46	373.3	3.8256681545476567
2001.54	371.62	2.035882839763417
2001.61	369.55	-0.13017931067179234
2001.69	367.96	-1.8299646254563413
2001.77	368.09	-1.8097499402401809
2001.85	369.68	-0.3295352550244388
2001.92	371.24	1.1344025945400062
2002.0	372.43	2.2146172797556574
2002.08	373.09	2.764831964972018
2002.15	373.52	3.0987698145354443
2002.23	374.86	4.328984499751641
2002.31	375.55	4.909199184968202
2002.38	375.55	4.813137034531792
2002.46	375.4	4.553351719747752
2002.54	374.02	3.0635664049636944
2002.61	371.49	0.4375042545279939
2002.69	370.71	-0.4522810602561549
2002.77	370.24	-1.0320663750399035
2002.85	372.08	0.6981483101758386
2002.92	373.78	2.3020861597397015
2003.0	374.68	3.092300844955844
2003.08	375.63	3.932515530172168
2003.15	376.11	4.316453379735776
2003.23	377.65	5.746668064951791
2003.31	378.35	6.336882750167661
2003.38	378.35	6.240820599731705
2003.46	378.13	5.911035284947957
2003.54	376.62	4.29124997016379
2003.61	374.5	2.075187819727944
2003.69	372.99	0.4554025049437769
2003.77	373.0	0.35561719016004645
2003.85	374.35	1.5958318753760068
2003.92	375.7	2.849769724939506
2004.0	376.79	3.829984410155703
2004.08	377.37	4.300199095371681
2004.15	378.41	5.24413694493569
2004.23	380.52	7.2443516301518684
2004.31	380.63	7.244566315368047
2004.38	380.63	7.148504164931637
2004.46	379.57	5.978718850148198
2004.54	377.79	4.088933535364049
2004.61	375.86	2.0628713849282576
2004.69	374.06	0.15308607014367226
2004.77	374.24	0.22330075535955984
2004.85	375.86	1.7335154405759567
2004.92	377.48	3.2574532901398925
