$p=5$	$p=10$	$p=15$	$p=20$	$p=25$	$\text{FFT + Hann}$
11226.603873940889	9706499.650322787	6941118.226590334	3886441.8774180557	19876595.1587879	6598327119.0714855
11208.475936154646	1410866.0803603204	3352379.869187664	3005026.542551466	3895359.69516447	1327862844.2249825
11154.491532456565	174173.1100013278	899417.6926872557	1523934.667251173	564158.1654458119	198056.12895994983
11065.829545891478	40677.07598000379	268655.73908657813	611926.3077537391	144105.97267434536	7042.287127428378
10944.391953013856	13885.972144288751	96999.89202715369	227630.83183936257	53621.91126927608	2536.2716357322347
10792.715164867104	5988.673345265193	40783.096745126066	85867.06011863881	25450.39988430784	3398.7403126525314
10613.856324320495	3021.179901203044	19211.179290929354	34244.34497334365	14283.774174141776	1275.9363268375553
10411.263375117118	1705.700495866837	9864.399210511809	14657.646135672074	9041.77869928744	192.02608399556823
10188.638269026309	1048.5439822844796	5419.84078129214	6749.715693027867	6243.472438034103	892.5111998692287
9949.80223679676	689.2329271387009	3146.6581100174	3333.577418172653	4578.58359039016	762.2614601735753
9698.570792487217	478.415163163495	1913.7640841554069	1756.8210166900633	3481.9884417596127	65.28849838097227
9438.644334974777	347.5382014339859	1211.7891764956423	982.5200917455182	2685.769322100427	293.7474601018144
9173.518151757928	262.4677173769461	795.2699927414577	580.0553805205262	2059.3188964894953	1112.7640203363017
8906.413593111141	205.04255173099804	539.1254634769815	359.79316969206707	1544.6361586889666	877.2200284786838
8640.230383817907	165.05418786826556	376.5570108776084	233.49953483274598	1122.6047361529154	71.57630571556378
8377.518611419575	136.49318907287912	270.4310358895208	157.9822865462005	789.2124513591309	30.680713122992074
8120.467931938973	115.6810255199078	199.37182049640816	111.09221842862334	539.6502151883141	47.89573561593565
7870.910958238384	100.2903895669312	150.68981685541775	80.97933525986943	362.57180367746025	171.42858890549195
7630.337588174691	88.80792533387933	116.64199376832187	61.054424982621136	242.19063058350602	201.30684073115611
7399.917109579016	80.22805936352205	92.38520858655654	47.52285434664916	162.63036648965473	94.71674144656117
7180.525199379435	73.87278346709263	74.82158018944956	38.12897294399716	110.78259279264759	61.94077341205889
6972.773333118712	69.28280020625874	61.929163039250106	31.493389932373844	77.07755757009014	147.93741132226313
6777.03857055358	66.1506556511498	52.3643620845225	26.751475332820217	55.03653988756049	142.44515525329126
6593.492131854522	64.27960784680587	45.22054155188042	23.350231310996847	40.46045715353955	49.44739798974162
6422.125593165795	63.559113960876154	39.87862102775952	20.93115938770122	30.687478395101394	16.014061647397877
6262.773891047973	63.95190986088074	35.91313009375125	19.261326385438732	24.044003045745164	11.553331622820991
6115.134625898313	65.49020456968718	33.0325220053703	18.192376710491963	19.477390178251472	27.6052502432963
5978.783397140092	68.28035252360036	31.04127082972498	17.63645768105132	16.32268036434083	35.2413308830826
5853.185096394214	72.51704811639496	29.81640355444836	17.553084248113272	14.158381644813998	31.881125489460118
5737.701241630373	78.51010327997689	29.294284272435892	17.943954292783744	12.718698005181178	62.17618546994446
5631.593570498194	86.72986030098407	29.465616778071972	18.85476437999574	11.841015986022047	114.47135672590598
5534.02424093123	97.88233399994802	30.378390437285894	20.384903159411557	11.435822141748362	130.09997091968512
5444.053128281573	113.03432957616576	32.150414079461314	22.708211546680076	11.471953638525092	68.15814259392444
5360.632876586769	133.8262838285495	34.995893094989505	26.11182503647244	11.974264827471469	23.267056883041466
5282.602571027881	162.84563146912254	39.27553169804481	31.06748092502311	13.03466429559105	34.717615545756296
5208.681159092932	204.30714902788586	45.58974643165785	38.36515912822104	14.842744096637528	46.26573437709626
5137.462062131085	265.34988014213013	54.95655701645897	49.37375589973887	17.75218458073949	85.96245660555164
5067.410777927609	358.6441295368774	69.16702173604094	66.5772970541908	22.421871037739667	57.18523781474079
4996.8676522487385	507.9707866034885	91.54017863175821	94.7527186821117	30.12899453366482	9.201736128792794
4924.058342516806	761.0904797484252	128.65393554610975	143.77259709719272	43.51690037525923	41.39563331145588
4847.114729352058	1222.254680132741	194.70985832790888	235.96923411393743	68.56594073505305	88.20652892447222
4764.109038346254	2144.147949786772	323.95157782116127	428.07249517598876	120.4918324331122	85.9397671796869
4673.103573649357	4228.027342559535	612.0496458789536	888.2936553833143	244.63301151119512	123.71931925702728
4572.217584127769	9806.166010707568	1387.5657538995006	2236.779420504213	609.9331807721136	158.51509967719943
4459.711252386159	28842.46808497917	4193.95552714411	7665.84373112714	2105.3957983658906	4459.8952134944375
4334.084563182391	121404.96895815316	21545.64660841494	46888.19575313109	13465.34956460082	75905.33990135479
4194.185959411506	756704.1868142933	419021.14314532746	1272817.2083025181	483517.84213296743	143655.87844822023
4039.3225252525713	1503975.2943229675	28039747.17002859	11273866.119879851	6111129.840621463	75121.29015804581
3869.3604789168016	266573.4394684855	94923.67874284199	123227.4991665428	35161.24569068927	3030.7897014469336
3684.802744718432	48040.62784145509	8042.054451364494	13947.23103605698	4046.7718992808427	165.922269710465
3486.8301084113104	13154.649955924242	1699.035642779413	3449.793559739397	1055.7858535708212	141.48898375603196
3277.29458570564	4815.856635487821	544.9823319892508	1244.241526962092	408.4340972628223	69.15975843679533
3058.658365333441	2140.1686395534075	222.53801810176694	560.605486634318	200.3314138598935	45.2384037996941
2833.8785871049854	1089.6798208356915	106.50722620289281	292.6118530316924	115.55639367676467	3.952318597567768
2606.24614374543	613.4310922691752	57.09603748269729	169.5550838691914	75.16221042537491	35.453170658959024
2379.194016740903	373.0996636391026	33.351410133068406	106.21559557257167	53.7087892262088	54.78701347870882
2156.0956718938783	241.35920443278263	20.849441789888566	70.66654488266413	41.428756069988665	26.424100270999578
1940.0755170018454	164.23544768125169	13.777755997555994	49.311432417535485	34.05643164488801	22.390203427121733
1733.851009679331	116.60501265083512	9.539521882865703	35.75978112399731	29.532125426562967	28.340411767884724
1539.6203455450577	85.85739385173426	6.875534465438634	26.763033721624343	26.77124473338854	24.486350683801675
1359.0021750296305	65.25704296884847	5.133083201304979	20.56086277526736	25.146646419240312	36.47972783834554
1193.0262075882458	51.0140653240715	3.954537757036255	16.147366986046148	24.244973949119508	31.77473290669103
1042.1673614091594	40.89952268339991	3.1345472852644884	12.921365146109151	23.739433423415772	10.767004085001517
906.4122146500024	33.55172195692726	2.55038421341357	10.509451505663263	23.32359720768636	11.518868731625219
785.3451203707722	28.11094557474713	2.1261337332166206	8.67178244062763	22.69501455666746	32.876593374507
678.2420896758731	24.018653490776767	1.8134321715746133	7.249666025756316	21.59248404924648	47.19506187495833
584.162722681037	20.902868033698713	1.5806929312200562	6.135281981074605	19.874777927149836	22.067770577216375
502.03330324984364	18.510556083502753	1.4068724190571695	5.253606584483149	17.589025050703025	0.5866288555263768
430.71702467041507	16.66656559843186	1.2777578405542045	4.55131614625172	14.961591931219097	7.907695359466943
369.0697515473116	15.248054198676297	1.1837059578981632	3.989810235317851	12.298662200937063	26.06830803542017
315.98154445244546	14.168227331085218	1.1182465457293977	3.540737212924935	9.863096468738217	31.857054965144616
270.4053516261508	13.36583227446501	1.077222249915813	3.183080045443923	7.804842457634136	31.934549637947896
231.3748905091137	12.79831705226975	1.058279930877247	2.901241286103499	6.162400789593955	25.136294066935974
198.0139355490133	12.437403650823304	1.060613151947351	2.6837890993831617	4.902316940187464	9.391900028066491
169.53913817167023	12.266324759628441	1.0849108680324633	2.522662665829601	3.960493963622207	3.646032123643223
145.2582514266571	12.278284228495286	1.1335113425695356	2.412724565934229	3.2693352111822467	10.234864940757328
124.56530747108123	12.475908801488462	1.2108066422856691	2.351613577156332	2.770614695240812	9.777458688974724
106.9339626283708	12.871613629130792	1.3240075273349763	2.339911218085	2.419350096058482	1.2788348284620203
91.90991886896998	13.488941167743768	1.4844867216343471	2.3817073409179734	2.183488019019929	11.306996930419428
79.10307001760151	14.365080723736856	1.710120387703856	2.485760753073083	2.042354739321426	15.842053450178666
68.17981102535032	15.554963611325004	2.029450809143382	2.667650447141625	1.9854022415085395	11.113150138957762
58.85578696923909	17.137593776679356	2.4893456443008133	2.9537091721946824	2.0121021747756402	6.8754847630123574
50.889238942623834	19.225666722927382	3.169737712143155	3.388374090794419	2.1338237831449836	8.575875561171154
44.07501916238365	21.980119484277687	4.2135849982989795	4.048503646505042	2.3792402747287547	22.249414357241818
38.23928997666981	25.632120827533875	5.891899260458654	5.072874273529902	2.8068559644568407	21.51473931202315
33.234884343522815	30.5161951240422	8.756536268641325	6.727401209197496	3.5337597187476075	8.065485618679013
28.937283202651948	37.119495990218425	14.035844398627436	9.562563584927043	4.805780830027663	4.701114776354031
25.241153556951744	46.152734692817084	24.792043828040757	14.837575074092753	7.187062311592132	19.94396983073518
22.057386631542798	58.64454000557387	49.884054841401976	25.83716634810316	12.149861043519333	22.098800193607815
19.310575677663106	76.0431815625582	120.71864780884314	52.81207304366953	24.300347796045724	5.868000031746282
16.93687603186467	100.25267850829525	386.18606859780226	137.20856738064805	62.47216808886827	5.202319836636956
14.882194666862645	133.38505506184578	1917.9763646009685	530.687855002021	245.75882486702142	1740.6857226058628
13.100661825636056	176.7341783067279	14426.042542851157	4303.001128100573	2339.7752347570927	7544.596209997539
11.553342858647598	228.26458897772756	13427.656700601305	50419.62371204882	109802.05883702356	7306.427615307137
10.207153740200129	278.8185044230758	1628.6869208387732	4719.6540109753	3785.1712792180197	1503.3666533998555
9.033948725276307	310.9639514915805	302.0117632854523	418.18493576551015	235.56428108298135	24.29373480999844
8.00975312275819	307.5908467669342	86.69282412955411	81.83400209022928	42.3816223875932	35.12205833647005
7.114118169220399	267.30855012146947	32.83056224358779	24.47694386675725	12.36228058990608	19.32600432660513
6.329578494391082	207.26269814838287	14.934296221944257	9.423611111411097	4.743769359370822	6.49292345190897
5.641195703470613	148.0306927608827	7.73163996137687	4.288403517030341	2.1756528944318156	18.723322353560345
5.036174203922915	100.812043746619	4.407606061200009	2.1996104453807974	1.132516070790558	26.90455615307049
4.503537621512559	67.32408597954345	2.708126661764478	1.23529303150786	0.6486747946240378	15.646233958936213
4.033856029316499	44.93663260431851	1.7673422074866365	0.7453305778923148	0.4007149822259875	23.41068443717136
3.6190157991929746	30.323607218410256	1.2124165875885013	0.47691400580936644	0.26334256890639923	30.958092948952938
3.2520252191703274	20.81602261506633	0.8676834959818608	0.32063739606503094	0.18232165411323498	15.443581760848808
2.926850139602255	14.578156808784783	0.6441206840962241	0.2249591424411424	0.13202428762369905	11.285314685232228
2.6382748484671166	10.425718452699751	0.49381558395692715	0.16385847367229175	0.09944713014281746	7.521959065034251
2.381784160317531	7.612923368478004	0.3896437877205281	0.12342048895265659	0.07759136576271587	1.318473526433655
2.153463358570597	5.672041766694203	0.31557437488862794	0.09583285272087227	0.062498199042581325	2.3517950633307287
1.9499131779279786	4.307813428934432	0.26177623581803894	0.07652277316985316	0.05183194088212005	4.716277104304785
1.7681774704049709	3.3315844814474405	0.22202525060079215	0.06271566924666372	0.04416429682711492	7.230838576693385
1.6056815796356827	2.6210086104530124	0.1922716867322305	0.05267494050530207	0.03859531294293865	9.06428931260509
1.4601797663282465	2.0954544063971596	0.16981920842708625	0.04528442262970867	0.034544282250231366	6.461216713457987
1.329710293456487	1.7009046973911106	0.15283921854002053	0.03981083556430692	0.031630350988238215	8.508434707708302
1.2125570017532963	1.4005829713335878	0.1400756815515978	0.03576447084979963	0.029602420190980853	11.259364114195169
1.107216391623675	1.1690568422741954	0.13066176532911106	0.03281541893339005	0.028297217334350786	5.85157476120629
1.0123693828074831	0.9884747370507035	0.1240042850329446	0.030742283294771668	0.027614158951265875	7.331085631209575
0.9268570530583335	0.8461281212729959	0.11971073912806356	0.02940060209826443	0.027500774983950035	6.4281995599857
0.8496597659769057	0.7328488664338527	0.1175443263736829	0.02870378671321015	0.02794533593405482	4.143184367309646
0.7798791894458094	0.6419403415135868	0.11739858674243922	0.02861257629981903	0.0289750619873241	6.616235268784479
0.7167227827692477	0.5684544960603031	0.1192872679552397	0.029130972031366584	0.030659516172908664	8.052001671882254
0.659490395043711	0.5086964013010874	0.12334785146561263	0.030308006684846955	0.03311988264388713	5.474885600753172
0.607562671487318	0.4598803793815732	0.12985964353513782	0.032245956438286545	0.03654614545822824	11.765953850450572
0.5603910101091798	0.4198885031701485	0.13928009754830914	0.03511710371174538	0.04122614386108371	13.800442924347694
0.5174888495986844	0.38709912106784206	0.15230684796438512	0.03919343611979766	0.047593806522029464	7.237001586148127
0.4784241018183413	0.3602638828308327	0.1699789764544214	0.04489762984259396	0.05630993612027867	9.486945118959346
0.4428125697591293	0.33841877306041374	0.19384137013303582	0.05289113692142334	0.06840055552401679	8.560167174063992
0.4103122150707836	0.3208192844134356	0.22621461260230494	0.0642300843226254	0.08550115353793937	5.014573693684882
0.3806181589840545	0.306892942998056	0.2706475039808008	0.08065087309618889	0.11030406037654729	1.7982693577106037
0.3534583171602302	0.2962044743606165	0.33269614985679735	0.10511612628575742	0.1474137939826611	0.8849423560918056
0.3285895832053942	0.2884303134016436	0.42130679499653867	0.14291218759887356	0.20506537449050813	1.552751492060612
0.3057944876669345	0.28334013585373213	0.5513539095601737	0.2039894325934094	0.29877917252414826	7.495848935359842
0.28487826961765955	0.28078376486016965	0.7484673353115779	0.30831098818103037	0.4596663901680067	14.182419125240699
0.2656663067055018	0.2806822752782187	1.0585482580798755	0.49912239807738723	0.7548087063789409	17.310402886038972
0.24800185703671215	0.2830224380800374	1.5671445333258787	0.8792530852349923	1.3418959818077072	13.158133180913676
0.23174407266327707	0.28785385067752123	2.4396834305672574	1.7226791851243553	2.6309935746960362	21.163621490356217
0.21676624992560875	0.2952881996270436	4.003645629356467	3.866738175138365	5.8135164754820225	26.753867110707617
0.20295428659813555	0.30550009518934157	6.896330296400956	10.287559998385428	14.679882755260458	69.20253626133024
0.19020531981530006	0.31872877797009413	12.197439492661239	32.47542496144131	40.4067480873137	621.5420016234725
0.17842652221755015	0.3352796778569248	20.8415828946218	96.29763555164675	91.22708755764833	979.7929004041797
0.16753403673482473	0.3555242273245055	30.458673674759048	119.08286044392386	94.11594944111428	434.31021747589926
0.15745203298959012	0.3798953859184986	32.81846550111369	48.508404181713345	43.67450346110601	16.75357147046653
0.14811187051271296	0.40887488778809283	24.896457209967455	15.379986462367183	16.363324311725513	1.440831585442031
0.13945135587433136	0.44296616065064526	14.84924250541355	5.626413248244991	6.65863641028676	4.606539994577441
0.13141408248165606	0.48264417990216807	8.070104703213575	2.459258605702494	3.0984618399133295	4.493771181401898
0.12394884322319853	0.5282705571987516	4.384836108468622	1.2446691972091413	1.6274544954901933	5.510593910847506
0.11700910737558019	0.5799600337004508	2.4786486484092873	0.7065615512036363	0.9443520295584299	18.28984606530815
0.1105525542616451	0.637385805509552	1.4751070772153885	0.4391767533520456	0.5942727304338752	30.303278543057637
0.10454065707986457	0.6995204362244365	0.924464180157132	0.2937440483070322	0.39982132686795796	27.040383465708917
0.09893831113454517	0.7643332315161481	0.6077894660194958	0.20876457485781422	0.2845068642618209	10.931404064756702
0.09371350140080842	0.8285098293453534	0.4171721309507764	0.15619006944255354	0.21238078883349387	5.136592835960311
0.08883700497202668	0.8873224328860417	0.2975389662415564	0.12215395495913192	0.1652743484485848	15.275500347959444
0.0842821244726408	0.9348339148109478	0.21960058005263058	0.09932833443138395	0.13342410368921742	14.642776314481466
0.08002444898659604	0.9646081250852994	0.16712310120042634	0.08362022732644031	0.11130408865273866	5.375723175731709
0.0760416394600577	0.9709525986696107	0.13075113143741648	0.07263613926952	0.0956463579699059	2.557061552426894
0.07231323589442358	0.9504297379861669	0.10489667360055122	0.06492316124525697	0.08444567703941416	3.5345798680841174
0.06882048395862378	0.90307622205769	0.08611177209643252	0.059573602331181134	0.07643362207432762	5.045421016299928
0.06554617892411405	0.8327236715303473	0.07220571960005827	0.05600947444211674	0.07078836590561229	7.599433784007161
0.06247452506679013	0.7461684225543491	0.06174959179606286	0.05386030246108512	0.06696820354846679	11.060203861907002
0.05959100889163551	0.6515149101508914	0.05378929911554141	0.05289134711141137	0.06461257098568494	7.180519459807502
0.05688228472196882	0.5564007233379558	0.04767455318694647	0.05295989056486367	0.06348101711179657	7.980661326197286
0.054336071358946324	0.46674450679985735	0.04295421941728031	0.05398731079251075	0.06341392519826308	8.2901393603967
0.051941058661287585	0.38626917797086924	0.039310754992654566	0.0559397228462268	0.06430567419844226	3.9408059004425224
0.04968682302247457	0.3166688104741012	0.03651825771951659	0.05881249448448969	0.06608461000416166	4.686396517505592
0.0475637508350402	0.2581150909428531	0.03441512568401815	0.06261518014615094	0.06869625622519068	4.699480180517439
0.04556296913085754	0.2098284641324469	0.03288596822158087	0.06735407253731923	0.07208749068440445	5.124742723479942
0.04367628267415687	0.1705548912024689	0.03184950704604689	0.07301021234813691	0.0761904715760097	3.1751339513502836
0.041896116861747885	0.1388965046321054	0.0312504437515504	0.07951193794030799	0.08090626971063372	5.393100871273406
0.04021546585380963	0.11350773292592713	0.03105401445632224	0.08670356422549749	0.08608964490613037	12.6569661047
0.03862784541970983	0.09319214830846001	0.031242407432670385	0.09431596129335035	0.09153812266204231	14.211598522777638
0.037127250037545856	0.07693606345277204	0.03181249913779315	0.10195006092062944	0.0969899785440749	9.272657167974588
0.03570811383428253	0.06390672441813001	0.032774532019384156	0.10908811112334248	0.10213594175769365	3.303829952756579
0.034365274996207264	0.05343357207552474	0.034151448282294855	0.11514530079424526	0.1066472694533598	1.9728368155186655
0.03309394331755257	0.04498351796263806	0.03597862333587543	0.11956221198111222	0.11021793603543735	1.5406078522308642
0.03188967058909816	0.03813605587523269	0.038303713799287445	0.12191816236205597	0.11261237510275425	0.9088638585866899
0.030748323558845225	0.03256089580778839	0.04118624090328261	0.12202768487509999	0.11370566564682173	2.0730079634666527
0.029666059223865327	0.02799905157064979	0.04469635765138974	0.11998177454634947	0.11350357033447556	15.379593281744507
0.0286393022365509	0.02424741850013785	0.04891198418656458	0.1161172774687738	0.11213620944035646	30.151951924165395
0.02766472423004755	0.02114647888389223	0.05391314293664191	0.1109296409015085	0.1098284530903892	18.412645139093346
0.026739224886929633	0.01857064000745945	0.05977193286184424	0.1049655427397646	0.10685747113419046	24.92871791031329
0.025859914592434877	0.016420708019677297	0.06653630319304567	0.0987315443878902	0.10350995322994024	37.73431340888253
0.025024098529032302	0.014618055494999503	0.07420595611450997	0.09263850860364183	0.10004846640951143	18.92050339959663
0.024229262082953923	0.01310011293136708	0.08269990658538687	0.0869827974812578	0.09669100458273662	5.820224200534508
0.02347305744575299	0.011816885965927549	0.09181822066553208	0.0819538623423589	0.09360296259632621	3.1898550959027077
0.022753291305111674	0.010728263138929599	0.10120577561417499	0.07765523081165977	0.09089806408154504	6.14168259448254
0.022067913529151564	0.009801931373679676	0.11033285703378161	0.07412865821282769	0.08864416953682513	25.435337610252386
0.021415006757514073	0.00901175829339747	0.1185127993358276	0.07137545724865041	0.08687058775890778	21.32260150716944
0.020792776820594612	0.008336533403705623	0.1249745395896075	0.06937250952631065	0.08557467541072268	4.516526679405056
0.020199543915617228	0.00775898563152549	0.12899183917277815	0.06808256577631522	0.08472661810922626	8.819072244912828
0.019633734474821748	0.007265014244776913	0.13004224617546503	0.0674593855650537	0.08427215341311686	12.23240519737545
0.019093873666969827	0.006843085088193066	0.12794205722622443	0.06744851695054316	0.08413363510086729	15.513100319505794
0.01857857847873408	0.006483755424976243	0.12290053491981306	0.06798448788514777	0.0842103303061687	15.33869482028969
0.018086551327370335	0.006179299315984837	0.11546759259392854	0.06898517764697279	0.08437923812192637	8.749762080218845
0.017616574160444296	0.005923412053084887	0.10639764894682832	0.07034436861801663	0.08449798350402747	3.092087090448381
0.017167503002334442	0.005710977194125176	0.09648622017511953	0.07192407207550683	0.08441132812848845	2.6774170246483946
0.016738262910809973	0.005537883606895245	0.08643558995151399	0.07354916249361532	0.08396233404622022	2.629629356214095
0.01632784331021866	0.005400882909451479	0.076779334559144	0.07500786233598497	0.08300805447629489	3.4881130854480986
0.015935293670753047	0.0052974800154569875	0.067865014825324	0.07606201682750864	0.0814379007445678	3.674761471155496
0.015559719505921747	0.005225851324267345	0.059876364501797216	0.07646988310704668	0.07919105717219839	2.4271308872836594
0.01520027866276566	0.005184786565967932	0.052873217667273216	0.07602053821525984	0.0762683557057065	3.2279865705045037
0.014856177881546802	0.005173651522336306	0.04683308038690463	0.07457341774181582	0.07273468499480028	3.2648609253049807
0.014526669603627657	0.005192369875995857	0.0416858778127877	0.07209137115580863	0.06871042595730754	6.850144309053052
0.014211049008065251	0.005241423357576164	0.037339278939638655	0.06865466510502816	0.06435371418187062	11.52363957512345
0.01390865125908849	0.0053218702205492935	0.03369528154981281	0.06444883784356557	0.05983804355942318	5.827861793845675
0.013618848948122535	0.005435382925734168	0.03066001058083089	0.05972930535188065	0.05533063943322388	3.1030183700873053
0.013341049715386117	0.005584306809491798	0.02814880895138722	0.05477458157428754	0.05097594825063862	8.446724020946544
0.013074694037328312	0.005771742487882285	0.026088339967412458	0.049842803433620124	0.04688632069499006	8.906594642388914
0.01281925316730235	0.006001655860557487	0.024416949758184356	0.045142226253145144	0.043139668117954506	3.479272837584495
0.012574227217905623	0.0062790208704032405	0.023084122558951297	0.04081903023839681	0.03978237149132374	0.6817468955063679
0.0123391433743567	0.00661000169349254	0.022049549507789458	0.03695955901364333	0.03683522795835428	2.267188544927271
0.012113554229139808	0.007002182816150746	0.021282118623908663	0.03360125417350173	0.034300480728227	4.622369485124524
0.011897036228933129	0.007464857517928217	0.02075899816319204	0.030746754170889012	0.03216859026326938	3.5770261136091963
0.011689188225554975	0.008009387590761283	0.02046490475346823	0.02837738130241127	0.03042404282392766	1.0555249755593228
0.011489630123319593	0.008649649563754826	0.020391603108601195	0.026464178337376864	0.029049986497455178	0.47205527763165933
0.01129800161579486	0.009402584977310537	0.020537662440831914	0.024976082681961775	0.02803179491421603	1.300376179224949
0.011113961005505518	0.01028887376171317	0.02090848700805894	0.023885618556988935	0.027359816282571836	1.5018762495005689
0.010937184100629438	0.011333749396305536	0.021516638661994877	0.02317280104751804	0.027031623902921357	0.6667387790805516
0.010767363183197518	0.012567970237442714	0.022382473713156846	0.022827988566483298	0.027054093305430994	0.8548572748245217
0.010604206043731622	0.014028949732659026	0.023535121461119097	0.022854355052056602	0.02744562636430884	0.6695779027815228
0.010447435077644502	0.015762023418181136	0.02501383341021894	0.023270579286900545	0.028238846593790053	0.10710547985088181
0.010296786439083225	0.017821783417185277	0.02686972466134382	0.02411431708090908	0.029484114597037616	0.19224125673839135
0.010152009248225846	0.020273327598176166	0.02916790259556287	0.025447055510451753	0.03125426273494554	1.1281173344678241
0.010012864848343007	0.02319313068540351	0.03198991658133463	0.027361054548724704	0.03365101891833094	1.3385190051913765
0.009879126109214216	0.026669023112622068	0.0354363396577601	0.02998925396430452	0.03681365980414677	0.6534966234607296
0.00975057677374306	0.030798434841039193	0.039629068037171186	0.03351922594245719	0.040930446174079406	2.7099354717016158
0.009627010844851899	0.035683616382098965	0.0447125383155407	0.038212371362191286	0.046253212001599514	5.480528551198532
0.009508232009952296	0.04142203184297136	0.05085244328169653	0.04442928126773171	0.05311480626365621	3.709250976008876
0.009394053100487647	0.048089696068770504	0.058229613330864266	0.05266076751406747	0.06194731674055835	3.5758070208910615
0.009284295584227905	0.0557152934182223	0.06702554007378025	0.06355985746194123	0.07329500731911331	4.980898019473948
0.009178789088166642	0.06424418212016245	0.07739480486237549	0.07795979583762636	0.08780785022121072	2.8319299418292543
0.00907737095002683	0.07349482216672701	0.0894191951736635	0.09684155357522033	0.10618731439609382	6.341845140202683
0.00897988579652649	0.08311647192939073	0.10304013331512976	0.12117670289560899	0.1290357882442843	44.766799834643535
0.008886185146688904	0.092565367724157	0.11797266722622289	0.15152603616783517	0.15654472228935123	73.08866751303287
0.008796127038605432	0.10112300179227321	0.13361796370866666	0.18727651055573086	0.18797916715545004	34.63747795395281
0.008709575678173093	0.1079769528748543	0.1490108750806885	0.22559431620545783	0.22104614454416086	2.899023570779023
0.00862640110843437	0.11236493231068619	0.16285518651054018	0.2607161212044572	0.25151846963816493	5.685833780154612
0.008546478898244367	0.11374885702425672	0.17369196957818242	0.284812432083846	0.27376331783137753	6.8575724000369656
0.008469689849080702	0.11195649695375891	0.18019778984139387	0.29115380990500594	0.2825812101868589	3.793938268376131
0.008395919718894997	0.1072291497739009	0.18152880261635884	0.27794163624137824	0.2756477443901283	1.351153069973586
0.008325058961982164	0.10015313490351717	0.17756690975710693	0.24942789562140286	0.25479279045988307	1.2833157862782598
0.008257002483915315	0.09150732314926589	0.16894751037276456	0.21321071712348882	0.22500045433561677	6.041969980190531
0.008191649410660383	0.08209142370360518	0.15685709495460382	0.17637042592617153	0.19200366896621143	10.98656308305003
0.008128902871046015	0.07259311674688237	0.14270519967961434	0.1433437048900038	0.16028241440081076	16.192578582534708
0.008068669791821224	0.06352004786273571	0.12781461983574788	0.11591113025086833	0.13236756925428236	15.214183001133392
0.008010860704585732	0.055190906471594	0.11322593423466797	0.09413818639612104	0.10914530497299128	4.478861536753349
0.007955389563927074	0.04776366165883545	0.09963356655895855	0.07729783806288111	0.09049321290169265	0.2647525378520232
0.007902173576143413	0.04127837854815725	0.08741666758400589	0.06444944650578065	0.07582651512356936	0.30812098555284195
0.007851133037973147	0.03569920020299265	0.07671451321926986	0.054713751153837184	0.06443756032553996	1.0544056405964066
0.007802191184790613	0.030948117483048494	0.0675081569933242	0.04736716693516042	0.05566334188620871	3.437818976096813
0.007755274047763657	0.02692881824899236	0.0596884670299076	0.0418509187927836	0.048947921739688156	6.18131915339644
0.0077103103195012975	0.023541823037902018	0.05310474812905184	0.03774854188014228	0.04385203292933467	7.3111779368843
0.007667231227750801	0.02069308511863626	0.04759566236838021	0.03475656600773591	0.04004088795001193	6.017115384543699
0.0076259704167313085	0.01829817763319038	0.04300680061713565	0.03265796611611625	0.03726580583471817	5.373726575679878
0.00758646383571758	0.016283745813280355	0.03919930715605456	0.03130101084495672	0.03534641253622099	4.308990611460042
0.00754864963451107	0.014587404620920513	0.036053032772422694	0.030583378253598255	0.03415572184881345	1.3673654347759165
0.007512468065457925	0.013156847308780289	0.03346662660967006	0.030440502848129894	0.03360839521547757	2.6583373976822275
0.007477861391693608	0.011948628834411657	0.0313560988190866	0.030836927097474424	0.03365165729048228	9.10166032313964
0.007444773801312522	0.010926886619228054	0.029652760661450537	0.031759437667505934	0.03425802719748495	15.804803527254181
0.007413151327178121	0.010062134682338004	0.028301040793926018	0.03321075607409417	0.03541887071491477	9.842679836239796
0.007382941772104666	0.00933019194742437	0.027256426594890474	0.03520245528928601	0.03713763175666713	1.7412141260024052
0.007354094639155814	0.008711263202712764	0.02648363408610785	0.03774561653352177	0.03942142581359665	3.0457631068957194
0.0073265610668185035	0.008189169039585359	0.02595502969937217	0.04083767465696134	0.04226955003300117	8.51996181286243
0.007300293768822214	0.0077507107749348455	0.025649285194804004	0.044444264890720266	0.04565761755467948	9.300261388639258
0.007275246978384535	0.00738515267618928	0.025550226680748092	0.04847624964750064	0.04951689949276289	2.9914074486313877
0.007251376396673389	0.0070838036286047686	0.025645829834354778	0.05276513462615094	0.05371065975549971	0.8830596519325359
0.007228639145285553	0.006839681895784396	0.025927310371573677	0.057044931975505316	0.05801319873645631	0.528553668655634
0.007206993722548354	0.006647248812126882	0.026388258674849393	0.060953636185609714	0.06210229312380156	4.419063486627187
0.007186399963459112	0.006502199571718762	0.027023769242551895	0.06406850208147565	0.0655787864936847	10.98620996568329
0.00716681900308273	0.006401301478073523	0.02782951962189187	0.06598043417002403	0.068023081386923	10.439098436094442
0.007148213243234078	0.006342271981739604	0.02880076115497195	0.06639254550639533	0.06908337356637259	7.902076530405345
0.0071305463222765715	0.006323690527516757	0.02993119750333528	0.06520626076263832	0.06856891022449334	9.513582668792436
0.0071137830878729245	0.006344939668107148	0.031211749344232417	0.06255401613687106	0.06650835755472168	12.536075466355278
0.007097889572528606	0.0064061720995179615	0.032629237511424596	0.05876080997256771	0.06314377344942615	12.639408757578618
0.007082832971771618	0.006508301258991475	0.034165063431860716	0.05425371520662082	0.05886235352784617	7.2685970971854
0.007068581624816237	0.006653013913600497	0.03579402293633528	0.04946133385138929	0.05409858573370998	5.101338062960499
0.0070551049975610645	0.006842803755985044	0.03748344977993334	0.04474006855904313	0.04924715604534708	6.226128559969494
0.007042373667774552	0.0070810253887615944	0.03919293350683926	0.0403414481904615	0.04461141191516049	3.3136356171013595
0.00703035931232433	0.0073719681639267546	0.04087487048943241	0.03641394804430339	0.040389846311648714	1.224291285812562
0.007019034696308709	0.007720949045619772	0.0424760619391178	0.03302398000033407	0.03668877753514149	1.8589893488680007
0.0070083736639515734	0.00813442281847875	0.04394044963128273	0.030182262672198906	0.033546537898234904	3.6700536764515235
0.0069983511311242285	0.008620106318200937	0.04521287961046513	0.02786739085206815	0.030958465594457966	5.589290201754936
0.0069889430793605035	0.009187110550335319	0.046243537707238255	0.026043546580465083	0.028897397125461913	14.048460134653896
0.006980126551233596	0.009846070077552541	0.04699247203719238	0.024672371431735295	0.027328335091593443	31.416944776628775
0.006971879646966388	0.010609252214936665	0.04743348712628047	0.023720293187139585	0.026218020354414742	32.33771452274958
0.0069641815221494	0.011490618528180474	0.047556727462060966	0.0231628119428795	0.025540811821231895	15.79928701417225
0.006957012386443777	0.012505796925049585	0.04736948171038711	0.02298700933942671	0.025282237222695313	6.036138989188219
0.006950353503150048	0.013671903395686845	0.04689508338536903	0.023193192181689772	0.02544127642483014	2.732917822086
0.006944187189526761	0.015007127839912255	0.04617015863713313	0.023796257290515738	0.02603209735941539	1.589065192462881
0.00693849681774699	0.016529969417912255	0.045240765538566	0.02482709125347207	0.027085652542026547	5.461831141087955
0.006933266816384698	0.018257977243720244	0.044158105567258917	0.026334061329786634	0.028651244982549704	11.001596099387708
0.006928482672327551	0.020205830679848217	0.04297445220838897	0.02838434253528421	0.03079782118269515	9.219878097728927
0.006924130933017111	0.022382596224577434	0.0417397761009533	0.031064362487506884	0.033614246103515606	2.737304329901661
0.006920199208922646	0.02478805107638675	0.04049932270677621	0.03447790640880334	0.03720703527709139	5.296254098198405
0.006916676176160138	0.027408102283783854	0.039292185984545376	0.038739293233405386	0.041692849823614805	6.61462212631847
0.0069135515791734995	0.03020959194305769	0.03815076451573769	0.0439575194853492	0.04718152770802537	3.802592875527643
0.0069108162334012655	0.033135181246970465	0.03710089981097253	0.0502058089530158	0.05374400836347444	5.52590542723982
0.00690846202785807	0.03609951162140095	0.036162472172392185	0.05747103860746831	0.0613597095861166	4.745622565595037
0.006906481927567105	0.03898831100556994	0.035350248155175554	0.06558209587874633	0.06984285457908188	6.704392208865533
0.006904869975786136	0.04166228425848054	0.03467481453337201	0.07412961352819329	0.07876111989721506	17.13371874492035
0.0069036212959772796	0.04396716303070437	0.0341434802198812	0.08241315376360256	0.08738388519682525	12.422680917659218
0.006902732093477565	0.045749958979447634	0.03376106947787384	0.08947510630190371	0.09472009648747895	4.3717481584975575
0.006902199656835225	0.04687939929624635	0.033530562188160466	0.09427363720348024	0.09969742004249353	4.911835885869547
