$p=5$	$p=10$	$p=15$	$p=20$	$p=25$  $\text{FFT + Hann}$
0.15274154899104941	5.043507340467831	21.446817544721572	871.1107458413882	0.10549124227545689	4.304713831174398
0.15295490801818962	5.071217883352376	21.286017183507248	553.476781870739	0.11023126534616925	4.997669990527971
0.1535969853302881	5.155066121411657	20.819552831275136	218.0662167100458	0.12598400702767565	13.31994395217554
0.1546738163905982	5.297202950615303	20.09189784682659	86.39869781540274	0.15834319218549625	12.187541752091326
0.15619557714496737	5.501210363455397	19.167257434331585	39.537173676852355	0.22105123815929834	4.339486159725841
0.15817676259538851	5.772073455163791	18.118269160841443	21.021364538287205	0.34840367385838106	8.843609772450568
0.1606364435590843	6.116088815727131	17.015483354060514	12.735594866950592	0.6362238278287516	9.588765148304867
0.16359860867998252	6.540645490627384	15.91987940020632	8.624633484178688	1.402584250937116	3.7019597255132415
0.16709260124041453	7.05378110532486	14.879147378354062	6.433952717000121	3.9812871490476534	5.608329468967451
0.17115366318085543	7.663374354728544	13.927228462639695	5.233816388237713	15.773356179401654	17.04199241068737
0.17582360209774656	8.375793074832124	13.08601710694275	4.612649772104239	77.01967192223148	21.232257140148334
0.18115160100445216	9.193794801982337	12.368107858162858	4.3893242136842305	113.81649542927208	20.025060244753217
0.1871951954952624	10.113516198601928	11.779756528437517	4.506957839698232	29.176614331727595	20.178613075214933
0.19402144888235834	11.120558878389323	11.32357974002478	5.004164143962052	7.27464643164421	9.504370851918786
0.20170836317964017	12.185568265584438	11.000805257235848	6.039767815441032	2.569862404946951	4.372724611720294
0.2103465728679224	13.260356931840562	10.813069333638943	7.997301561906204	1.2052400832149652	7.697956095567569
0.2200413796865905	14.276432601351374	10.763849354365751	11.789323983715983	0.6994553689895967	6.133455953588074
0.23091520089742676	15.148329721038156	10.859648436987646	19.799381643396444	0.48033971173551393	4.003638676275045
0.24311052139225492	15.783662787702378	11.111036851707894	39.27820220427243	0.38017440285933907	1.871946292896786
0.25679346276351345	16.099654516740763	11.53361418246655	97.42755448501059	0.34188133903481954	5.877154446486061
0.2721581114727699	16.042345417630372	12.148882088134945	326.82872229823323	0.3474428500679529	23.376966808007623
0.28943178545695386	15.601672610651555	12.984889144170218	1454.9770712238353	0.39994767622101796	44.7769761553743
0.30888146646973275	14.81576341140581	14.076284907840098	3219.6623857158797	0.5270035252806448	31.75764794429864
0.3308216876094785	13.76207140498624	15.463037142252611	988.7688303942017	0.8120491296322024	5.5022680500260295
0.355624246489001	12.539017222474474	17.18645573373218	207.2673394641453	1.5194682059669897	2.4765566435797477
0.38373022068410284	11.245551321572163	19.280325605503634	59.501798770386	3.681738946839895	2.225955545407989
0.41566490212198587	9.96542942141431	21.754139381297993	22.737514477753678	12.749169435520583	0.7485279416438041
0.4520564528801429	8.75932494337193	24.565579485627623	10.713228122498586	63.203135730751	6.076408393012007
0.4936593330458912	7.664117952483083	27.58267755557694	5.903245105833333	125.86484234835048	11.344927187961344
0.5413838850381953	6.696700353580058	30.545568673271063	3.677718518220465	27.631324648665206	10.0441136565085
0.5963339108358853	5.859514699100754	33.054063309138066	2.5346287618784955	5.264570572000072	7.91679523701826
0.6598546954118182	5.145912586918852	34.620143979716666	1.9050485648602857	1.4951559231690075	5.09555054023953
0.7335947780680412	4.544420922169144	34.80795857741138	1.547137688764685	0.5797908335016548	3.993047556470705
0.8195859498861178	4.0417191040311495	33.41935231336347	1.3498819252371919	0.28109992171675763	3.442765716776491
0.9203476013004819	3.6244978510362604	30.611490940349174	1.261561401813832	0.16131025117749737	2.7602055846357807
1.0390238672522973	3.2804897711953487	26.849059651896187	1.2620947834720253	0.10597586019695837	2.8584449114217314
1.1795653294271067	2.998950155234208	22.715947176847376	1.3538392216196249	0.07809581658288461	0.9835664884241615
1.346971804966446	2.770806010988071	18.715166675335514	1.563703226846064	0.06377073546631719	1.2867971067102417
1.5476196954374282	2.588625555135123	15.163598792126356	1.9590400313827336	0.05733107523191348	2.576700577719872
1.7897075972601288	2.4465065527103373	12.192473718881805	2.693473154746564	0.05664297453372719	4.035537042705238
2.083869123110929	2.3399436941305534	9.80333414943986	4.1389608546032735	0.06165967887538944	12.426392854305746
2.444024916985211	2.265710714093311	7.929937136270758	7.317799433434499	0.07450926741699647	12.01304140176006
2.888581127234956	2.2217789031371944	6.482910058795079	15.620792429361968	0.10136262569011609	2.640040629341113
3.4421364594647508	2.2072871516256605	5.374605971756953	43.83880820853671	0.15902875288056048	0.4329511078981257
4.13794660634939	2.2225777775882563	4.529768991404884	189.4394503550288	0.2999612402499856	0.23783955055077688
5.021534185131889	2.269316295585663	3.88821035542365	1518.2064990621266	0.7340292451235622	0.46260753853415004
6.156060514797498	2.350722312745709	3.4038145700904954	3868.820003567924	2.7224992819021474	3.7933289799019123
7.630456940255219	2.4719546230405247	3.0422995422704417	440.9710630571863	22.069830064215072	5.340736374993696
9.571964920083392	2.6407200922177085	2.778892328892512	67.92021282994455	452.5356719987432	1.9896249059435787
12.165874047061559	2.86822030798724	2.596392395809809	18.05302899433993	44.13269315839303	0.7207744218710008
15.687294749143053	3.1706257426838675	2.483773352499953	6.752790465986239	3.3924609426922103	0.6770568471878813
20.553587890799747	3.5714000355945994	2.4353599836011393	3.165495247879985	0.6743133449434486	1.065953189447594
27.413298599234384	4.105037105148224	2.450617348247357	1.7454977505847575	0.21805371791503753	2.5689460933923636
37.301728991244374	4.823222424434453	2.5346667204530693	1.0912677243130902	0.09441133641194202	1.9797045784783531
51.92267810009766	5.805299571439318	2.699810183955852	0.7563574067964886	0.04993678324666379	2.275679987229926
74.17910337120357	7.176680625708435	2.9686701201718746	0.5731238748045377	0.030729842747012	9.591383728740952
109.21849652540372	9.142560002457566	3.3802080989621572	0.4708078866187469	0.021396508768735903	12.625680988387114
166.60155972711283	12.052602087608763	4.001312566166011	0.417453243783582	0.016586844534793987	10.227219256339648
265.0806366850454	16.53201783024131	4.949947864879132	0.3990986292022863	0.014193548471664607	6.649637065437446
443.9027278022925	23.764877559125367	6.444110281223108	0.4122774990655839	0.013367466355383877	3.8917772227293965
791.9048360138999	36.15591818317023	8.913322912599291	0.46283988285704897	0.013886263241306903	2.6265340974324682
1530.4390665867847	59.0311737960321	13.27738460051209	0.5706139646541314	0.016036595445496925	0.2112232778268464
3280.7667316722527	105.56655366256453	21.730965051284663	0.786125406250533	0.020909703209309568	0.4125467941554638
8063.36226347767	213.50289608599564	40.32263253466314	1.2458850328283775	0.03163921298047734	0.3620580267114921
23679.669093936398	515.5086023980715	89.44555127653358	2.3895411152275017	0.058371925194748674	2.1228173656725624
84340.86068133269	1647.4107261438592	262.3495058701993	6.115593588434135	0.14460705345692085	6.1306740479230815
287814.70288818475	8833.27943491438	1282.0913904136737	26.15158421302438	0.6013165261076912	1902.9653786582587
367735.95846804546	175533.9482608285	22627.36362546871	393.9124700730408	8.79985059329906	9855.147588666729
138881.62906973757	65041138.9664225	164742835.25782722	16242567.012731848	483102.3229871255	9965.208870887673
42536.276841195846	62492.26185846128	9691.871357571765	171.0786880617961	3.859028886930139	2010.9123564566746
15530.8155586005	5056.636854268149	674.0853885079473	10.492821324683733	0.23345979527586982	6.754145146557256
6844.080888746786	1092.5463703008463	133.94280616207823	1.9102599182024451	0.04229589619430434	5.280655049196023
3494.84075975585	364.0605954927937	41.816167380741376	0.554727551204937	0.01228129703447089	0.4755374600177043
1995.7997659346213	155.23299100546814	16.857392425983836	0.2101057123605329	0.0046683619661121644	0.1279573845739064
1242.4271942411099	77.71327061592123	8.026581537517272	0.09475277119762343	0.0021195820127120867	3.529995245307663
828.0228430900042	43.59047096108238	4.302002846380748	0.04844064466175103	0.001093977183249931	11.12793507009518
583.1960947188471	26.632425299014123	2.521480021992182	0.027256070834799594	0.0006229872077707031	12.632445820504426
430.0142154998089	17.401766353614846	1.5862061686831272	0.01655897151134537	0.00038390897484285544	9.178168761185951
329.597047155684	12.008573003276368	1.057382997261302	0.010720679681559646	0.0002526096777656417	6.1182622718606225
261.2082158732755	8.67407805749176	0.740158085145131	0.007327623437162606	0.00017578196488122536	3.5709012489586396
213.15459139008607	6.515340178090095	0.540427837152397	0.005251219252297948	0.00012844150769925926	3.626400392630323
178.525715190631	5.063922803524292	0.4095373490098595	0.003925121919090206	9.801316996832061e-05	4.237095228368469
153.07214287406765	4.057234864262927	0.3208671239257037	0.0030479378712101046	7.778173815237026e-05	3.7974227964039935
134.09169464184217	3.3411212624001307	0.2591444611577955	0.0024511450865481463	6.397902814027706e-05	2.4560971070157707
119.8176847742206	2.8214883223909455	0.21524688739375583	0.0020365016740415288	5.440140687075448e-05	1.6091786898987843
109.0695380081037	2.438989333313841	0.1835372568757764	0.0017447166049346472	4.771661673813917e-05	7.935916125573722
101.04657596250793	2.155172109824216	0.16043339117774655	0.0015390205424767164	4.3099730474022154e-05	13.850961495815504
95.20305529187526	1.9446047957028538	0.14360992355535057	0.001396207315410837	4.003459812827619e-05	9.451196585325041
91.17110674837265	1.7902564574508681	0.13153834493133904	0.0013015980710939274	3.820261929398387e-05	5.1362367688721395
88.71309271509443	1.680721936626941	0.12321550834827856	0.0012461611708231796	3.7419968456899496e-05	3.2020248934319175
87.69298236796145	1.6085349455760736	0.11800163998207937	0.0012248806233055396	3.7603459328425656e-05	5.382403414843705
88.06097116770715	1.5691547624342956	0.11552528618395788	0.001235903877010722	3.875506667727314e-05	10.524201230702122
89.8484392405158	1.5603991811811706	0.11563234064095637	0.001280240346266543	4.0960709459111055e-05	8.835680051734922
93.17238450755184	1.5822069798358838	0.11836786971364124	0.0013619335728929265	4.440270517965613e-05	4.242993313706685
98.25028203583743	1.6366877530848112	0.12398734242746265	0.0014887529803219832	4.938881714925946e-05	3.9685860322721354
105.42842773376499	1.7284804647996102	0.13300084577762156	0.0016735918736018839	5.6405339090133555e-05	2.806620655293818
115.22986008230578	1.865515410156477	0.14626236293517922	0.001936972053676939	6.620898908551134e-05	1.2844399585923152
128.4329486968045	2.060383976428061	0.16512950563698714	0.002311436939150829	7.998578321739967e-05	1.320285610677289
146.20060998320102	2.332712662523456	0.19174319466926992	0.002849357210895968	9.963129173382924e-05	1.4339297439783047
170.29669439425658	2.7133056670073987	0.22952415949178764	0.0036372023292037745	0.00012826076298472162	1.9041346524134393
203.458462881311	3.251570372206591	0.28408202007045485	0.004822650643340241	0.00017117480219672356	1.3255651761100844
250.06002860398087	4.029358708840192	0.36495118964691425	0.006668520951962894	0.00023777440254861538	1.2631527949748578
317.3422931683681	5.18806819349844	0.48908111578222435	0.009666066228223247	0.00034557134123213904	1.3423076923700497
417.8001336804847	6.9849589739125415	0.6883023916519588	0.014788782132688843	0.0005291440898967898	1.3275118954150376
574.0635348695263	9.918904773190132	1.026535786760883	0.02410647116151906	0.0008617351432674501	1.1989929868161404
829.480775865503	15.036990707440566	1.643252497928998	0.042416928244563515	0.0015124469601333797	3.5966319987391224
1272.5965086340373	24.768923116378737	2.8765425678911773	0.08212086804525279	0.002916537091998168	4.2354431934024115
2097.7137169022767	45.54400208090304	5.66732088903441	0.18017217867306773	0.006365458589034542	1.7016903033422748
3763.7462058142673	97.72857645512916	13.182843946061064	0.4704896638407962	0.016518466990595632	1.5175631209151348
7414.387758698002	265.3179141898516	39.55708153238661	1.6016844988573595	0.055837992844798165	1.952575259015345
15766.89843545296	1082.3468756068114	185.95955492444392	8.691572699832575	0.30071419175080266	978.2484972455796
32480.81208153057	10796.523141735659	2468.7556282535525	139.7908025520416	4.798573972986133	4960.790448259261
47852.84993244758	4623515.174043501	27974126.03734001	12369144.68425549	421299.8940568663	5036.463454399398
36397.74303407072	56304.641673721904	5561.743905721788	315.8965143174029	10.691683752660264	1054.836480754753
16547.620727014775	2056.3556325925515	289.68192536687184	20.647875359364278	0.6943616468985196	3.8144792248713104
6517.699717087932	330.3020852614042	55.443126780580194	4.756654501539687	0.15916724543939922	2.014713815268386
2684.038742965478	92.42715382899289	17.761207887815214	1.8300287963726865	0.06104516691433036	0.595382848916753
1210.2592466516753	34.7052750262434	7.540241515700961	0.9387935439185607	0.03129193867374405	1.0138559768801798
596.598649699733	15.65459521238879	3.83279435350256	0.5822616430135769	0.019451084618541486	1.0746897110749403
317.54427625422124	8.010214275066463	2.211701328054843	0.4149607170727048	0.013944453570998128	0.589834675641927
180.16836619139528	4.49603674849274	1.4040569812607797	0.3300217925221781	0.011206811140461594	0.39098894872614787
107.79494852690391	2.709754750018615	0.961184030639108	0.28776514003352366	0.00993001902357103	1.9377280190880508
67.42021271900958	1.728551486439523	0.7000771415070344	0.2721430745843636	0.009608929566606875	2.470552121251922
43.77887895450743	1.1552010443630094	0.5374084870689838	0.27740174356817965	0.010108282330738875	1.7852027228749936
29.352730145819123	0.8028012345235435	0.43183982167173535	0.303904961726568	0.011553099255388223	1.9962505928801242
20.23212400605294	0.5768757819244963	0.36142387040582236	0.3578392875131479	0.01439125156359555	1.3092673695779937
14.285862934372304	0.42676181865345697	0.3138721786776366	0.4541061623282199	0.019680232910593863	1.0238068234603932
10.303546450759557	0.32390964323584004	0.28203161732328497	0.624654294159572	0.029917961699951687	0.8906462070550193
7.5725790209091	0.25153575414811513	0.2616491269637637	0.9401023362425659	0.051580368810955485	0.7137956960694756
5.659930757100088	0.1994066013849257	0.2502149963966028	1.5693729610129543	0.10405935490115005	0.8422115845640905
4.29495566400985	0.1610802519449122	0.2463486125312875	2.9614069549164235	0.257815913733194	0.4053774533854587
3.3042000758307446	0.13238607519858445	0.2494762310620647	6.459647556411224	0.8381276586332793	1.6144834097687575
2.57396695559447	0.11055579042657994	0.25967950813282625	16.464982139045603	3.6008319077374145	5.054776473639278
2.028198274651023	0.09371059526070942	0.277655122153537	45.49426055656288	10.71221498922742	5.915598986978999
1.6150677453839526	0.08054967161395638	0.30475515150557514	92.79000002960727	5.364579178505134	3.7653886383147954
1.2986622763580336	0.07015608147934813	0.3430874100095214	76.12355797482547	1.2867921171206986	2.3493765771612316
1.053710246541792	0.06187298289378693	0.3956437119494046	31.25979019446701	0.3879307783513613	1.5403481731151756
0.8621753456985138	0.055223021049688806	0.4663779730074473	11.753386405513073	0.15578081907122376	0.9487759103842566
0.7110163605348145	0.049854829851993174	0.560045001220182	5.035151478361654	0.07797669974485767	0.4089988052383886
0.5906895114405452	0.045506910654317924	0.6813956478422568	2.509539311780037	0.046129018289902665	1.0347736847033393
0.4941319764777278	0.04198286341857158	0.833017903719496	1.4252654177561017	0.031140652638048084	1.8314108847632204
0.4160622807148336	0.039134167578100135	1.0109953151324962	0.9014468788971448	0.023451462977343258	0.9897714716953301
0.35249247382799953	0.03684806944965042	1.1985559134287602	0.6233325795451004	0.019412215141764562	1.412130089629438
0.30038383773709953	0.03503898129444185	1.361401922344563	0.4647293317632284	0.017493083761462466	4.020670315104824
0.25740112931104264	0.03364233622647199	1.4532361086464374	0.3697134190489682	0.017056767316246953	2.9852214714327894
0.2217352898054456	0.03261019196167218	1.4373138977537019	0.31138716655643534	0.017929888285948728	1.1155869296203762
0.19197426900747575	0.031908106173463874	1.3118260426827448	0.2759799119481647	0.020277140586444066	1.254545362876914
0.1670080225394522	0.03151296053257804	1.1133521023593853	0.25616560565995383	0.024635194473278697	2.743779178526121
0.14595802395076357	0.03141151648603112	0.893129807399001	0.24804901155464928	0.03207934105229338	3.261635153006248
0.12812452923269393	0.031599560681805826	0.6906247134146988	0.24973441215601813	0.044506925428293334	0.9597366467118379
0.11294681150106742	0.03208155280836851	0.5242641202767756	0.26062727146001524	0.06480966216231827	0.7088900634501387
0.09997295182940537	0.03287073084289007	0.3964287370597353	0.2810935872654298	0.09579063193782078	0.9459152094864689
0.08883672712869575	0.033989663217147255	0.3017368917972015	0.312288938206703	0.13489248427939937	0.40789974205551954
0.07923980873768875	0.03547126749722976	0.23278729514747068	0.3560337392580038	0.16515141675562237	0.41397234174727326
0.07093796363443107	0.037360342826426175	0.18282732391207207	0.4146121218194821	0.16248245725729693	0.4996092040970096
0.0637302930485278	0.03971568929565757	0.1465461673578018	0.4903375763726008	0.1280722337900157	0.27378936486543415
0.05745079105906707	0.04261291054015793	0.12004638494199954	0.5847001109145629	0.08720271704866607	0.35761237433224774
0.051961686244505915	0.0461480123858978	0.10056254120411062	0.6969808950127359	0.05622017515772213	0.3078816194322139
0.04714816186543003	0.05044191167428717	0.08616255768888897	0.8225420004087247	0.036609568919863646	0.15257294007846267
0.04291414789202221	0.055645938603080404	0.07550495302763748	0.9516345042961577	0.024915753219995902	0.27949772865895295
0.03917895095221687	0.06194832215241875	0.06766092693640559	1.0701347641716163	0.017988449212257944	0.5057896079867993
0.035874542743507445	0.06958143766417504	0.061990382024300114	1.1631460495359087	0.0138484836405151	0.35778736849278076
0.03294336847232472	0.07882917940337067	0.05805803697288614	1.2203612642981259	0.011379707510280047	0.14120093494977246
0.030336567960827274	0.09003306055379001	0.05557809325228363	1.2400304005011764	0.009977087029069116	0.23983216486672054
0.028012525735645666	0.10359434298278414	0.054379160540117974	1.2289546136504768	0.009328683080339606	0.3282596199890454
0.02593568454696698	0.11996742813225564	0.05438401755140774	1.1989919916722744	0.009303537378213307	0.2313839645312612
0.024075570728385436	0.13963673658689055	0.055601083260877066	1.1628041068275814	0.009907977932088082	0.7917487012273545
0.022405990611712185	0.16306556331968663	0.0581263534338929	1.1310968119043237	0.011294810752987007	1.0360400210492595
0.020904365611106042	0.19060208686656807	0.06215627087307776	1.111828786906829	0.013836987355811865	0.7615547385987675
0.019551180152503872	0.22232797797591783	0.06801382131332068	1.110705633665412	0.018321748253819138	0.6207196752098081
0.018329521772716878	0.25784499813573997	0.07619236415875802	1.1321311223459538	0.026425408491510087	0.5946856635180835
0.017224696769527457	0.2960229540652679	0.08742456348328584	1.180089806187806	0.041913683554544154	0.9872001857148301
0.016223907994350945	0.3347831320374119	0.10278728643653592	1.2587024644337437	0.07380966246019051	1.4161795626567204
0.015315983929467855	0.3710520746760137	0.12385659003362726	1.3722705919126406	0.14462529681067984	1.7302136969390576
0.01449115022596421	0.40104538536155676	0.15292624009676853	1.5245275745378768	0.3060949034030108	1.831335886293832
0.013740836506967362	0.4209607459014414	0.19328726685464798	1.716635677478761	0.6168985293135499	3.2418534394459044
0.013057512549184788	0.4279462918612169	0.2495049976661118	1.9434428534217827	0.8858168148962663	3.4467539174272277
0.01243454901074293	0.4209689600759153	0.3274571971447109	2.188180641032324	0.7110585331415094	3.0189625484155944
0.011866098726875919	0.40115150273328626	0.43350442740663425	2.4178821488304396	0.37728569168625653	2.0403741616419646
0.011346995287876575	0.37139481795481744	0.5715282253493613	2.584982428545122	0.1811897657966137	0.34147640337704055
0.010872666177951382	0.33549415584504133	0.7363315541257759	2.640937613165616	0.09243552049693622	1.5216914827864956
0.010439058214528958	0.2971847201967311	0.904417707275398	2.5593211723775333	0.05233064736788094	3.819075046817507
0.010042573405214918	0.259476527660639	1.0310818285114312	2.352455145695516	0.03293208026208632	2.8365161989857874
0.009680013649912724	0.2243942412201257	1.0683454427729853	2.0658366870002363	0.022830881948030592	0.7079740549716602
0.009348532971364216	0.19303448937783527	0.9994186477849221	1.7546912380635156	0.017264178498639985	0.41966746507188474
0.009045596168688677	0.16578253151968048	0.8534031374675283	1.4621751718597447	0.014120640454614012	0.4131650442023657
0.00876894296359203	0.1425588091218732	0.6809383273946498	1.2114545183095886	0.012412874166792907	0.974909678325687
0.008516556854363673	0.12302584072507147	0.52154884430183	1.009141766123166	0.011673611017382698	1.2316909515979826
0.008286638013895979	0.10673442715211903	0.3925692084648325	0.8523245624979913	0.011708781025417296	0.7053348768182189
0.008077579669059679	0.09321434799478881	0.2954692762365077	0.7343124014666536	0.012501831692931707	0.2486923810077339
0.007887947483346126	0.08202380971760835	0.22494183055479117	0.6479581832507173	0.014195786572794435	0.70329830633239
0.007716461535594691	0.07277193997701323	0.17442990948275222	0.5871293799272711	0.017133532802432207	1.2802070788284192
0.007561980547186564	0.06512537612798601	0.1383136189469863	0.5471513415498245	0.02196531527019911	1.162563520130818
0.007423488060208772	0.058806398694438544	0.11237268970710063	0.5247975494459101	0.029849140405605795	0.9556300712734941
0.007300080311334176	0.05358718704933027	0.09361864683133336	0.5181338203941467	0.0427498086889433	1.0132967088804068
0.00719095558180837	0.049282795015731136	0.07999023850946682	0.5263493458007129	0.06365380072378529	1.156725012285007
0.007095404834036155	0.04574419937837613	0.07008115734462023	0.549610500458727	0.0957874531873532	1.3930451946222284
0.007012803470689672	0.04285204362014808	0.06293665903207872	0.5889149869399044	0.1384957432253736	3.2751556440259253
0.006942604073733582	0.04051129661080895	0.05791268486530417	0.6458728865558827	0.17911950764613604	3.450993131699631
0.006884329998871847	0.03864683988159268	0.05458203857470959	0.7222786853477646	0.1939524251201006	1.833193261295262
0.006837569716154559	0.03719990264653391	0.0526737267884419	0.8192673402591449	0.17300761599428433	2.337715033564418
0.006801971800243935	0.036125229320809485	0.052035352439590316	0.9358238849198891	0.13325731470982266	1.9431526710867135
0.006777240484458236	0.03538885997141249	0.052611920798869005	1.0665991055376067	0.09540325510374505	0.8255684072562935
0.006763131701463469	0.03496641312117651	0.05443707476271011	1.1996239733503626	0.0674980029307426	0.5085733119049213
0.006759449540588673	0.03484177348621514	0.057634693416330714	1.3156454599544087	0.048991799775030015	0.48289957583878096
0.006766043057384377	0.03500609969354765	0.06243009452013112	1.3915085509152176	0.03717143129891719	1.7219859094157957
0.006782803375374244	0.035457076158894096	0.06917073033764781	1.4082913407071327	0.029710907933510874	2.4891009183403847
0.006809661023089338	0.03619833749806824	0.07835580601755605	1.3603305769824376	0.025069026965766465	1.534506528506149
0.006846583451522154	0.03723899185461678	0.09067141759185518	1.2583774101632852	0.022313963971933814	1.0353626938147522
0.006893572678178657	0.03859316012921487	0.10701979966894166	1.1240997189741746	0.02091095276432574	1.3340750422902699
0.006950663004012552	0.04027943001931279	0.12851281074465565	0.9804857207355749	0.02057627839808721	0.7902697531696786
0.007017918748765146	0.04232009592033761	0.15636330207261692	0.8447765636477386	0.021190546463118104	0.5617950733550696
0.007095431948673742	0.0447400178310982	0.1915503364068245	0.7264721150869428	0.022748318880632515	1.080303662325199
0.007183319958225848	0.04756488632389123	0.23408327487599778	0.6288199621161981	0.025322688605753773	1.255110310074179
0.00728172289471371	0.05081863269822415	0.28176545622093674	0.5513064108140561	0.029022541379373934	0.9767234102116261
0.007390800860896013	0.05451968788055539	0.32881122856405576	0.49171325180200687	0.03391468970262505	0.3308571435372874
0.007510730877241864	0.05867579717438238	0.3656110726368655	0.4473844679372817	0.039881762331969176	0.06230728536539205
0.007641703451204792	0.06327718410092376	0.38146475646971584	0.41585240018367997	0.04641823431845581	0.8020449336998473
0.0077839187069903455	0.06828808616961278	0.3701601862848555	0.3950685124624469	0.052471304953265095	1.5674523455415141
0.00793758199565126	0.07363712669645883	0.3342676408362424	0.3834246805292088	0.05657353823755749	0.8534053538565792
0.008102898902459778	0.07920768458821997	0.28370121174078733	0.37967165505222283	0.057445595465381166	0.9002628434813528
0.008280069566858183	0.08483033981250562	0.22989251316089684	0.3827836378568537	0.05475942403839285	0.9120150465543793
0.008469282230474169	0.09028040098590429	0.18094826184321006	0.39178554991431547	0.04935441627284743	0.7649852083370858
0.00867070593142923	0.09528402658669217	0.14048633825067683	0.40554889696324836	0.04267704103425327	1.503052818569064
0.0088844822693137	0.09953590837082248	0.10889863991421837	0.422572271270645	0.03602197156458859	1.476744036237803
0.009110716175727698	0.10272934069185581	0.08501635410386213	0.4407942739541252	0.03015667220066743	0.8498203824936443
0.00934946564128158	0.10459574961662753	0.0672387463697172	0.45753264748905687	0.025358227312723993	0.4139728440509105
0.009600730372591425	0.10494641034141228	0.054074511966321015	0.4696727945577746	0.02160790940401715	0.629748811303676
0.00986443938330816	0.10370611861763257	0.04431934495178013	0.4741841168912972	0.018761687017334185	0.4194772184065667
0.010140437562765163	0.10092903938563128	0.037064981312188675	0.46888191300466264	0.01664922037313203	0.0725834774095071
0.010428471315455868	0.09679148900356684	0.03164988017407756	0.45313631422736994	0.01511716842127919	0.38326325539679645
0.010728173425018306	0.09156342133448125	0.027600672413070255	0.4281443597042402	0.01404192222605535	0.9941101299009848
0.011039047367999277	0.08556672069885672	0.024581779891317223	0.39657578234329105	0.013328936502740682	1.0984658294109457
0.011360451385017855	0.07913126412524064	0.02235695022552087	0.36176858913163334	0.012907558924917736	1.2802270242621636
0.01169158270873597	0.07255835164379151	0.020761588503841303	0.326882071948133	0.012725231884593471	1.2644645091103812
0.012031462446790403	0.06609693670070821	0.01968359130998403	0.29434492805114515	0.012742492363815638	0.5732856274099076
0.012378921719626257	0.05993344579538654	0.019050541004382957	0.26569093940003996	0.012929174331157292	0.29193851139171534
0.012732589752450419	0.05419264510397545	0.01882163673212899	0.24167710482317947	0.013261854520324166	0.5980903690288104
0.013090884710009399	0.04894559536880592	0.018983282799300585	0.22252352861149216	0.013722464154362223	0.6844707835494116
0.01345200813360696	0.04422087830395657	0.019547738025532595	0.20815680828282887	0.014297920799622787	1.471908198251379
0.013813943881294633	0.04001624537806763	0.02055465949467536	0.1984035536105957	0.014980545466106344	2.5631542284151516
0.014174462473160588	0.03630898792766008	0.02207579115936565	0.1931267630029513	0.015768925944989343	2.0616157632746344
0.014531131692701317	0.033064282774203625	0.024223500697874364	0.1923191001664363	0.01666881205044738	1.0892998086987826
0.014881334182064868	0.030241405701977024	0.027164398686416614	0.19617216491386055	0.017693619845814204	0.6998425814405049
0.015222292585706114	0.027798051386439933	0.031139886983323456	0.2051384581141617	0.018864173545370514	0.692629978817418
0.015551102540048049	0.025693135051842588	0.03649606044828229	0.2199975419830561	0.020207367245898944	0.7678585272292876
0.015864773478228424	0.023888462765016178	0.043725463967855316	0.2419302899161544	0.021753408091180003	0.7808052837834317
0.016160276828240568	0.022349607882323746	0.05352143287620091	0.27259161506434293	0.023531173407460144	0.4369609009343924
0.016434600747115505	0.021046261193673678	0.06683869684942043	0.31414468893976055	0.02556104209773788	0.28228964447227156
0.01668481007871922	0.019952253462627745	0.08493399893099134	0.3691654424268089	0.027844558557848367	1.0305742207197721
0.016908109780846774	0.019045390782552508	0.10931384343429794	0.4402324211436395	0.030350845134625604	1.2793043888651128
0.017101909676086113	0.018307197936247306	0.1414284175669552	0.5288990666374302	0.03300129829486183	0.7297522990735887
0.01726388807945252	0.01772263186382957	0.18184352105035925	0.6337241488867351	0.0356570569947554	1.266615272645231
0.017392051680432282	0.017279804235427108	0.2286682262074281	0.7474509373090056	0.03811726889172798	1.3687851534792035
0.01748478903684344	0.016969736619218686	0.27565604281446243	0.8547213269967081	0.04013762151919565	0.5370581810895518
0.017540915190116878	0.016786161733713216	0.3118922120920144	0.9334724009880734	0.041473841621606805	0.21995545393664773
