$p=5$	$p=10$	$p=15$	$p=20$	$p=25$	$\text{FFT + Hann}$
0.31907037261440147	3.435959943615399	0.19165490960711495	1.1600852453258652	0.29256938700001445	6.451472834566221e-10
0.3190376634423506	3.1495485097850224	0.19329424907182302	1.093781207724327	0.20169739017505897	9.965193074830323e-10
0.3189399364193486	2.479199804445724	0.198277424840054	0.929249080969142	0.0903507317457832	1.3924249601370988e-09
0.31877838978781686	1.7623150536236287	0.20679997544531564	0.7352243117439548	0.03917511464734205	2.1522325231916724e-09
0.3185550099010999	1.1911952677175566	0.21918666610131055	0.5623019591802481	0.019019169097985057	3.48940311761765e-09
0.31827255539987886	0.7950397984764237	0.2358846495629077	0.4286884441692051	0.010563424268857041	5.313668247077079e-09
0.3179345355563353	0.5358992572860443	0.2574421899419928	0.33277602371209497	0.006641563827730597	7.943546551406321e-09
0.3175451832656303	0.3690625872204805	0.284458169232014	0.26649354369046174	0.004658233536297481	1.1062403086566045e-08
0.31710942327696895	0.2609879357193813	0.31748011091028555	0.22182773508256629	0.003600223615814014	1.550458457725769e-08
0.31663283635250006	0.18978975396478817	0.3568221256989526	0.19272967098152174	0.003038944466379779	2.311116451735977e-08
0.31612162011937794	0.14187360498389034	0.40227654012500896	0.17518385680765888	0.0027852647538235053	3.1928100182039555e-08
0.3155825474370847	0.10889078517272774	0.4527189425620841	0.16683142775011592	0.002763057925984581	4.36668563792676e-08
0.3150229231380177	0.08568185625136387	0.5056755019486032	0.16664458188082004	0.0029646369705866133	6.042385617081459e-08
0.3144505400146116	0.06901125308625267	0.5570389326891818	0.1747966495419271	0.003445901140550988	8.15082375901026e-08
0.3138736349218463	0.05681231868927332	0.6012350911110509	0.19278727282761454	0.004356437523264347	1.1063115679288178e-07
0.3133008458415321	0.047738943016753826	0.6321184447336561	0.22391315099912176	0.006030643901179088	1.5020020463003195e-07
0.31274117071643137	0.04089720331976038	0.6445606727839385	0.2742726547770074	0.009229069644861334	2.0279467066830405e-07
0.31220392881066666	0.03568251225070611	0.6361585629911504	0.3546406042763989	0.01580330629188536	2.7381198344617925e-07
0.31169872529088155	0.031679155340156015	0.6081569401396199	0.4836371885632845	0.030622034772338463	3.657111192025502e-07
0.3112354196532439	0.028597244472051312	0.5650123854684714	0.6919975606415156	0.06691884121073743	4.943700635089153e-07
0.31082409854773396	0.026232493420426495	0.5128589624088636	1.0238212547463188	0.15432664007046348	6.663378208765324e-07
0.3104750534761052	0.024440177078359854	0.4577458156558384	1.516819655576412	0.29513281778029277	8.967848783217404e-07
0.31019876376627314	0.023118089464339433	0.40442539638478886	2.122017314049271	0.3154179608487952	1.2108450876990865e-06
0.31000588515613736	0.022195349025019552	0.3559374766464162	2.5830351717567113	0.18325846599578202	1.644733571658518e-06
0.30990724425613664	0.021625121067511386	0.3137863853077979	2.554004949203515	0.08529703758278744	2.248171288700452e-06
0.3099138391040138	0.02138008092012013	0.2783773162998369	2.0444922252720925	0.04136200378437319	3.081232139126745e-06
0.3100368459787828	0.021449926823652016	0.24946428983547927	1.4140811773576072	0.0225731101224382	4.2406062244097245e-06
0.31028763260484415	0.021840588212548397	0.22649761571435328	0.9178252850482382	0.013952871046421993	5.907228155947929e-06
0.31067777785239725	0.022575040691864088	0.20885301358693711	0.5942108381309166	0.009662731674948057	8.294811282238738e-06
0.3112190980272181	0.02369589288964647	0.19596674760081123	0.3969856979469387	0.007405028600934094	1.1745454511277905e-05
0.3119236798418227	0.02527021080240361	0.18741043200812424	0.2780097610388479	0.006216229460132055	1.687891883340038e-05
0.3128039201710288	0.02739746813074095	0.18293481348787444	0.20526934257166543	0.005673378981770651	2.450102083946478e-05
0.31387257271797564	0.030222176850942018	0.18250504173293436	0.1599916386233535	0.005600635350755517	3.620615315056498e-05
0.3151428017515825	0.033953874513390415	0.18634558942548748	0.13155491605590855	0.005961087044782999	5.440377414515067e-05
0.31662824312308124	0.03889912734378327	0.19501304610612943	0.11399062538598463	0.006829683367536869	8.333779238727758e-05
0.318343072827552	0.04551385039739696	0.20952116963857995	0.1039861734665438	0.008419548177755691	0.00013093653378169705
0.32030208344619854	0.05449119727917617	0.2315583565189675	0.09982553875171044	0.011173245062157994	0.0002111104094984056
0.3225207688865918	0.0669140886089575	0.26387141027197997	0.10087718407043242	0.01597275053905746	0.00035138961093852884
0.3250154179313981	0.08453017619756002	0.31096068058938303	0.10743298745976626	0.024597777947163887	0.0006074868273322977
0.32780321721170996	0.1102698984429974	0.38038739702024627	0.12085119982878528	0.040707388271615824	0.0010983657451679022
0.33090236433955333	0.14927413544341517	0.4853539648459342	0.1441104807675865	0.0718248854159044	0.002098045868121118
0.3343321920664124	0.21106037085675566	0.6501080834333197	0.18315046517671557	0.13270316304045035	0.004289705341798623
0.3381133044818054	0.3144327064323136	0.9221084030272232	0.25003434393432983	0.24847221631119784	0.009564580345214955
0.342267726429532	0.49964201519206525	1.4019481458437433	0.3709043103035744	0.45046142277670925	0.02390550759839645
0.3468190675009792	0.8620257646865891	2.325588702996795	0.6082182383234045	0.7604128811973022	0.06994934198148653
0.3517927021669548	1.65935387421686	4.325125607719169	1.1324591639282648	1.1996177087177573	0.2582954442798439
0.3572159678344097	3.7271683415055996	9.431853215145395	2.503049626593726	1.9000608785899913	1.39846876194919
0.36311838286500475	10.600578490877082	26.173500769110465	7.125076361925902	3.4745847635081257	16.379952221158966
0.3695318868721624	45.474432272918214	110.13871269506181	31.109688479648476	9.264643686266874	4173.236944762554
0.37649110592570684	486.7824371336955	1164.841030048791	344.64536842023705	62.68211046719789	35044.24328495831
0.38403364564278075	469323.8285806706	1155412.6203616601	349669.7919339731	50450.83491622503	44704.70131174136
0.39220041553511464	2711.6145849029513	6210.00280224627	2169.427652891149	123.26696143555617	13895.094893223779
0.40103598842121	99.38199809077248	228.92730941408436	86.55998320031638	3.202244409791666	80.07445598897353
0.4105889992032908	16.557711042164463	38.29520941060639	15.9885101489967	0.37888220982406795	3.992702236627805
0.4209125878592513	4.81529979628835	11.2178966526415	5.248574501372936	0.08056082927904325	0.6265185697775949
0.43206489211589866	1.878831501477016	4.426513880164962	2.3542025292082456	0.02373417905753572	0.1602597541427771
0.4441095959585834	0.8802501017514005	2.1063107260974427	1.29169311530133	0.008668593521225308	0.054163765627893774
0.4571165409010062	0.4675938699803691	1.1414032863070567	0.8188096484965248	0.003702364486721904	0.02195714999611087
0.47116240779464774	0.2723399460071348	0.6812139299345072	0.5799401144036469	0.001786018194013689	0.010124289156321426
0.48633147790670755	0.17024595407889676	0.43835810042583717	0.4491615443235156	0.000951557215318393	0.0051388903901086885
0.5027164830443316	0.11259396172118463	0.29981598385117947	0.3746824339306598	0.0005514080475708022	0.0028106719962920105
0.5204195556554726	0.07798448534275676	0.21576099334348747	0.3327003786092951	0.0003437690316314943	0.00163143917438781
0.5395532910944141	0.056145977301406885	0.16217288674400077	0.31122527755831675	0.00022874690767451912	0.0009940211091120016
0.5602419356002599	0.04178345428407991	0.1266086518679385	0.3035214573288236	0.00016149841599955698	0.0006305555140371883
0.582622714990937	0.032002139377768274	0.10223024782176529	0.3049644333669184	0.00012044499854976566	0.0004138698687831298
0.6068473206065431	0.02513950269795028	0.0850903428841938	0.3111911382168696	9.458046912330455e-05	0.0002796066924729932
0.6330835706150244	0.020199806788153477	0.07281453259391824	0.3169507878451857	7.80180750101437e-05	0.00019356661287749512
0.6615172663746415	0.016564717262645995	0.06392493980653055	0.31594790319075283	6.749963265793347e-05	0.00013696561805065163
0.6923542650631673	0.013837982364998407	0.05747620172758335	0.3023527408408251	6.120093770061333e-05	9.876916300109595e-05
0.7258227911343615	0.011758559338749678	0.05285152967435862	0.273748464569607	5.8142691101407764e-05	7.239371390603373e-05
0.7621760102079387	0.010150237302477355	0.04964455148723427	0.23320548786518316	5.7907960612874706e-05	5.385713008952259e-05
0.8016948895456856	0.008891477420498535	0.04758903454958078	0.18790898083845023	6.053865587381618e-05	4.060589615494738e-05
0.8446913690471524	0.007896837634959296	0.04651639014298022	0.14518674023889927	6.657189702182764e-05	3.101201109916185e-05
0.8915118653536575	0.007105238937777773	0.04632994944866653	0.10946973241894423	7.724514035344493e-05	2.3989420871346316e-05
0.9425411286977766	0.006472383479199423	0.04698982400956228	0.08193475929715924	9.499553521250899e-05	1.8797751010296354e-05
0.9982064669403595	0.005965755270814407	0.048504809796985834	0.06174606099054809	0.00012459045320156273	1.4916992437304596e-05
1.0589823429641982	0.005561264219955882	0.050929281184759215	0.04735156518764579	0.0001757907844070799	1.2038252359785249e-05
1.1253953391618539	0.0052409581961130915	0.05436385008407552	0.0372294896587787	0.0002701586623188249	9.898970457656068e-06
1.1980294647786602	0.004991443413204719	0.058958970516474335	0.030162578146478533	0.0004605027436244932	8.3551823151918e-06
1.2775317565957591	0.004802784100648074	0.0649207279697982	0.025267826586660557	0.0008950546450796085	7.257351240079954e-06
1.3646180886707684	0.004667733430639485	0.07251773257441928	0.0219399506311354	0.002074045326241817	6.531633135198675e-06
1.4600790599047848	0.0045811989808752784	0.08208720811683523	0.01978289803533805	0.006187365836057837	6.1437660291887256e-06
1.5647857658383528	0.004539879294447706	0.09403683696404123	0.018555454416415828	0.027357679859019626	6.02676329887441e-06
1.6796951795071968	0.004542030303765139	0.1088364949281992	0.018136964342391457	0.22047990983874005	6.19139853279215e-06
1.8058547611325515	0.00458733577354346	0.12699073625520554	0.018513918789853694	1.1171051727941566	6.614809330372074e-06
1.9444057832970407	0.004676867193111027	0.148979545740072	0.01979010143645288	0.19049557302978104	7.336104753042712e-06
2.0965846925505227	0.004813127519756373	0.17515379619882132	0.022230437786905134	0.029786672673797587	8.377807580408333e-06
2.2637216263227926	0.005000181162419995	0.20557772988271744	0.026365590719974807	0.008340998196043834	9.754263838706444e-06
2.4472349636325705	0.005243880698621938	0.23983011708691268	0.03322492348456157	0.003396826315463051	1.158917401501887e-05
2.648620510895385	0.0055522101249534115	0.2768123000453448	0.044873092061656655	0.0017691491114846605	1.3981362613121649e-05
2.869433617554735	0.0059357762262709736	0.31465597011894525	0.06574212126081219	0.001099288785078657	1.6972251171920762e-05
3.1112621968950127	0.006408495604994838	0.3508443238577089	0.10629568278006328	0.0007832675693736253	2.082118440767847e-05
3.375688325328195	0.00698854748242786	0.38261175431489985	0.19451531094955865	0.0006250441361710672	2.57939923371444e-05
3.664235857388134	0.007699695264401791	0.40755495934732183	0.41832075720428497	0.0005507585456367851	3.215778903202843e-05
3.9783013964459975	0.008573128817569727	0.42423880910888867	1.1167023391595325	0.0005316018580068199	4.038846854774232e-05
4.319066104481169	0.00965005362257405	0.432537261071173	3.9143834382713893	0.0005601259815120159	5.112685984817876e-05
4.68738635066315	0.010985367400012751	0.43357510355056417	15.589123026725256	0.0006445311592474872	6.526204311460706e-05
5.083662247471083	0.012652944189609302	0.42934515463403483	22.75062930049905	0.0008134740413276537	8.410677421017963e-05
5.50768487658853	0.014753331952936603	0.42221183294444575	6.820352974579547	0.0011362718140590857	0.00010943745642270837
5.9584656194040635	0.01742513441519128	0.4145025048855909	1.6916232684692736	0.0017836813599415202	0.00014395940690631976
6.434054565306028	0.02086211735201996	0.4082857700178845	0.5482554283951796	0.0032268035292067894	0.0001918604784878828
6.931359421365727	0.025339380964151087	0.4053350681454534	0.22704155697766623	0.007016152030904832	0.0002591453778181253
7.4459814061237894	0.03125419197989404	0.4072274284688823	0.1131410771395248	0.019745332958762418	0.00035550343437247946
7.9720896767888565	0.03919106441187349	0.41552812379690074	0.06494477942215313	0.08272049883284215	0.0004964198671432904
8.502359940366004	0.05002796267611936	0.43203910941307855	0.041718769713182835	0.6579734750072903	0.0007070886959914097
9.028004720332504	0.06511419063458228	0.4591255241550144	0.029425290981779317	4.839438701593773	0.001030529866968857
9.538920801784712	0.08657713306685083	0.5001781771267851	0.022503691352053226	0.8797058945336732	0.0015410458414960976
10.023972333647011	0.1178686828908197	0.5603337999666306	0.01850901728202391	0.12264140055240419	0.0023754084154012046
10.471415256449657	0.16477510305097823	0.6476913004015409	0.016291274440471126	0.033088353080065976	0.003793733762542514
10.869450673701026	0.23736325912840475	0.7755037911432452	0.015308131268963864	0.0135575781304857	0.00631622639857278
11.20687360401268	0.3539169616051053	0.9663669819557957	0.015353983288387024	0.007320360067019093	0.01105970066715937
11.47376292758974	0.5493593276284384	1.260719476877664	0.01647315870632036	0.00484566512030926	0.020592855258125344
11.662142950671821	0.8945142394274026	1.7353117285034407	0.018995290973566517	0.003788044436227394	0.04141502798806182
11.766541356290235	1.5438324765872966	2.5467233774622153	0.02373241137623784	0.003436206275351604	0.09199839374950641
11.784375266999788	2.8659079270632306	4.044633414646826	0.03254336742046372	0.0036035035497552527	0.23356302416842137
11.716116758872978	5.8478662229020495	7.106263905783199	0.04999013762069144	0.004408927399578413	0.7167837945351857
11.565218227296203	13.57176142269085	14.302115181513473	0.0889542459774704	0.006456888141236959	2.9491971182579135
11.337810724011515	37.98195763668234	35.01305004567412	0.19449560551208744	0.011937934720554743	20.485824699577357
11.042217994647855	143.58726921822574	117.26544065666579	0.5871710834513176	0.03118611280292671	517.8149517779906
10.688349657262245	961.5977254752036	714.2942202896178	3.251577384658783	0.1525945882443367	38765.428651181755
10.287045523318124	31177.252921004354	23641.234142057772	98.69273543462194	4.200295880779209	103416.64184912635
9.84943937873211	3095921.4651723355	787160.7044541762	3022.146092423159	108.43192949567629	71319.02985631906
9.386397245516193	5297.727818635194	2075.378151805283	7.402472261494056	0.254438628312989	6217.169928866325
8.908066425797937	569.1879728383758	211.69541713343645	0.7057963846275213	0.02269212184401138	53.476645722434235
8.423551877301193	149.2464076499973	50.813293614136384	0.1592667846739325	0.004824200697074447	5.202963295036726
7.940719185594005	58.81813521266205	18.182786022606198	0.053874814589702516	0.001550495491250696	1.0285561879912155
7.466110656130852	29.386207292683363	8.236761493090714	0.023192647307519708	0.0006394475975947822	0.2920431736923128
7.00495347543321	17.18594775364991	4.371946571196406	0.01175787844173943	0.0003130025359949257	0.10368539769265288
6.561236008458151	11.263030486626223	2.605659834063102	0.006725662667827107	0.00017414775221764146	0.04289938187985247
6.1378290039089665	8.05685613912915	1.6993388500944253	0.004229458058994829	0.0001072638759957624	0.01985511716587495
5.736631477557958	6.185292639697764	1.1927031910312098	0.0028752717470265587	7.189511224633277e-05	0.010016663028578243
5.358725160191163	5.038662594013341	0.8908735120130307	0.0020892821079625547	5.183217326687788e-05	0.005415515605186371
5.0045257325162735	4.321662234894125	0.7027350136659783	0.001610072038805736	3.98697113207494e-05	0.003101197283436539
4.673923039961341	3.8818326635229874	0.5823157207356588	0.0013088040215162011	3.25373287033476e-05	0.001867234904331611
4.366405779464523	3.6383325872841445	0.5050949813536084	0.0011181449622544915	2.8063676691582037e-05	0.0011778520647192428
4.081168679905217	3.550282686667942	0.4575950869953541	0.001001666664527876	2.5519244553124127e-05	0.0007781267348547403
3.8172019934035974	3.602639432635597	0.4325395743059864	0.0009398472371609524	2.4434334454796276e-05	0.0005408982806162322
3.573364283325575	3.801174662001498	0.4265833016790787	0.0009235599607301657	2.4629769542197697e-05	0.00040075004826910444
3.348440169702272	4.17377994078988	0.4394097400140489	0.0009514151309751147	2.6159777602064114e-05	0.00032356900822517933
3.1411850050193264	4.77859281334825	0.47378442771505774	0.0010296713500180365	2.9337399424878867e-05	0.0002958510721597002
2.9503585169600726	5.723008507784831	0.5366579749308139	0.0011748384188986977	3.4860532163913964e-05	0.000321901017722787
2.7747493608678746	7.204386728371238	0.6420365499023667	0.0014207237698619694	4.412316620446622e-05	0.0004359928703421738
2.6131923416442473	9.599778482881515	0.8176810736628559	0.001835101705779079	5.995055538430142e-05	0.0007526259858619349
2.464579840586054	13.678251875674672	1.1214310670258736	0.002560714848030725	8.844381785235528e-05	0.0016558555646441122
2.327868749111257	21.15556671119877	1.685076582898032	0.0039264072081048144	0.00014411752222156843	0.004669374465781386
2.2020839879784084	36.34370037792611	2.849925376721092	0.006793236088199968	0.00026640251238422706	0.017681483186825508
2.086319488240708	71.98289861128245	5.674618898958023	0.013859574485779073	0.0005840307510801738	0.1034501193835442
1.9797373336024995	175.54221176530567	14.450145769964546	0.036149862625135906	0.0016475747202367571	1.429408759834972
1.8815656140593235	601.6625608792989	56.27060387506024	0.1433493542726624	0.007127710917809791	1497.0646657551104
1.7910954164243114	4046.3951965734386	564.2976442711748	1.4214842861642367	0.07848762578235437	9520.244085845969
1.7076772760884387	208627.61400783138	727181.6772132389	1149.9387011201175	85.35392530675054	10738.836458702996
1.6307173331331897	285317.53116087813	2038.6617248429936	7.699493464181717	0.45567998569682355	2718.093351753594
1.5596733716393878	3777.331722528864	74.08023912788887	0.2654893686270232	0.018068232340061822	3.990301271889835
1.4940508708151459	459.31363646487364	11.594062109542847	0.042747268525169864	0.0032698920475891322	0.24797170076016634
1.4333991578006804	113.02844343577955	3.143925423043934	0.01216486264950915	0.001045655178036253	0.04282619713875059
1.3773077224485908	39.44931391560585	1.1437856593091722	0.00469142701349525	0.0004547760112523308	0.01163287884567204
1.3254027321283448	16.995666079977138	0.5007350405614713	0.002192659102537108	0.00024087186496085606	0.00410263553233974
1.2773437680943414	8.437939100614843	0.24928950540312586	0.001172322204641346	0.0001467456320527564	0.001716054396855861
1.232820792910805	4.6427016531681	0.13652493717139613	0.0006932574345706712	9.946400460282461e-05	0.0008099182474727753
1.1915513498174528	2.762936447681748	0.08052546971913739	0.00044383569223645485	7.343841212451341e-05	0.0004178810299395266
1.153277988931384	1.7498536429374991	0.05042394337111987	0.0003032282856401415	5.823472846389322e-05	0.00023074803908092176
1.117765911170494	1.1661220139541741	0.03318217464995035	0.00021883999278834765	4.9104819276328266e-05	0.00013447337874219334
1.0848008182502833	0.8110043271059054	0.022776725675654613	0.00016560691218102052	4.37135611268611e-05	8.168609884876478e-05
1.0541869556608985	0.5850071206045563	0.016215924204237547	0.0001306830850411108	4.0862263654757257e-05	5.13398664582712e-05
1.0257453348761607	0.4356131927093402	0.011922202067665349	0.0001070810753508326	3.994486356609479e-05	3.3085142172728145e-05
0.9993121209535558	0.3336034034261964	0.009020632080422987	9.081032048935402e-05	4.070453912037919e-05	2.1741899640023028e-05
0.9747371719818383	0.2619776524676151	0.0070045788012799495	7.950105582775377e-05	4.312808032414524e-05	1.4520711036426657e-05
0.9518827173916973	0.21045704900081047	0.005569501168731385	7.170502613999684e-05	4.7413631364727435e-05	9.783344907775664e-06
0.9306221628693606	0.1726151178462194	0.004526258538101818	6.652372005583344e-05	5.398785874009091e-05	6.632268053906307e-06
0.9108390104325874	0.14431435549652466	0.003753952292639705	6.340395169895383e-05	6.356842018724917e-05	4.525251959424938e-06
0.8924258830923136	0.12282118636073913	0.0031733116516072402	6.202361987055533e-05	7.728053959568437e-05	3.1292433856423493e-06
0.8752836443951393	0.10628788722730478	0.002731176461303098	6.222912314687257e-05	9.684832842462672e-05	2.1999792747303305e-06
0.859320603996385	0.09344017464941413	0.002391183866582942	6.400502688759248e-05	0.00012489493733461088	1.6355307434726017e-06
0.8444518012337879	0.0833837583345894	0.0021280320178060277	6.746681696421558e-05	0.00016540131710320459	1.3459369970976461e-06
0.8305983594467404	0.07548170145877213	0.0019238647032904738	7.28738563065075e-05	0.000224388778897219	1.2635366063679633e-06
0.8176869045087625	0.06927503487284455	0.0017659462531842936	8.066455548736826e-05	0.00031089663254454383	1.391127559623179e-06
0.8056490417080363	0.06443043924436874	0.0016451405382641095	9.152100625833309e-05	0.0004383016544527279	1.6981618833899395e-06
0.794420885720937	0.06070526075119338	0.0015549029971601712	0.00010647764824327532	0.0006259306669961005	2.2018697232522778e-06
0.7839426389767948	0.05792388576569429	0.0014906080848737923	0.00012710047746864578	0.0009006899225056888	2.9300228989072898e-06
0.7741582142097743	0.05596174749547738	0.0014491022541183432	0.00015578435183733993	0.0012980090718587016	3.920708461916495e-06
0.7650148974376585	0.05473461658307185	0.001428414156975279	0.00019625478995868138	0.0018607501353382241	5.2519918922155204e-06
0.7564630479996839	0.05419169967784001	0.0014275802027884459	0.00025443492822360816	0.0026339676578473422	6.966509921564694e-06
0.7484558326290266	0.05431164425237702	0.0014465613408680535	0.00033998517696363055	0.0036528821110273376	9.233874794505699e-06
0.7409489908327016	0.05510095058403952	0.0014862398841220758	0.0004691240053304113	0.004921989831093798	1.2228235173327375e-05
0.7339006291053342	0.05659460400369584	0.0015484959922341434	0.0006699787348558232	0.006386622163038504	1.6149604670171997e-05
0.7272710417163984	0.058859020860830884	0.0016363741733125632	0.0009931372495079157	0.007906878738089198	2.141570466490022e-05
0.7210225559861115	0.0619977013705599	0.0017543629108797384	0.0015333810269022648	0.009256815385525176	2.8442074328015995e-05
0.7151194001062195	0.06616035816408258	0.0019088278763470612	0.0024766997780902578	0.010176020114464852	3.7968846522982245e-05
0.7095275916718434	0.071556817615547	0.0021086649937658197	0.004207836392465322	0.01047251597988421	5.106172948117819e-05
0.7042148451726327	0.07847779033458516	0.0023662801507644796	0.007572573376760182	0.010119013919599556	6.927893909858193e-05
0.6991504967494392	0.08732587483893467	0.0026990683669384317	0.014566734633773079	0.009264546280366156	9.501341143265264e-05
0.6943054445603509	0.09866223797409453	0.003131675923688245	0.030310510214341002	0.008150535458028378	0.00013178516028536382
0.6896521031212801	0.11327792627687283	0.0036995195456232467	0.06931627409315769	0.00700287023184104	0.00018563968091836393
0.6851643699955221	0.1323048543570606	0.004454373770300276	0.1779359068317703	0.005970941684656928	0.0002658496722644671
0.6808176032082416	0.15739239332944954	0.005473450893296274	0.526582104458365	0.005124362278309409	0.0003882723809358775
0.6765886077599743	0.19099550956571118	0.006874548768722697	1.842550979890853	0.004478870068221249	0.000580219992025483
0.6724556296124327	0.23685854838076642	0.008842076788945103	7.4662588906382386	0.004024689252198938	0.0008894568807797539
0.6683983555243026	0.3008541984535161	0.011673279591297946	27.23558836685865	0.003746720775948681	0.001406795764519947
0.6643979171284641	0.39249283989714817	0.015863474255368933	45.528068033262805	0.0036368958121569465	0.0023066814414936733
0.6604368976685716	0.5277545200841245	0.02227011325674273	30.57592324200843	0.0037028664023205757	0.003947644769822823
0.6564993398554274	0.7346669348886873	0.032444574688712306	16.511686691555344	0.00397810386550182	0.007118119202416517
0.6525707533644378	1.064933696853882	0.04934302663664442	10.266101160635403	0.004540219028072833	0.013684539001993689
0.6486381205763879	1.619863461463794	0.07895729388640606	7.798583881089917	0.0055507738508302675	0.02851986742177203
0.6446898992655612	2.613082220433304	0.13437834505650334	7.1776220028035995	0.00735009718268027	0.06602787941454895
0.6407160210619007	4.538211920412278	0.2470068672948122	7.923865072031265	0.01070613012200348	0.17628404553814722
0.6367078846563553	8.678119950942897	0.5017573046661552	10.5207026594918	0.01755619919223792	0.5779844218227435
0.632658342878872	18.934798821163717	1.1682467196927477	17.175751208615452	0.033633044641462106	2.6222417841522048
0.6285616829539191	50.14340103409571	3.3219272948766414	36.4131917126999	0.08031193624326942	21.790685238554254
0.6244135994253499	182.0557573502925	13.0851702215435	113.4991181511141	0.27215923120425134	990.7737175669523
0.6202111594366604	1222.4690357677957	97.68731308633221	723.8618384606758	1.815415978156489	24458.035394538703
0.6159527602496919	50073.97799153462	5056.636594751318	41306.774296190204	97.01120471293706	46973.06700286387
0.6116380790795948	702407.649647736	37506.40314517188	89219.45442540896	331.9349146082972	24457.23920892209
0.6072680155114947	3103.292380779843	246.60112201583055	811.8682559349697	2.6074803501723474	990.6681252170404
0.6028446269401003	347.5918247495508	31.473197818815635	101.80183474497235	0.3206384710505894	21.791999065744726
0.5983710576328931	87.53157047946058	8.792385236694512	27.442181122592256	0.08541961795498607	2.623032922846666
0.5938514621568675	32.24893426571437	3.5726174038983127	10.887780825595161	0.03339514759985865	0.5784016105275696
0.5892909240248003	14.855591785841822	1.8144084060853314	5.50633116740847	0.01655557333757105	0.1765229563696169
0.5846953705074285	7.936177132242194	1.0705837422347715	3.310580937955224	0.009700139056825362	0.06617943937622164
0.5800714846213055	4.715055068562258	0.704591483918154	2.276854362354774	0.006461502654216803	0.028623313439705686
0.5754266153379914	3.0363421290253862	0.5044607568384759	1.7508377388348706	0.004781636384175006	0.013757474833247078
0.570768687068961	2.0838445726265746	0.38652919987273743	1.4847183333486735	0.0038754467197188052	0.007172942207350999
0.5661061094635902	1.506462628369583	0.3134184701028937	1.3774236310210242	0.003410413664202714	0.003990000999598607
0.5614476885166156	1.1375900375248778	0.2668032380118014	1.3928215238633779	0.0032431867063790073	0.0023395812366379925
0.556802539919443	0.8917637227516544	0.23706234421850217	1.5347306715726468	0.00332742182283927	0.0014337444890765525
0.5521800055095086	0.7222799456586948	0.21891574373040074	1.8485034387953856	0.0036875963513083674	0.0009118908868275617
0.5475895735772354	0.6022464730752076	0.2094339055346284	2.449685209212588	0.004433257766193513	0.0005989703568943451
0.5430408036844641	0.5154894352447262	0.2070804306325514	3.6091127095960234	0.0058278009638357735	0.0004044228556947785
0.5385432565354121	0.4519229424120328	0.21124712518418245	5.994771302950596	0.008487587309593156	0.00027972084839918707
0.5341064293245977	0.40507001116316776	0.22205067461943737	11.39047148356294	0.013986423921734608	0.00019789890736647892
0.5297396968692712	0.37067770100644987	0.2402929697695366	24.738707205841813	0.02699524296778064	0.00014269731517187076
0.5254522587196403	0.34591560254398884	0.26755229554287063	56.81087992671364	0.06480961222459133	0.0001046412999563054
0.5212530923311554	0.32889886397739326	0.3064126370173507	101.49721766157124	0.2170679625169039	7.81071995056419e-05
0.5171509122816021	0.31839930747068035	0.36087241719689045	88.37968333473198	1.2978333060133125	5.909270280820739e-05
0.5131541354233279	0.3136704010294708	0.43701224759289997	40.799540816115545	20.761294853885133	4.531909204423885e-05
0.5092708517789242	0.31434493631237165	0.5440485232105414	16.113791965820273	20.3997122612724	3.523261527085678e-05
0.5055088009178617	0.32038276115815717	0.6959500831663683	6.9215848390118815	1.2836558900510622	2.7699320932998886e-05
0.501875353492283	0.3320569902086584	0.9138107087916177	3.3970553372547623	0.21608675217895024	2.2040365537010138e-05
0.4983774975624478	0.34997450957355736	1.229021936814749	1.8919032186314737	0.0647987902477184	1.775930663381192e-05
0.4950218293058569	0.3751324397977894	1.6866275221683549	1.1759512473371572	0.027086072033827655	1.4423935785016818e-05
0.49181454767827243	0.40901794762767757	2.346295773546948	0.8035628968144373	0.014078942030085044	1.1830924874834142e-05
0.48876145257897546	0.4537655811979939	3.2740420548455216	0.5966331405764895	0.008571370604360157	9.831750126985781e-06
0.4858679460656536	0.5123953564200581	4.511787884454633	0.47724017281094805	0.005905527899695018	8.247963894133568e-06
0.48313903616538895	0.5891675128152339	6.013233518517492	0.40880625896256284	0.0045095051631422155	6.986756594513814e-06
0.4805793428361397	0.6901075733256337	7.567428563026566	0.3735715258448965	0.003767471887743552	5.974841282490617e-06
0.47819310564692824	0.8237786493368536	8.801179325303329	0.3634179656910413	0.003417168620039448	5.1731519957573714e-06
0.4759841927635488	1.0024037907701235	9.352794658426076	0.376198361493002	0.0033516957081365798	4.518770769625353e-06
0.473956110849082	1.2434551643523257	9.115067843386448	0.4148500069637511	0.003552140909174707	3.987137774805274e-06
0.4721120155139058	1.571783325579962	8.288625080742412	0.4886961773520444	0.004076525199955969	3.5745825031058438e-06
0.47045472197750526	2.022136488853201	7.202950165295758	0.6178623847890584	0.005094002873471224	3.219075353085646e-06
0.4689867156334216	2.641229115612443	6.124487781848844	0.8442215224557185	0.0069990665564052664	2.942305342130348e-06
0.4677101622386793	3.4867995870187496	5.193394432373465	1.258643715413514	0.010743001631239084	2.73254325013106e-06
0.46662691747942453	4.617632691856553	4.452504984668302	2.073297913822208	0.018897611769518666	2.5557267921883993e-06
0.46573853569498325	6.063788604066846	3.894630831058289	3.827651063175927	0.03974421572856916	2.4245017003265516e-06
0.46504627757287287	7.766514734773214	3.4954037091903323	7.99280390075538	0.10765165342102016	2.3304293008468633e-06
0.46455111665720783	9.500667262030989	3.2297108057755213	18.43037818506758	0.4317081911273096	2.2695375968334707e-06
0.46425374454247725	10.85367262918124	3.0781569881050497	40.56247657388701	3.2285933277337815	2.2382616317561426e-06
