0.9	0.1	0.0	0.0
0.8954159692276891	0.10407339081102049	0.0005106399612905451	0.1001001001001001
0.8906706257067298	0.10828736798257035	0.0010420063107000103	0.2002002002002002
0.885760378731414	0.11264479125899375	0.0015948300095925364	0.3003003003003003
0.8806819071275022	0.11714826632543801	0.0021698265470600935	0.4004004004004004
0.8754319624628187	0.12180030381918687	0.002767733717994645	0.5005005005005005
0.8700074432466708	0.12660325600152683	0.003389300751802699	0.6006006006006006
0.8644054118500392	0.13155929945915554	0.004035288690805496	0.7007007007007008
0.8586231174191092	0.13667041383319867	0.004706468747692418	0.8008008008008008
0.8526580169946101	0.14193836099730225	0.0054036220080879525	0.9009009009009009
0.8465077856875897	0.14736467717350457	0.006127537138906088	1.001001001001001
0.8401703520367237	0.15295063793042932	0.006879010032847261	1.1011011011011012
0.8336439155762668	0.15869724219455683	0.0076588422291765925	1.2012012012012012
0.8269269667326129	0.1646051936509391	0.008467839616448342	1.3013013013013013
0.8200183205707307	0.17067486931793854	0.009306810111331148	1.4014014014014016
0.8129171030419898	0.17690633223812108	0.010176564719889435	1.5015015015015016
0.8056228034136527	0.18329928331936893	0.011077913266978698	1.6016016016016017
0.7981353108972978	0.18985302745666469	0.012011661646037758	1.7017017017017018
0.7904549318398262	0.1965664568863917	0.0129786112737824	1.8018018018018018
0.7825823700285535	0.20343807222725907	0.013979557744187767	1.9019019019019021
0.7745187543708021	0.21046595691504255	0.01501528871415569	2.002002002002002
0.7662656807580909	0.21764773861910408	0.01608658062280534	2.1021021021021022
0.757825226306832	0.2249805769938965	0.017194196699271826	2.2022022022022023
0.7491999493167562	0.23246116577262615	0.0183388849106181	2.3023023023023024
0.7403929028064	0.24008572174600176	0.019521375447598528	2.4024024024024024
0.7314076487452951	0.24784997285461693	0.02074237840008829	2.5025025025025025
0.7222482609264721	0.2557491578601944	0.022002581213333757	2.6026026026026026
0.7129193341798273	0.26377801947649054	0.023302646343682388	2.702702702702703
0.703425977899938	0.27193081349530046	0.024643208604761893	2.802802802802803
0.6937738248402693	0.280201302274461	0.02602487288527007	2.902902902902903
0.6839690130729686	0.28858277526888304	0.02744821165814859	3.0030030030030033
0.6740181929238408	0.29706804449091545	0.028913762585243998	3.1031031031031033
0.6639284985085688	0.3056494751763398	0.03042202631509168	3.2032032032032034
0.6537075507282487	0.31431898527985846	0.03197346399189313	3.3033033033033035
0.6433634281738481	0.32306807644032864	0.033568495385823544	3.4034034034034035
0.6329046416889005	0.3318878615416999	0.03520749676939985	3.5035035035035036
0.6223401116668038	0.34076908949115736	0.03689079884203911	3.6036036036036037
0.6116791528342134	0.3497021618130109	0.03861868535277596	3.7037037037037037
0.6009314271416869	0.35867718177232144	0.04039139108599179	3.8038038038038042
0.5901069169471954	0.3676839823868863	0.04220910066591841	3.9039039039039043
0.5792158884399105	0.3767121643023156	0.044071947257774156	4.004004004004004
0.568268849033645	0.38575113963121826	0.04598001133513676	4.104104104104104
0.5572765114503501	0.39479016835624114	0.047933320193409	4.2042042042042045
0.5462497458392545	0.4038184071984563	0.04993184696228944	4.3043043043043046
0.5351995398584454	0.41282494978735296	0.05197551035420184	4.404404404404405
0.5241369534857416	0.421798872034444	0.05406417447981453	4.504504504504505
0.5130730693776719	0.43072928188258025	0.056197648739747974	4.604604604604605
0.5020189554330666	0.4396053563015906	0.05837568826534298	4.704704704704705
0.4909856110240226	0.4484163947101491	0.060597994265828514	4.804804804804805
0.4799839275213233	0.45715185771088535	0.06286421476779155	4.904904904904905
0.4690246455821661	0.4658014088598001	0.06517394555803402	5.005005005005005
0.4581183062914158	0.4743549623905126	0.06752673131807177	5.105105105105105
0.4472752169626777	0.4828027161497319	0.0699220668875906	5.205205205205205
0.4365054134352491	0.49113518772742115	0.07235939883732993	5.305305305305305
0.42581862357872535	0.49934324912598343	0.0748381272952914	5.405405405405406
0.41522422858038294	0.5074181638966923	0.07735760752292499	5.505505505505506
0.40473123621690854	0.5153516117168934	0.07991715206619827	5.605605605605606
0.3943482572061873	0.5231357097521881	0.08251603304162478	5.705705705705706
0.38408347314212354	0.5307630427022542	0.08515348415562245	5.805805805805806
0.37394462011393587	0.5382266766678566	0.0878287032182077	5.9059059059059065
0.3639389727243041	0.5455201726248882	0.09054085465080798	6.0060060060060065
0.354073324248537	0.5526376039181504	0.0932890718333128	6.106106106106107
0.34435397974655624	0.5595735604593487	0.09607245979409536	6.206206206206207
0.3347867486800616	0.5663231534997715	0.09889009782016726	6.306306306306307
0.3253769361270512	0.5728820218541568	0.1017410420187923	6.406406406406407
0.31612934539152493	0.5792463266259885	0.10462432798248691	6.506506506506507
0.3070482790170984	0.5854127475869061	0.10753897339599584	6.606606606606607
0.2981375393368531	0.5913784800355916	0.1104839806275557	6.706706706706707
0.28940043937610105	0.5971412213709709	0.11345833925292834	6.806806806806807
0.28083981094464155	0.6026991604997858	0.11646102855557305	6.906906906906907
0.27245801340138337	0.6080509666023143	0.11949101999630261	7.007007007007007
0.2642569502483628	0.6131957702534442	0.12254727949819333	7.107107107107107
0.25623808267092835	0.6181331475649374	0.12562876976413456	7.207207207207207
0.24840244475830306	0.6228631027290205	0.1287344525126768	7.307307307307307
0.240750664033426	0.6273860455417768	0.1318632904247976	7.407407407407407
0.23328297954235397	0.6317027712974772	0.13501424916016916	7.507507507507508
0.22599925864653997	0.6358144418998927	0.1381862994535677	7.6076076076076085
0.21889902016633156	0.639722561203968	0.14137841862970071	7.7077077077077085
0.2119814546213517	0.643428953114916	0.14458959226373272	7.807807807807809
0.20524544529469319	0.646935738757834	0.14781881594747326	7.907907907907909
0.1986895891677955	0.6502453142568587	0.15106509657534617	8.008008008008009
0.1923122177403957	0.6533603286840723	0.1543274535755324	8.108108108108109
0.18611141873090795	0.6562836609971765	0.157604920271916	8.208208208208209
0.18008505676873363	0.6590183982231483	0.16089654500811845	8.308308308308309
0.17423079221258675	0.6615678158306766	0.16420139195673714	8.408408408408409
0.1685461015574841	0.6639353563539538	0.16751854208856254	8.508508508508509
0.16302829852741982	0.6661246073716621	0.17084709410091847	8.608608608608609
0.15767454942790388	0.6681392856742492	0.17418616489784738	8.70870870870871
0.15248189129955533	0.6699832184774678	0.17753489022297733	8.80880880880881
0.14744725164008288	0.671660323058111	0.18089242530180666	8.90890890890891
0.14256746182264698	0.6731745930394876	0.18425794513786584	9.00900900900901
0.13783927192840273	0.674530083231173	0.18763064484042466	9.10910910910911
0.133259367514769	0.6757308925225299	0.1910097399627015	9.20920920920921
0.12882438229902082	0.6767811510310311	0.19439446666994853	9.30930930930931
0.12453090931302045	0.67768500886331	0.19778408182366997	9.40940940940941
0.12037551408786908	0.6784466228342615	0.20117786307786983	9.50950950950951
0.11635474676959337	0.6790701443210228	0.20457510890938435	9.60960960960961
0.11246514989910779	0.6795597115725637	0.20797513852832902	9.70970970970971
0.10870326855074548	0.6799194396514736	0.21137729179778134	9.80980980980981
0.1050656605423894	0.6801534103558772	0.21478092910173383	9.90990990990991
0.10154890228455767	0.6802656665559512	0.21818543115949152	10.01001001001001
0.09814959613576336	0.6802602050493486	0.2215901988148885	10.11011011011011
0.09486437725173592	0.6801409699662875	0.22499465278197706	10.21021021021021
0.09168991998115214	0.6799118466600088	0.2283982333588395	10.31031031031031
0.0886229424262334	0.6795766574224384	0.2318004001513286	10.41041041041041
0.08566021179005624	0.6791391564584736	0.23520063175147063	10.51051051051051
0.08279854639612134	0.6786030282637817	0.23859842534009734	10.61061061061061
0.08003481975685867	0.6779718839063481	0.2419932963367936	10.710710710710712
0.07736596521088941	0.6772492567283995	0.24538477806071143	10.810810810810812
0.07478897809710258	0.6764386005738807	0.24877242132901714	10.910910910910912
0.07230091557951658	0.6755432903967222	0.25215579402376165	11.011011011011012
0.06989890035215998	0.6745666189316432	0.2555344807161972	11.111111111111112
0.06758012240987069	0.6735117953278316	0.25890808226229817	11.211211211211213
0.0653418396836058	0.6723819449363317	0.2622762153800629	11.311311311311313
0.06318137717720523	0.6711801106248364	0.2656385121979588	11.411411411411413
0.06109612932055087	0.6699092508060472	0.26899461987340234	11.511511511511513
0.05908355982123054	0.668572240014082	0.2723442001646879	11.611611611611613
0.057141201429063565	0.6671718695612909	0.275686929009646	11.711711711711713
0.05526665552398572	0.6657108483688582	0.27902249610715657	11.811811811811813
0.05345759211561096	0.6641918033794819	0.2823506045049075	11.911911911911913
0.05171174916335458	0.6626172806501496	0.2856709701864963	12.012012012012013
0.05002693182879464	0.660989746480717	0.28898332169048885	12.112112112112113
0.048401011673246064	0.659311588617849	0.29228739970890544	12.212212212212213
0.04683192576450928	0.6575851175492466	0.29558295668624457	12.312312312312313
0.0453176756341935	0.655812567922743	0.298869756443064	12.412412412412413
0.04385632604419628	0.6539961001615174	0.30214757379428686	12.512512512512513
0.04244600387255419	0.6521378019438994	0.30541619418354704	12.612612612612613
0.041084896848466064	0.6502396898314305	0.3086754133201039	12.712712712712714
0.03977125224065015	0.6483037109312193	0.3119250368281311	12.812812812812814
0.038503375583360006	0.6463317444947266	0.31516487992191394	12.912912912912914
0.03727962921368444	0.6443256037368662	0.3183947670494499	13.013013013013014
0.036098430886147344	0.6422870375424892	0.32161453157136405	13.113113113113114
0.034958252377226655	0.6402177321772619	0.3248240154455121	13.213213213213214
0.03385761806199348	0.6381193130197282	0.328023068918279	13.313313313313314
0.032795103422455354	0.6359933463577694	0.33121155021977594	13.413413413413414
0.031769333606379846	0.6338413411226871	0.33438932527093373	13.513513513513514
0.03077898196458164	0.6316647506383918	0.33755626739702727	13.613613613613614
0.0298227688724121	0.6294649740489583	0.3407122570786303	13.713713713713714
0.028899460189211336	0.6272433581390462	0.3438571816717431	13.813813813813814
0.028007865714608945	0.6250011991510431	0.3469909351343486	13.913913913913914
0.027146837856796346	0.6227397443615932	0.3501134177816111	14.014014014014014
0.026315270264358433	0.6204601936926125	0.3532245360430296	14.114114114114114
0.025512096894696894	0.6181637008373055	0.3563242022679981	14.214214214214214
0.024736290322970207	0.615851375214239	0.35941233446279136	14.314314314314315
0.02398686044297223	0.6135242834859183	0.3624888560711101	14.414414414414415
0.02326285324527108	0.6111834509874461	0.3655536957672834	14.514514514514515
0.0225633496291644	0.6088298631159964	0.36860678725483964	14.614614614614615
0.021887464490716557	0.6064644664216715	0.3716480690876125	14.714714714714715
0.021234345175260454	0.6040881703689212	0.3746774844558189	14.814814814814815
0.020603170415846597	0.6017018485767263	0.3776949810074276	14.914914914914915
0.019993149217507514	0.5993063401118545	0.38070051067063854	15.015015015015017
0.019403519888068682	0.5969024506206753	0.3836940294912566	15.115115115115117
0.0188335491482299	0.5944909533719885	0.3866754974797821	15.215215215215217
0.018282530797875132	0.5920725907716776	0.3896448784304477	15.315315315315317
0.017749784837740798	0.5896480753855048	0.3926021397767549	15.415415415415417
0.01723465649878139	0.5872180910572412	0.3955472524439778	15.515515515515517
0.016736515451230984	0.5847832938351442	0.39848019071362534	15.615615615615617
0.016254754884241888	0.5823443130296732	0.40140093208608535	15.715715715715717
0.015788790516288728	0.5799017523397504	0.40430945714396127	15.815815815815817
0.01533805980701711	0.5774561907650444	0.40720574942793886	15.915915915915917
0.014902021138955076	0.5750081835462204	0.41008979531482503	16.016016016016017
0.014480153170643814	0.5725582629219915	0.4129615839073651	16.116116116116117
0.01407195397552512	0.5701069391080421	0.41582110691643326	16.216216216216218
0.013676940285172053	0.5676547011634201	0.41866835855140827	16.316316316316318
0.013294646805574009	0.5652020177773667	0.42150333541705975	16.416416416416418
0.012924625543896543	0.5627493380424222	0.4243260364136818	16.516516516516518
0.012566445250408655	0.560297092104108	0.4271364626454837	16.616616616616618
0.012219690677516274	0.5578456919997559	0.4299346173227284	16.716716716716718
0.011883961987863576	0.5553955323385532	0.4327205056735837	16.816816816816818
0.011558874172784199	0.5529469909683182	0.435494134858898	16.916916916916918
0.011244056501946043	0.5505004296080793	0.4382555138899751	17.017017017017018
0.01093915201910843	0.5480561944311102	0.44100465354978186	17.117117117117118
0.010643816954084477	0.5456146167298298	0.4437415663160862	17.217217217217218
0.010357720236636763	0.5431760134749504	0.44646626628841335	17.31731731731732
0.010080543008632181	0.5407406878738502	0.4491787691175181	17.41741741741742
0.009811978209899111	0.5383089298503368	0.45187909193976455	17.51751751751752
0.009551730119509765	0.5358810165686996	0.4545672533117911	17.61761761761762
0.00929951384426925	0.5334572130106483	0.4572432731450829	17.71771771771772
0.009055054932675638	0.5310377724202012	0.4599071726471236	17.81781781781782
0.008818088962758404	0.528622936773913	0.46255897426332904	17.91791791791792
0.008588361141414345	0.5262129372374679	0.4651987016211183	18.01801801801802
0.008365625937714338	0.5238079945855234	0.46782637947676275	18.11811811811812
0.008149647087545515	0.5214083192367969	0.4704420336756581	18.21821821821822
0.007940196862229826	0.5190141120470069	0.4730456910907638	18.31831831831832
0.007737055712266417	0.5166255647132956	0.47563737957443847	18.41841841841842
0.00754001202480773	0.5142428600598975	0.4782171279152953	18.51851851851852
0.007348861804118976	0.5118661724019403	0.4807849657939412	18.61861861861862
0.007163408359912393	0.5094956678998631	0.48334092374022497	18.71871871871872
0.006983462122266415	0.5071315047813404	0.4858850330963937	18.81881881881882
0.006808840712794099	0.5047738332962387	0.48841732599096777	18.91891891891892
0.006639368090842241	0.5024227966303436	0.4909378352788147	19.01901901901902
0.006474874485284303	0.50007853100299	0.4934465945117262	19.11911911911912
0.006315196175177952	0.49774116592064316	0.49594363790417945	19.21921921921922
0.006160175248335438	0.4954108244525951	0.49842900029907006	19.31931931931932
0.0060096593661862095	0.4930876234993979	0.5009027171344165	19.41941941941942
0.005863501729194849	0.49077167383998493	0.5033648244308208	19.51951951951952
0.005721560873360591	0.48846308036465846	0.5058153587619816	19.61961961961962
0.0055837002000544865	0.4861619426016802	0.5082543571982658	19.71971971971972
0.005449787920667332	0.48386835478652496	0.5106818572928082	19.81981981981982
0.005319696869016509	0.48158240607665986	0.5130978970543242	19.91991991991992
0.005193304318932456	0.479304180760442	0.5155025149206262	20.02002002002002
0.005070491817406151	0.4770337584479438	0.5178957497346506	20.12012012012012
0.0049511452137362055	0.47477121403181816	0.5202776407544462	20.22022022022022
0.004835154309582121	0.4725166180934878	0.5226482275969306	20.32032032032032
0.004722412688523875	0.47027003709872134	0.5250075502127554	20.42042042042042
0.00461281761714081	0.468031533509386	0.5273556488734737	20.52052052052052
0.004506269902274843	0.4658011659467981	0.5296925641509276	20.62062062062062
0.004402673752153229	0.4635789893506786	0.5320183368971687	20.72072072072072
0.004301936680797505	0.4613650550879123	0.5343330082312907	20.82082082082082
0.004203969512831785	0.4591594109447675	0.5366366195424013	20.92092092092092
0.004108686052832849	0.45696210150883326	0.5389292124383345	21.02102102102102
0.004016003033949566	0.4547731682266427	0.5412108287394083	21.12112112112112
0.003925840017270738	0.45259264951856376	0.543481510464166	21.22122122122122
0.003838119282527613	0.450420580903811	0.5457412998136619	21.32132132132132
0.0037527657214907564	0.4482569951223777	0.5479902391561321	21.421421421421424
0.0036697068201723216	0.44610192215476585	0.5502283710250623	21.521521521521525
0.003588872576491789	0.44395538931602013	0.5524557381074886	21.621621621621625
0.0035101952755757873	0.4418174215136532	0.5546723832107715	21.721721721721725
0.0034336094676326472	0.4396880412724043	0.5568783492599636	21.821821821821825
0.0033590518822127972	0.4375672688322343	0.5590736792855534	21.921921921921925
0.0032864613444198994	0.435455122244085	0.5612584164114957	22.022022022022025
0.0032157786982294503	0.4333516174574822	0.5634326038442888	22.122122122122125
0.0031469468401102195	0.4312567682815391	0.5655962848783512	22.222222222222225
0.0030799105432889637	0.4291705865862459	0.5677495028704657	22.322322322322325
0.0030146163722993636	0.42709308240013427	0.5698923012275668	22.422422422422425
0.0029510126443597767	0.42502426395419024	0.5720247234014505	22.522522522522525
0.0028890493636474558	0.4229641377568698	0.5741468128794833	22.622622622622625
0.002828678157151656	0.42091270866729646	0.5762586131755524	22.722722722722725
0.0027698522374277742	0.4188699799377656	0.5783601678248071	22.822822822822825
0.002712526432337969	0.4168359531798458	0.5804515203878168	22.922922922922925
0.002656656978380887	0.41481062860004375	0.5825327144215758	23.023023023023026
0.0026022015127091696	0.41279400500888674	0.5846037934784045	23.123123123123126
0.0025491190290641693	0.4107860798711338	0.5866648010998025	23.223223223223226
0.00249736982545126	0.4087868493653883	0.588715780809161	23.323323323323326
0.0024469154526774377	0.4067963084427104	0.5907567761046126	23.423423423423426
0.0023977186635871155	0.40481445088441737	0.592787830451996	23.523523523523526
0.002349743461899293	0.40284126924610564	0.5948089872919956	23.623623623623626
0.0023029551209901764	0.400876754835986	0.5968202900430244	23.723723723723726
0.0022573199064470435	0.3989208980315474	0.5988217820620061	23.823823823823826
0.0022128051449598974	0.39697368820062745	0.6008135066544131	23.923923923923926
0.0021693791878952115	0.39503511374275835	0.6027955070693469	24.024024024024026
0.002127011373241911	0.39310516213235647	0.6047678264944021	24.124124124124126
0.0020856719882606355	0.3911838199610924	0.6067305080506474	24.224224224224226
0.0020453322334303796	0.38927107297876995	0.6086835947878002	24.324324324324326
0.002005964278722886	0.387366906029608	0.6106271296916697	24.424424424424426
0.0019675411741738387	0.3854713031535356	0.6125611556722911	24.524524524524526
0.0019300367611478325	0.38358424768668276	0.6144857155521699	24.624624624624627
0.0018934256850635092	0.3817057222469325	0.6164008520680044	24.724724724724727
0.0018576833659961825	0.37983570876716755	0.6183066078668368	24.824824824824827
0.0018227859697981176	0.3779741885279141	0.6202030255022882	24.924924924924927
0.0017887103796494176	0.37612114218948356	0.6220901474308675	25.025025025025027
0.0017554341761063588	0.374276549814399	0.6239680160094951	25.125125125125127
0.0017229357113856363	0.372440390782191	0.6258366735064239	25.225225225225227
0.001691193966891991	0.3706126439517256	0.6276961620813829	25.325325325325327
0.0016601885372393957	0.36879328767906305	0.629546523783698	25.425425425425427
0.0016298996298396717	0.3669822998175274	0.6313878005526334	25.525525525525527
0.0016003080431225777	0.3651796577421701	0.6332200342147078	25.625625625625627
0.001571395145162267	0.36338533837375997	0.6350432664810783	25.725725725725727
0.0015431428526488122	0.36159931820236924	0.6368575389449825	25.825825825825827
0.0015155336264341098	0.3598215732919319	0.6386628930816346	25.925925925925927
0.0014885505070703256	0.35805207923890053	0.6404593702540297	26.026026026026027
0.0014621770036111854	0.3562908112992837	0.6422470116971056	26.126126126126128
0.0014363971060353403	0.35453774437381175	0.6440258585201535	26.226226226226228
0.0014111952741657802	0.3527928530200665	0.6457959517057682	26.326326326326328
0.001386556421381084	0.35105611147057864	0.6475573321080408	26.426426426426428
0.0013624658986289648	0.3493274936505695	0.6493100404508021	26.526526526526528
0.0013389094786976279	0.34760697319538747	0.6510541173259154	26.626626626626628
0.001315873363084036	0.3458945234427365	0.65278960319418	26.726726726726728
0.0012933441809057243	0.3441901174337592	0.6545165383853356	26.826826826826828
0.0012713089238431804	0.3424937279854238	0.6562349630907336	26.926926926926928
0.0012497549572066757	0.3408053276780304	0.6579449173647636	27.027027027027028
0.0012286700077245615	0.33912488886865844	0.6596464411236176	27.127127127127128
0.0012080421510804005	0.3374523837048842	0.661339574144036	27.227227227227228
0.0011878597996522087	0.3357877841382645	0.6630243560620839	27.32732732732733
0.0011681116907189528	0.33413106193727665	0.664700826372005	27.42742742742743
0.0011487869085761687	0.3324821886607039	0.6663690244307205	27.52752752752753
0.001129874852203297	0.3308411356945361	0.6680289894532613	27.62762762762763
0.0011113652050030096	0.3292078742864534	0.6696807605085443	27.72772772772773
0.00109324794039473	0.3275823755384852	0.6713243765211208	27.82782782782783
0.0010755133123010803	0.3259646104172908	0.6729598762704088	27.92792792792793
0.0010581518458263523	0.3243545497642144	0.6745872983899599	28.02802802802803
0.0010411543281035052	0.32275216430514225	0.6762066813667549	28.12812812812813
0.001024511801195477	0.32115742465804786	0.6778180635407574	28.22822822822823
0.0010082155760737488	0.3195703013169041	0.6794214831070229	28.32832832832833
0.0009922571978175031	0.3179907646902635	0.6810169781119197	28.42842842842843
0.0009766284398493605	0.3164187851072852	0.6826045864528661	28.52852852852853
0.0009613213012509065	0.3148543328203033	0.6841843458784466	28.62862862862863
0.0009463279994522375	0.31329737801257435	0.6857562939879741	28.72872872872873
0.0009316409630565399	0.31174789080586895	0.6873204682310753	28.82882882882883
0.0009172528247819615	0.31020584126792666	0.6888769059072921	28.92892892892893
0.0009031564216277581	0.308671199411577	0.690425644166796	29.02902902902903
0.0008893448092298183	0.3071439351774907	0.6919667200132802	29.12912912912913
0.0008758112140860747	0.30562401848860316	0.6935001702973115	29.22922922922923
0.0008625490419426075	0.30411141923975105	0.6950260317183071	29.32932932932933
0.0008495518741380617	0.30260610730119936	0.6965443408246633	29.42942942942943
0.0008368134616415888	0.30110805252482903	0.6980551340135301	29.52952952952953
0.0008243277191439423	0.29961722475026253	0.6995584475305943	29.62962962962963
0.0008120887191860943	0.29813359381094595	0.7010543174698687	29.72972972972973
0.000800090686309744	0.29665712954020523	0.7025427797734858	29.82982982982983
0.0007883279912140828	0.29518780177729526	0.7040238702314914	29.929929929929934
0.0007767951662529535	0.29372558034878093	0.7054976244849669	30.030030030030034
0.0007654869465090969	0.2922704350203527	0.706964078033139	30.130130130130134
0.0007543981624561062	0.2908223356201938	0.708423266217351	30.230230230230234
0.0007435237751199469	0.28938125199762954	0.7098752242272514	30.330330330330334
0.0007328588762492385	0.28794715402222426	0.7113199871015273	30.430430430430434
0.0007223986841095928	0.28652001158793505	0.7127575897279562	30.530530530530534
0.0007121385393258147	0.28509979461721036	0.7141880668434646	30.630630630630634
0.000702073900761624	0.2836864730650451	0.715611453034194	30.730730730730734
0.0006922003414265626	0.2822800169230037	0.7170277827355706	30.830830830830834
0.0006825135443997443	0.28088039622322347	0.7184370902323776	30.930930930930934
0.000673009312808549	0.27948758102643867	0.7198394096607535	31.031031031031034
0.0006636835877651674	0.27810154140095716	0.7212347750112784	31.131131131131134
0.0006545323893125506	0.27672224748916696	0.7226232201215212	31.231231231231234
0.0006455518364842978	0.275349669484099	0.7240047786794174	31.331331331331334
0.0006367381459009501	0.2739837776303922	0.7253794842237075	31.431431431431434
0.0006280876286593396	0.2726245422271995	0.7267473701441419	31.531531531531535
0.0006195966872509314	0.2712719336310615	0.7281084696816883	31.631631631631635
0.0006112618125017795	0.2699259222587573	0.7294628159287416	31.731731731731735
0.0006030795805267108	0.2685864785901394	0.7308104418293346	31.831831831831835
0.0005950466496903574	0.2672535731709629	0.7321513801793474	31.931931931931935
0.0005871597713440365	0.2659271765997242	0.7334856636289323	32.032032032032035
0.0005794158011828096	0.2646072595137826	0.7348133246850351	32.132132132132135
0.0005718116520978628	0.2632937926433953	0.7361343957045074	32.232232232232235
0.0005643443119845778	0.26198674679035344	0.7374489088976626	32.332332332332335
0.0005570108424270963	0.2606860928288182	0.7387568963287553	32.432432432432435
0.0005498083764598504	0.2593918017072299	0.7400583899163108	32.532532532532535
0.0005427341163555587	0.25810384445018864	0.7413534214334564	32.632632632632635
0.0005357853314347942	0.2568221921603106	0.7426420225082552	32.732732732732735
0.0005289593558922327	0.25554681602006796	0.7439242246240404	32.832832832832835
0.0005222535866346841	0.2542776872936157	0.7452000591197502	32.932932932932935
0.0005156654908383801	0.2530147773171967	0.7464695571919655	33.033033033033036
0.0005091926097182182	0.25175805749400076	0.7477327498962816	33.133133133133136
0.0005028325312498117	0.25050749932551986	0.748989668143231	33.233233233233236
0.0004965829008178142	0.24926307439832474	0.750240342700858	33.333333333333336
0.0004904414198935971	0.24802475438491436	0.7514848041951926	33.433433433433436
0.00048440584440246265	0.24679251104493138	0.7527230831106667	33.533533533533536
0.0004784739831120476	0.2455663162263547	0.7539552097905339	33.633633633633636
0.0004726436960385434	0.24434614186667225	0.7551812144372898	33.733733733733736
0.00046691289286736277	0.2431319599940387	0.7564011271130946	33.833833833833836
0.0004612795313848798	0.24192374272842096	0.7576149777401947	33.933933933933936
0.0004557416225960188	0.24072146227534685	0.7588227961020577	34.034034034034036
0.000450297230774853	0.23952509092526109	0.7600246118439646	34.134134134134136
0.0004449444581989447	0.23833460106983145	0.7612204544719702	34.234234234234236
0.0004396814511411045	0.23714996519473336	0.7624103533541261	34.334334334334336
0.00043450639871187637	0.235971155880347	0.7635943377209417	34.434434434434436
0.00042941753162571456	0.23479814580254108	0.7647724366658337	34.53453453453454
0.00042441312098092694	0.23363090773344267	0.765944679145577	34.63463463463464
0.00041949147705092624	0.23246941454219716	0.7671110939807524	34.73473473473474
0.00041465094808433264	0.2313136391957205	0.7682717098561958	34.83483483483484
0.00040988991911146926	0.2301635547594467	0.7694265553214423	34.93493493493494
0.0004052068175023427	0.22901913438988444	0.7705756587926138	35.03503503503504
0.0004006001112684625	0.22788035133598325	0.7717190485527489	35.13513513513514
0.00039606829718092767	0.22674717895286256	0.772856752749957	35.23523523523524
0.00039160990599849396	0.22561959069477727	0.7739887993992248	35.33533533533534
0.0003872235015716805	0.22449756011551883	0.77511521638291	35.43543543543544
0.00038290767993883927	0.22338106086882853	0.7762360314512332	35.53553553553554
0.00037866106843486566	0.22227006670879818	0.7773512722227676	35.63563563563564
0.0003744823248109086	0.2211645514902599	0.7784609661849298	35.73573573573574
0.0003703701363634349	0.220064489169167	0.7795651406944701	35.83583583583584
0.00036632321907100547	0.21896985380296768	0.7806638229779619	35.93593593593594
0.00036234031975012867	0.21788061954764093	0.7817570401326095	36.03603603603604
0.00035842021877969323	0.21679676065377093	0.78284481912745	36.13613613613614
0.00035456171566487776	0.21571825148266607	0.7839271868016696	36.23623623623624
0.0003507636384691162	0.21464506649477968	0.7850041698667518	36.33633633633634
0.0003470248408451592	0.2135771802525832	0.7860757949065722	36.43643643643644
0.0003433442013731991	0.21251456742072328	0.7871420883779041	36.53653653653654
0.00033972062290073794	0.21145720276617944	0.7882030766109204	36.63663663663664
0.0003361530318841986	0.21040506115842236	0.789258785809694	36.73673673673674
0.0003326403777322784	0.20935811756957265	0.7903092420526956	36.83683683683684
0.00032918163216771624	0.20831634707454028	0.7913544712932926	36.93693693693694
0.0003257757965397254	0.20727972484174373	0.7923944993617171	37.03703703703704
0.0003224218947322672	0.20624822614090332	0.793429351964365	37.13713713713714
0.0003191189661217017	0.2052218263507783	0.7944590546831006	37.23723723723724
0.0003158660704170367	0.20420050095282383	0.7954836329767597	37.33733733733734
0.0003126622870603858	0.20318422553129759	0.7965031121816427	37.43743743743744
0.0003095067146306424	0.20217297577336504	0.797517517512005	37.53753753753754
0.00030639847025037097	0.20116672746920367	0.7985268740605466	37.63763763763764
0.0003033366889959137	0.20016545651210585	0.7995312067988989	37.73773773773774
0.0003003205233107142	0.19916913889858054	0.8005305405781094	37.83783783783784
0.0002973491424218574	0.19817775072845373	0.801524900129125	37.93793793793794
0.0002944217317598255	0.19719126820496766	0.8025143100632731	38.03803803803804
0.00029153749238147085	0.1962096676348789	0.8034987948727402	38.13813813813814
0.0002886956403962048	0.19523292542855514	0.8044783789310493	38.23823823823824
0.0002858954063954029	0.1942610181000706	0.8054530864935346	38.33833833833834
0.0002831360412591321	0.19329392225969463	0.8064229416990468	38.43843843843844
0.000280416847403905	0.19233161457602496	0.8073879685765718	38.53853853853854
0.0002777371177648579	0.19137407184822008	0.8083481910340157	38.63863863863864
0.00027509615380916696	0.19042127098392989	0.8093036328622616	38.73873873873874
0.0002724932711433323	0.18947318899203247	0.8102543177368248	38.83883883883884
0.0002699277991388603	0.18852980298251115	0.8112002692183506	38.93893893893894
0.0002673990805666752	0.1875910901663237	0.8121415107531103	39.03903903903904
0.00026490647124025995	0.18665702785526375	0.8130780656734966	39.13913913913914
0.0002624493396675253	0.18572759346181447	0.8140099571985187	39.23923923923924
0.00026002706671140845	0.1848027644989944	0.8149372084342948	39.33933933933934
0.00025763904525920073	0.18388251858019544	0.815859842374546	39.43943943943944
0.0002552846799006038	0.18296683341901301	0.816777881901087	39.53953953953954
0.0002529633866145153	0.18205568682906859	0.8176913497843176	39.63963963963964
0.00025067459246454313	0.18114905672382425	0.8186002686837118	39.73973973973974
0.000248417735303249	0.18024692111638954	0.8195046611483079	39.83983983983984
0.0002461922722178948	0.1793492581088877	0.8204045496188951	39.93993993993994
0.000243997676312043	0.17845604589575928	0.8212999564279293	40.04004004004004
0.00024183342245154147	0.17756726278025237	0.8221909037972968	40.14014014014014
0.00023969899602706285	0.17668288716341815	0.8230774138405554	40.24024024024024
0.00023759389279596137	0.17580289754376657	0.8239595085634381	40.34034034034034
0.00023551761870426922	0.17492727251694812	0.8248372098643483	40.44044044044044
0.00023346968971943061	0.17405599077542555	0.8257105395348556	40.54054054054054
0.00023144963167377313	0.17318903110813547	0.8265795192601914	40.64064064064064
0.00022945698011871677	0.17232637240013943	0.8274441706197425	40.74074074074074
0.0002274912801897205	0.1714679936322652	0.8283045150875458	40.84084084084084
0.00022555208648196646	0.1706138738807375	0.8291605740327812	40.94094094094094
0.00022363896293678157	0.1697639923167988	0.8300123687202651	41.04104104104104
0.00022175148273879673	0.16891832820631975	0.8308599203109421	41.14114114114114
0.00021988922822384368	0.16807686090939936	0.8317032498623774	41.24124124124124
0.00021805178884712123	0.1672395698822377	0.8325423783289159	41.34134134134134
0.00021623874338744668	0.1664064346974578	0.8333773265591554	41.44144144144144
0.00021444968861598215	0.1655774350100568	0.8342081153013279	41.54154154154154
0.00021268423347835382	0.16475255056371602	0.8350347652028063	41.64164164164164
0.0002109419945340256	0.16393176119564218	0.8358572968098245	41.74174174174174
0.00020922259583925384	0.16311504683621103	0.8366757305679503	41.84184184184184
0.00020752566883798653	0.16230238750860412	0.8374900868225585	41.94194194194194
0.00020585085226070677	0.1614937633284385	0.8383003858193014	42.04204204204204
0.00020419779203122103	0.16068915450338955	0.8391066477045799	42.14214214214214
0.00020256614118139147	0.15988854133280697	0.8399088925260123	42.24224224224224
0.00020095555977381308	0.1590919042073237	0.8407071402329032	42.34234234234234
0.00019936571483243498	0.15829922360845786	0.8415014106767104	42.44244244244244
0.0001977962802811265	0.1575104801082081	0.8422917236115114	42.54254254254254
0.00019624693689018725	0.15672565436864153	0.8430780986944689	42.64264264264264
0.00019471737223080208	0.15594472714147506	0.8438605554862948	42.74274274274275
0.00019320727213003748	0.1551676792770956	0.844639113450775	42.84284284284285
0.00019171631799264175	0.15439449172706785	0.8454137919549402	42.94294294294295
0.00019024420947626286	0.15362514551849443	0.84618461027203	43.04304304304305
0.00018879065217202492	0.1528596217672325	0.8469515875805962	43.14314314314315
0.00018735535720847439	0.15209790167787346	0.8477147429649188	43.24324324324325
0.00018593804117177852	0.15133996654337353	0.8484740954154554	43.34334334334335
0.00018453842603134287	0.1505857977446803	0.849229663829289	43.44344344344345
0.0001831562390708483	0.1498353767503551	0.8499814670105748	43.54354354354355
0.0001817912128247068	0.14908868511619103	0.850729523670985	43.64364364364365
0.00018044308501993683	0.14834570448482717	0.8514738524301535	43.74374374374375
0.00017911159852345774	0.14760641658535859	0.8522144718161186	43.84384384384385
0.0001777965012948034	0.14687080323294194	0.8529514002657639	43.94394394394395
0.000176497546344255	0.14613884632839738	0.853684656125259	44.04404404404405
0.0001752144916963932	0.14541052785780603	0.8544142576504983	44.14414414414415
0.00017394709970960405	0.1446858298928479	0.8551402230074431	44.24424424424425
0.00017269512528985488	0.14396473460387357	0.8558625702708371	44.34434434434435
0.0001714583321851536	0.14324722424078631	0.8565813174270291	44.44444444444445
0.00017023649227365732	0.14253328113342226	0.8572964823743047	44.54454454454455
0.00016902938154926108	0.14182288769571874	0.8580080829227326	44.64464464464465
0.00016783678005983407	0.14111602642535337	0.8587161367945874	44.74474474474475
0.00016665847184906134	0.14041267990338102	0.8594206616247705	44.84484484484485
0.00016549424490189127	0.13971283079386881	0.8601216749612299	44.94494494494495
0.00016434389109358847	0.13901646184352906	0.8608191942653779	45.04504504504505
0.00016320720614239237	0.13832355588135017	0.861513236912508	45.14514514514515
0.00016208398956578135	0.13763409581822536	0.8622038201922094	45.24524524524525
0.00016097404464034262	0.13694806464657955	0.8628909613087807	45.34534534534535
0.00015987717836524746	0.136265445439994	0.8635746773816413	45.44544544544545
0.0001587932014293322	0.13558622135282908	0.8642549854457422	45.54554554554555
0.00015772192818178479	0.1349103756198447	0.864931902451974	45.64564564564565
0.00015666314993216561	0.1342378915664252	0.8656054452836431	45.74574574574575
0.00015561673493964546	0.13356875258015788	0.866275630684903	45.84584584584585
0.000154582469339438	0.13290294214994094	0.8669424753807201	45.94594594594595
0.00015356017863305002	0.13224044383255876	0.8676059959888087	46.04604604604605
0.00015254969119092807	0.13158124126390858	0.868266209044901	46.14614614614615
0.00015155083823487818	0.13092531815864236	0.8689231310031232	46.24624624624625
0.00015056345382048563	0.13027265830980833	0.8695767782363717	46.34634634634635
0.00014958737481953464	0.1296232455884927	0.8702271670366883	46.44644644644645
0.00014862244090242815	0.12897706394346115	0.8708743136156369	46.54654654654655
0.00014766849452060748	0.1283340974008007	0.8715182341046792	46.64664664664665
0.00014672538088897225	0.12769433006356126	0.8721589445555503	46.74674674674675
0.00014579294796829986	0.12705774611139722	0.872796460940635	46.84684684684685
0.00014487104644766546	0.12642432980020923	0.8734307991533437	46.94694694694695
0.00014395952972686153	0.1257940654617857	0.8740619750084879	47.04704704704705
0.00014305825371301002	0.12516693750363556	0.874690004242652	47.14714714714715
0.00014216706841302135	0.12454293041725405	0.8753149025143335	47.24724724724725
0.00014128582866782644	0.12392202876671239	0.8759366854046203	47.34734734734735
0.00014041439591625405	0.12330421718646828	0.876555368417616	47.44744744744745
0.00013955263401946503	0.12268948038528153	0.8771709669806995	47.54754754754755
0.00013870040923719004	0.1220778031458622	0.8777834964449012	47.64764764764765
0.00013785759020396731	0.12146917032451843	0.8783929720852781	47.74774774774775
0.00013702404790538023	0.12086356685080461	0.8789994091012906	47.84784784784785
0.00013619965565429509	0.12026097772716926	0.879602822617177	47.94794794794795
0.00013538428906709885	0.11966138802860311	0.8802032276823304	48.04804804804805
0.00013457782603993685	0.11906478290228709	0.8808006392716735	48.14814814814815
0.00013378014672495037	0.11847114756724027	0.8813950722860353	48.24824824824825
0.00013299113350651452	0.11788046731396797	0.8819865415525261	48.34834834834835
0.0001322106709774759	0.11729272750410968	0.8825750618249134	48.44844844844845
0.0001314386459153902	0.11670791357008711	0.883160647783998	48.54854854854855
0.00013067494725876004	0.11612601101475219	0.8837433140379896	48.64864864864865
0.00012991946608327258	0.115547005411035	0.8843230751228823	48.74874874874875
0.00012917209557803734	0.11497088240159192	0.8848999455028306	48.84884884884885
0.00012843273102182377	0.11439762769845349	0.8854739395705252	48.94894894894895
0.00012770126975929908	0.11382722708267251	0.8860450716475687	49.04904904904905
0.00012697761117726582	0.11325966640397196	0.8866133559848514	49.14914914914915
0.00012626164359822763	0.11269493160149191	0.8871788067549103	49.24924924924925
0.00012555325400270977	0.11213300868771965	0.8877414380582781	49.34934934934935
0.00012485234269245973	0.11157388372445162	0.8883012639328565	49.44944944944945
0.00012415881152674958	0.1110175428413748	0.888858298347099	49.54954954954955
0.00012347256388642333	0.11046397223573431	0.8894125552003798	49.64964964964965
0.00012279350463805422	0.10991315817200092	0.8899640483233615	49.74974974974975
0.00012212154009810238	0.10936508698153856	0.8905127914783638	49.84984984984985
0.0001214565779970721	0.10881974506227175	0.8910587983597317	49.94994994994995
0.00012079852744366939	0.10827711887835315	0.8916020825942037	50.050050050050054
0.00012014729888895929	0.10773719495983099	0.8921426577412805	50.150150150150154
0.00011950280409052342	0.10719995990231661	0.8926805372935934	50.250250250250254
0.00011886495607661738	0.1066654003666519	0.893215734677272	50.350350350350354
0.00011823366911032816	0.10613350307857679	0.8937482632523134	50.450450450450454
0.00011760885865373162	0.1056042548283968	0.89427813631295	50.550550550550554
0.00011699044133204989	0.10507764247065043	0.894805367088018	50.650650650650654
0.00011637833489780887	0.1045536529237767	0.895329968741326	50.750750750750754
0.00011577245819499558	0.10403227316978265	0.8958519543720228	50.850850850850854
0.00011517273112321571	0.10351349025391081	0.8963713370149665	50.950950950950954
0.00011457907460185093	0.10299729128430664	0.896888129641092	51.051051051051054
0.00011399141053421644	0.10248366343168609	0.8974023451577802	51.151151151151154
0.00011340966588396561	0.10197259394299651	0.89791399639112	51.251251251251254
0.00011283377345932908	0.10146407014387476	0.8984230960826664	51.351351351351354
0.00011226366040473833	0.10095807939927515	0.8989296569403206	51.451451451451454
0.00011169925470830846	0.10045460913540297	0.8994336916098892	51.551551551551555
0.00011114048534879872	0.09995364684000412	0.8999352126746476	51.651651651651655
0.00011058728226538984	0.09945518006205162	0.9004342326556835	51.751751751751755
0.00011003957632746124	0.09895919641143233	0.9009307640122407	51.851851851851855
0.00010949729930436824	0.09846568355863347	0.9014248191420626	51.951951951951955
0.00010896038383521936	0.09797462923442926	0.901916410381736	52.052052052052055
0.00010842876339865351	0.09748602122956754	0.9024055500070343	52.152152152152155
0.00010790237228261729	0.09699984739445637	0.9028922502332615	52.252252252252255
0.00010738114555414215	0.09651609563885064	0.9033765232155957	52.352352352352355
0.00010686501902912172	0.09603475393153867	0.9038583810494327	52.452452452452455
0.00010635392924208897	0.09555581030002884	0.9043378357707296	52.552552552552555
0.00010584781341599352	0.09507925283023622	0.9048148993563483	52.652652652652655
0.0001053466094319788	0.09460506966616909	0.9052895837243994	52.752752752752755
0.00010485025579915942	0.09413324900961564	0.9057619007345857	52.852852852852855
0.00010435869162439828	0.09366377911983058	0.9062318621885456	52.952952952952955
0.00010387185658208385	0.09319664831322165	0.9066994798301967	53.053053053053056
0.00010338969088390748	0.09273184496303634	0.9071647653460803	53.153153153153156
0.00010291213969326006	0.09226935750824167	0.9076277303520656	53.253253253253256
0.0001024391612288809	0.0918091744700347	0.9080883863687369	53.353353353353356
0.00010197070236195932	0.09135128440111714	0.9085467448965214	53.453453453453456
0.00010150670948674256	0.09089567590792907	0.9090028173825847	53.553553553553556
0.00010104712970754063	0.09044233765285317	0.9094566152174398	53.653653653653656
0.00010059191081834464	0.08999125835392177	0.9099081497352604	53.753753753753756
0.00010014100128244511	0.08954242678452377	0.9103574322141943	53.853853853853856
9.96943502120503e-05	0.08909583177311162	0.9108044738766768	53.953953953953956
9.925190734790451e-05	0.08865146220290829	0.9112492858897443	54.054054054054056
9.881362303890636e-05	0.08820930701161421	0.9116918793653473	54.154154154154156
9.837944822172722e-05	0.08776935519111427	0.9121322653606645	54.254254254254256
9.794933440042939e-05	0.08733159578718475	0.9125704548784154	54.354354354354356
9.752323362608454e-05	0.08689601789920029	0.9130064588671741	54.454454454454456
9.710109847639192e-05	0.08646261067984093	0.9134402882216832	54.55455455455456
9.668288203529675e-05	0.08603136333479892	0.9138719537831663	54.65465465465466
9.626853787260852e-05	0.08560226512248584	0.914301466339642	54.75475475475476
9.58580200236193e-05	0.08517530535373949	0.9147288366262374	54.85485485485486
9.545128296872203e-05	0.08475047339153083	0.915154075325501	54.95495495495496
9.504828161302889e-05	0.08432775865067102	0.9155771930677165	55.05505505505506
9.464897126598962e-05	0.08390715059751833	0.9159982004312162	55.15515515515516
9.425330917906982e-05	0.08348863875503085	0.9164171079357906	55.25525525525526
9.386126257472321e-05	0.083072212730091	0.9168339260073348	55.35535535535536
9.347279222277997e-05	0.08265786215693256	0.9172486650508451	55.45545545545546
9.308785766274092e-05	0.08224557671483554	0.9176613354275022	55.55555555555556
9.270641894852103e-05	0.08183534613388913	0.9180719474471628	55.65565565565566
9.232843663454311e-05	0.081427160194721	0.918480511368645	55.75575575575576
9.19538717618315e-05	0.0810210087282265	0.9188870374000121	55.85585585585586
9.158268584410565e-05	0.08061688161529774	0.9192915356988586	55.95595595595596
9.121484085387397e-05	0.0802147687865529	0.9196940163725937	56.05605605605606
9.085029920852737e-05	0.07981466022206526	0.9200944894787266	56.15615615615616
9.048902375643301e-05	0.07941654595109256	0.9204929650251515	56.25625625625626
9.013097776302795e-05	0.07902041605180599	0.9208894529704315	56.35635635635636
8.977612489691287e-05	0.07862626065101953	0.921283963224084	56.45645645645646
8.94244292159457e-05	0.07823406992391908	0.9216765056468654	56.55655655655656
8.907585515333535e-05	0.0778438340937916	0.9220670900510556	56.65665665665666
8.873036750373534e-05	0.07745554343175434	0.9224557262007423	56.75675675675676
8.838793140933753e-05	0.077069188256484	0.9228424238121071	56.85685685685686
8.804851234596579e-05	0.07668475893394593	0.9232271925537086	56.95695695695696
8.771207610916966e-05	0.0763022458771233	0.923610042046768	57.05705705705706
8.737858880031801e-05	0.07592163954574625	0.9239909818654539	57.15715715715716
8.704803598661875e-05	0.07554293054013113	0.9243700214238827	57.25725725725726
8.672034891847083e-05	0.07516610923883592	0.9247471704122461	57.35735735735736
8.639552330273051e-05	0.07479116638142375	0.9251224380952741	57.45745745745746
8.607352799804475e-05	0.07441809262011638	0.925495833851886	57.55755755755756
8.57543322785129e-05	0.0740468786534079	0.925867367014314	57.65765765765766
8.543790582039538e-05	0.07367751522579685	0.9262370468683833	57.75775775775776
8.512421868904195e-05	0.0733099931275196	0.9266048826537918	57.85785785785786
8.481324132603922e-05	0.07294430319428456	0.9269708835643898	57.95795795795796
8.450494453657748e-05	0.07258043630700779	0.9273350587484561	58.05805805805806
8.419929947703701e-05	0.07221838339154935	0.9276974173089741	58.15815815815816
8.38962776427937e-05	0.07185813541845099	0.9280579683039067	58.25825825825826
8.3595850856244e-05	0.07149968340267472	0.9284167207464695	58.35835835835836
8.329799125504933e-05	0.07114301840334267	0.9287736836054028	58.45845845845846
8.300267128059977e-05	0.07078813152347777	0.9291288658052421	58.55855855855856
8.27098636666971e-05	0.07043501390974574	0.9294822762265881	58.65865865865866
8.241954142845735e-05	0.070083656752198	0.929833923706374	58.75875875875876
8.213167785143251e-05	0.06973405128401579	0.9301838170381332	58.85885885885886
8.184624648095178e-05	0.06938618878125515	0.9305319649722644	58.95895895895896
8.15632211116821e-05	0.06904006056259328	0.9308783762162955	59.05905905905906
8.128257577740802e-05	0.0686956579890757	0.9312230594351474	59.15915915915916
8.100428479533152e-05	0.06835297246427322	0.931566023250932	59.25925925925926
8.072832676638372e-05	0.0680119954641997	0.9319072762090345	59.35935935935936
8.045467973230096e-05	0.06767271850070068	0.9322468268195675	59.45945945945946
8.01833197539017e-05	0.06733513311057929	0.9325846835696673	59.55955955955956
7.991422317563686e-05	0.06699923087245412	0.9329208549043707	59.65965965965966
7.964736662063557e-05	0.06666500340654266	0.9332553492268372	59.75975975975976
7.938272698604379e-05	0.06633244237444641	0.933588174898568	59.85985985985987
7.912028143865559e-05	0.06600153947893755	0.9339193402396243	59.95995995995997
7.886000741083712e-05	0.06567228646374729	0.9342488535288423	60.06006006006007
7.860188259674354e-05	0.06534467511335582	0.9345767230040479	60.16016016016017
7.834588494882837e-05	0.0650186972527839	0.9349029568622678	60.26026026026027
7.809199267464592e-05	0.06469434474738615	0.9352275632599397	60.36036036036037
7.784018423394623e-05	0.06437160950264581	0.9355505503131207	60.46046046046047
7.759043833606285e-05	0.06405048346397124	0.9358719260976932	60.56056056056057
7.734273393759335e-05	0.06373095861649407	0.9361916986495689	60.66066066066067
7.709705024037257e-05	0.0634130269848689	0.9365098759648912	60.76076076076077
7.685336668973862e-05	0.06309668063307469	0.9368264660002361	60.86086086086087
7.661166297309164e-05	0.0627819116642177	0.9371414766728097	60.96096096096097
7.637191901874524e-05	0.062468712220336196	0.9374549158606456	61.06106106106107
7.613411499507077e-05	0.062157074482206635	0.9377667914027988	61.16116116116117
7.58982313099343e-05	0.061846990669151565	0.9380771110995391	61.26126126126127
7.566424861042629e-05	0.061538453038849146	0.938385882712541	61.36136136136137
7.543214778288412e-05	0.061231453887144266	0.9386931139650734	61.46146146146147
7.520190995320725e-05	0.06092598554786133	0.938998812542186	61.56156156156157
7.497351648746521e-05	0.06062204039261864	0.9393029860908944	61.66166166166167
7.474694899279826e-05	0.060319610830644424	0.9396056422203632	61.76176176176177
7.452218919765532e-05	0.060018689312024996	0.9399067884987778	61.86186186186187
7.429921850304621e-05	0.059719268340293605	0.9402064324412038	61.96196196196197
7.407801901357762e-05	0.05942134044305954	0.9405045815379274	62.06206206206207
7.385857315744079e-05	0.05912489818266739	0.9408012432441757	62.16216216216217
7.364086360047269e-05	0.058829934158525624	0.9410964249778744	62.26226226226227
7.342487324829124e-05	0.05853644100694719	0.941390134119805	62.36236236236237
7.321058524871352e-05	0.05824441140099204	0.9416823780137598	62.46246246246247
7.299798299445709e-05	0.05795383805031151	0.9419731639666945	62.56256256256257
7.278705012612453e-05	0.05766471370099465	0.9422624992488797	62.66266266266267
7.2577770535471e-05	0.05737703113541641	0.9425503910940486	62.76276276276277
7.237012836895495e-05	0.05709078317208777	0.9428368466995438	62.86286286286287
7.216410803157196e-05	0.05680596266550775	0.9431218732264612	62.96296296296297
7.195969419097167e-05	0.056522562506017324	0.9434054777997922	63.06306306306307
7.175687178185787e-05	0.056240575619655224	0.9436876675085635	63.16316316316317
7.155562601067167e-05	0.05595999496801569	0.9439684494059741	63.26326326326327
7.135594236055779e-05	0.055680813548108034	0.9442478305095319	63.36336336336337
7.115780659661399e-05	0.05540302439221824	0.9445258178011856	63.46346346346347
7.096120477142361e-05	0.05512662056777231	0.9448024182274568	63.56356356356357
7.076612323087122e-05	0.05485159517720164	0.945077638699568	63.66366366366367
7.057254862024139e-05	0.05457794135781023	0.94535148609357	63.76376376376377
7.038046789060056e-05	0.054305652281643815	0.945623967250466	63.86386386386387
7.018986830546209e-05	0.05403472115536089	0.9458950889763341	63.96396396396397
7.000073744773436e-05	0.05376514122010566	0.9461648580424471	64.06406406406407
6.981306322695203e-05	0.053496905751382856	0.9464332811853907	64.16416416416416
6.96268338867903e-05	0.05323000805893443	0.9467003651071793	64.26426426426427
6.94420380128626e-05	0.052964441486618344	0.9469661164753693	64.36436436436436
6.925865765043797e-05	0.052700199381665404	0.9472305419606846	64.46446446446447
6.907667166190723e-05	0.05243727510944673	0.9474936482188918	64.56456456456456
6.889606694373529e-05	0.05217566210317182	0.9477554418298849	64.66466466466467
6.871683058173673e-05	0.05191535382887047	0.9480159293405482	64.76476476476476
6.853894982004868e-05	0.051656343785101706	0.9482751172650787	64.86486486486487
6.836241206110463e-05	0.05139862550280186	0.9485330120851375	64.96496496496496
6.818720486571665e-05	0.05114219254513311	0.9487896202500016	65.06506506506507
6.80133159532668e-05	0.05088703850733375	0.9490449481767135	65.16516516516516
6.784073320200696e-05	0.050633157016568994	0.9492990022502295	65.26526526526527
6.766944464946786e-05	0.05038054173178356	0.9495517888235674	65.36536536536536
6.749943849297655e-05	0.05012918634355465	0.9498033142179528	65.46546546546547
6.733070309028304e-05	0.0498790845739468	0.9500535847229634	65.56556556556556
6.71632269602954e-05	0.049630230176367175	0.950302606596673	65.66566566566567
6.699699878392401e-05	0.049382616935422625	0.9505503860657939	65.76576576576576
6.68320074050343e-05	0.04913623866677723	0.9507969293258182	65.86586586586587
6.666824183150855e-05	0.04889108921701162	0.9510422425411573	65.96596596596596
6.65056912364163e-05	0.0486471624634828	0.9512863318452812	66.06606606606607
6.634434495929385e-05	0.048404452314185664	0.9515292033408554	66.16616616616616
6.618419250753215e-05	0.048162952707615135	0.9517708630998778	66.26626626626627
6.602522355787395e-05	0.047922657612629906	0.9520113171638127	66.36636636636636
6.58674279580194e-05	0.047683561028316834	0.9522505715437256	66.46646646646647
6.571079572834073e-05	0.04744565698385694	0.9524886322204151	66.56656656656656
6.55553170637055e-05	0.04720893953839206	0.9527255051445447	66.66666666666667
6.54009823354089e-05	0.046973402780893084	0.952961196236772	66.76676676676676
6.524778209321463e-05	0.046739040830028854	0.9531957113878784	66.86686686686687
6.509570674270368e-05	0.04650584783264736	0.9534290564606105	66.96696696696696
6.494474280233553e-05	0.046273817947626535	0.9536612373095716	67.06706706706707
6.479487921853519e-05	0.04604294537275007	0.9538922597480319	67.16716716716716
6.46461062258951e-05	0.04581322433969469	0.9541221295540799	67.26726726726727
6.44984141668108e-05	0.04558464910884503	0.9543508524769887	67.36736736736736
6.435179349066263e-05	0.04535721396915425	0.9545784342373556	67.46746746746747
6.420623475304121e-05	0.04513091323800606	0.9548048805272414	67.56756756756756
6.406172861501662e-05	0.04490574126107698	0.9550301970103086	67.66766766766767
6.391826584245168e-05	0.044681692412200075	0.9552543893219579	67.76776776776777
6.377583730535862e-05	0.04445876109322895	0.9554774630694662	67.86786786786787
6.363443397730004e-05	0.04423694173390314	0.95569942383212	67.96796796796797
6.349404693483316e-05	0.04401622879171381	0.9559202771613519	68.06806806806807
6.335466735699842e-05	0.04379661675177087	0.9561400285808727	68.16816816816817
6.32162865248514e-05	0.043578100126670356	0.9563586835868053	68.26826826826827
6.307889582103893e-05	0.04336067345636319	0.9565762476478163	68.36836836836838
6.294248672941873e-05	0.04314433130802445	0.9567927262052467	68.46846846846847
6.280705083472304e-05	0.04292906827592349	0.9570081246732423	68.56856856856858
6.267257982226599e-05	0.04271487898129526	0.957222448438883	68.66866866866867
6.253906547769478e-05	0.04250175807221192	0.9574357028623109	68.76876876876878
6.240649968678465e-05	0.042289700223455885	0.9576478932768578	68.86886886886887
6.227487443527773e-05	0.04207870013639321	0.9578590249891721	68.96896896896898
6.214418180876567e-05	0.04186875253884826	0.9580691032793435	69.06906906906907
6.201441399261594e-05	0.041659852184978814	0.9582781334010291	69.16916916916918
6.188556327194225e-05	0.04145199385515244	0.9584861205815761	69.26926926926927
6.17576220316184e-05	0.04124517235582329	0.9586930700221457	69.36936936936938
6.163058275633634e-05	0.0410393825194102	0.958898986897834	69.46946946946947
6.150443758632983e-05	0.04083461920173287	0.9591038763606813	69.56956956956958
6.137917794963217e-05	0.04063087727986987	0.9593077435421811	69.66966966966967
6.125479629929505e-05	0.040428151661585254	0.959510593542116	69.76976976976978
6.113128521813551e-05	0.04022643728028858	0.9597124314344938	69.86986986986987
6.100863736632066e-05	0.040025729094627205	0.959913262268007	69.96996996996998
6.0886845480701285e-05	0.03982602208836404	0.9601130910661558	70.07007007007007
6.07659023741706e-05	0.03962731127025561	0.9603119228273708	70.17017017017018
6.064580093504917e-05	0.039429591673931265	0.9605097625251342	70.27027027027027
6.052653412649508e-05	0.03923285835777279	0.9607066151081013	70.37037037037038
6.0408094985940115e-05	0.03903710640479512	0.9609024855002195	70.47047047047047
6.0290476624551344e-05	0.038842330922527396	0.9610973786008485	70.57057057057058
6.0173672226718614e-05	0.038648527042895196	0.9612912992848787	70.67067067067067
6.005767504956747e-05	0.03845568992210313	0.9614842524028478	70.77077077077078
5.994247842249801e-05	0.03826381474051855	0.9616762427810595	70.87087087087087
5.982807574674912e-05	0.0380728967025556	0.9618672752216982	70.97097097097098
5.971446049498869e-05	0.03788293103656048	0.962057354502945	71.07107107107107
5.9601626210929195e-05	0.03769391299469698	0.9622464853790926	71.17117117117118
5.948956650896924e-05	0.03750583785283322	0.9624346725806584	71.27127127127127
5.93782750738605e-05	0.037318700910428715	0.9626219208144979	71.37137137137138
5.9267745660400606e-05	0.03713249749042259	0.9628082347639175	71.47147147147147
5.91579720931514e-05	0.03694722293912215	0.9629936190887852	71.57157157157158
5.9048948266183195e-05	0.03676287262609262	0.9631780784256417	71.67167167167167
5.8940668142844363e-05	0.03657944194404716	0.9633616173878106	71.77177177177178
5.8833125755556925e-05	0.03639692630873813	0.9635442405655068	71.87187187187187
5.872631520563751e-05	0.03621532115884864	0.9637259525259463	71.97197197197198
5.862023065508847e-05	0.036034621955798415	0.9639067578135471	72.07207207207207
5.8514865822740465e-05	0.0358548241782072	0.9640866609559706	72.17217217217218
5.841021460681718e-05	0.03567592332850064	0.964265666456893	72.27227227227228
5.8306271237558225e-05	0.03549791493445083	0.9644437787943121	72.37237237237238
5.8203030002105446e-05	0.03532079454610709	0.9646210024238914	72.47247247247248
5.8100485243986854e-05	0.035144557735686775	0.9647973417790697	72.57257257257258
5.799863136261729e-05	0.034969200097467054	0.9649728012711708	72.67267267267268
5.789746281281543e-05	0.034794717247677	0.9651473852895107	72.77277277277278
5.7796974104337584e-05	0.034621104824390694	0.9653210982015055	72.87287287287288
5.7697159801427773e-05	0.03444835848742063	0.9654939443527785	72.97297297297298
5.759801452238463e-05	0.0342764739182121	0.965665928067266	73.07307307307308
5.749953293914458e-05	0.0341054468197379	0.9658370536473235	73.17317317317318
5.740170977688182e-05	0.033935272916394026	0.9660073253738296	73.27327327327328
5.7304539813624646e-05	0.03376594795389568	0.9661767475062912	73.37337337337338
5.720801787988847e-05	0.03359746769917428	0.9663453242829464	73.47347347347348
5.71121388583253e-05	0.033429827940274735	0.9665130599208674	73.57357357357358
5.701689768338984e-05	0.03326302448625378	0.9666799586160634	73.67367367367368
5.692228934102201e-05	0.03309705316707857	0.9668460245435809	73.77377377377378
5.6828308868346235e-05	0.03293190983352628	0.9670112618576059	73.87387387387388
5.673495135338704e-05	0.032767590357084014	0.9671756746915631	73.97397397397398
5.6642211934801385e-05	0.032604090629849744	0.9673392671582159	74.07407407407408
5.65500858016274e-05	0.032441406564433464	0.9675020433497654	74.17417417417418
5.645856819304983e-05	0.03227953409385945	0.967664007337948	74.27427427427428
5.636765439818183e-05	0.032118469171468725	0.9678251631741336	74.37437437437438
5.6277339755863556e-05	0.03195820777082263	0.9679855148894221	74.47447447447448
5.6187619654477024e-05	0.031798745885606584	0.9681450664947394	74.57457457457458
5.609848946634621e-05	0.0316400795287551	0.968303821981779	74.67467467467468
5.600994432035962e-05	0.03148220472964872	0.9684617853260313	74.77477477477478
5.5921979633778024e-05	0.03132511754036005	0.9686189604800066	74.87487487487488
5.583459090982489e-05	0.031168814033149157	0.9687753513759415	74.97497497497498
5.5747773694216665e-05	0.031013290299854147	0.9689309619264521	75.07507507507508
5.5661523574806985e-05	0.030858542451795676	0.96908579602463	75.17517517517518
5.557583618124275e-05	0.03070456661968237	0.9692398575441369	75.27527527527528
5.5490707184631485e-05	0.030551358953516534	0.9693931503392993	75.37537537537538
5.540613229722052e-05	0.03039891562250076	0.9695456782452024	75.47547547547548
5.5322107272087524e-05	0.030247232814944812	0.9696974450777835	75.57557557557558
5.5238627902842834e-05	0.030096306738173425	0.9698484546339242	75.67567567567568
5.515569002334315e-05	0.029946133618434363	0.9699987106915428	75.77577577577578
5.507328950741693e-05	0.029796709700807417	0.9701482170096857	75.87587587587588
5.4991422268601314e-05	0.029648031249113627	0.9702969773286182	75.97597597597598
5.491008425989065e-05	0.029500094545825487	0.9704449953699151	76.07607607607608
5.4829271473496514e-05	0.02935289589197733	0.9705922748365496	76.17617617617618
5.474897994061944e-05	0.02920643160707671	0.9707388194129831	76.27627627627628
5.466920573123203e-05	0.029060698029016008	0.9708846327652533	76.37637637637638
5.458994495387389e-05	0.028915691513984966	0.9710297185410616	76.47647647647648
5.4511193755457845e-05	0.028771408436383473	0.9711740803698615	76.57657657657658
5.443294832108799e-05	0.028627845188735304	0.9713177218629441	76.67667667667668
5.4355204873889125e-05	0.028484998181602075	0.9714606466135245	76.77677677677679
5.4277959674847906e-05	0.028342863843498163	0.9716028581968275	76.87687687687688
5.420120902266543e-05	0.028201438620805867	0.971744360170172	76.97697697697699
5.412494925362153e-05	0.028060718977691485	0.9718851560730554	77.07707707707708
5.404917674145049e-05	0.02792070139602166	0.9720252494272373	77.17717717717719
5.397388759999769e-05	0.027781382369760483	0.97216464374264	77.27727727727728
5.389907786850749e-05	0.0276427584083301	0.9723033425138019	77.37737737737739
5.382474395711921e-05	0.027504826044804496	0.9724413492112389	77.47747747747748
5.3750882309961046e-05	0.02736758182957271	0.9725786672881178	77.57757757757759
5.367748940409593e-05	0.02723102233024008	0.9727153001803563	77.67767767767768
5.36045617493512e-05	0.027095144131546012	0.9728512513067051	77.77777777777779
5.3532095888158675e-05	0.026959943835282642	0.9729865240688297	77.87787787787788
5.3460088395404704e-05	0.026825418060213692	0.9731211218513914	77.97797797797799
5.338853587829048e-05	0.02669156344199427	0.9732550480221279	78.07807807807808
5.331743497620237e-05	0.026558376633090873	0.9733883059319335	78.17817817817819
5.324678236059256e-05	0.0264258543027023	0.9735208989149376	78.27827827827828
5.317657473486965e-05	0.0262939931366808	0.9736528302885848	78.37837837837839
5.310680883429956e-05	0.026162789837454112	0.9737841033537121	78.47847847847848
5.303748142591646e-05	0.02603224112394772	0.9739147213946269	78.57857857857859
5.296858930844395e-05	0.025902343731508064	0.9740446876791841	78.67867867867868
5.2900129312226256e-05	0.025773094411825896	0.9741740054588625	78.77877877877879
5.283209829916975e-05	0.025644489932860618	0.9743026779688407	78.87887887887888
5.276449316269439e-05	0.025516527078764808	0.974430708428073	78.97897897897899
5.2697310827695526e-05	0.025389202649809636	0.9745581000393632	79.07907907907908
5.2630548250515654e-05	0.02526251346231055	0.9746848559894394	79.17917917917919
5.256420241892651e-05	0.025136456348553823	0.9748109794490277	79.27927927927928
5.249827035212113e-05	0.02501102815672336	0.974936473572925	79.37937937937939
5.243274910071615e-05	0.024886225750828384	0.9750613415000714	79.47947947947948
5.2367635746764256e-05	0.024762046010631356	0.9751855863536224	79.57957957957959
5.230292740377675e-05	0.024638485831576813	0.9753092112410199	79.67967967967968
5.22386212167562e-05	0.024515542124720416	0.9754322192540633	79.77977977977979
5.217471436223943e-05	0.024393211816658888	0.9755546134689794	79.87987987987988
5.211120404835038e-05	0.02427149184946024	0.9756763969464919	79.97997997997999
5.204808751486339e-05	0.02415037918059481	0.9757975727318908	80.08008008008008
5.1985362033276355e-05	0.024029870782866614	0.9759181438551007	80.18018018018019
5.1923024906894293e-05	0.023909963644345528	0.9760381133307481	80.28028028028028
5.186107347092284e-05	0.023790654768299776	0.9761574841582298	80.38038038038039
5.1799505092572025e-05	0.023671941173129235	0.9762762593217787	80.48048048048048
5.1738317171170104e-05	0.02355381989229904	0.9763944417905304	80.58058058058059
5.1677507138287616e-05	0.023436287974274037	0.9765120345185881	80.68068068068068
5.161707245787151e-05	0.023319342482453518	0.9766290404450891	80.78078078078079
5.155701062638947e-05	0.02320298049510679	0.9767454624942673	80.88088088088088
5.1497319172984366e-05	0.023087199105309056	0.9768613035755185	80.98098098098099
5.143799559760866e-05	0.022971995419519824	0.9769765665848831	81.08108108108108
5.137903615625925e-05	0.022857366530916353	0.9770912544329279	81.18118118118119
5.132043777732928e-05	0.022743309561289837	0.9772053700009333	81.28128128128128
5.126219790460209e-05	0.022629821657541304	0.9773189161445546	81.38138138138139
5.1204314003965576e-05	0.022516899980814603	0.977431895705182	81.48148148148148
5.114678356329815e-05	0.02240454170642845	0.9775443115100088	81.58158158158159
5.108960409236077e-05	0.022292744023809218	0.977656166372099	81.68168168168168
5.103277312269493e-05	0.02218150413642394	0.9777674630904539	81.78178178178179
5.097628820752678e-05	0.02207081926171405	0.9778782044500789	81.88188188188188
5.092014692167721e-05	0.02196068663102934	0.9779883932220494	81.98198198198199
5.086434686147799e-05	0.021851103489562637	0.9780980321635764	82.08208208208208
5.080888564469396e-05	0.021742067096284727	0.9782071240180711	82.18218218218219
5.0753760910451245e-05	0.02163357472387998	0.97831567151521	82.28228228228228
5.069897031917148e-05	0.021525623658682214	0.9784236773709991	82.38238238238239
5.064451155251213e-05	0.02141821120061128	0.9785311442878367	82.48248248248248
5.059038231331274e-05	0.021311334663109874	0.9786380749545773	82.58258258258259
5.053658032554738e-05	0.021204991373081072	0.9787444720465939	82.68268268268268
5.048310333428294e-05	0.021099178670826085	0.9788503382258401	82.78278278278279
5.042994910564362e-05	0.020993893909982755	0.9789556761409121	82.88288288288288
5.0377115426781335e-05	0.020889134457464265	0.9790604884271095	82.98298298298299
5.032460010585224e-05	0.020784897693398568	0.9791647777064961	83.08308308308308
5.0272400971999225e-05	0.020681181011068056	0.9792685465879605	83.18318318318319
5.0220515875340516e-05	0.020577981816849947	0.9793717976672752	83.28328328328328
5.016894268696421e-05	0.02047529753015689	0.9794745335271566	83.38338338338339
5.011767929892898e-05	0.02037312558337831	0.9795767567373233	83.48348348348348
5.006672362427065e-05	0.020271463421821977	0.9796784698545543	83.58358358358359
5.001607359701498e-05	0.020170308503656267	0.9797796754227472	83.68368368368368
4.996572717219633e-05	0.020069658299852716	0.9798803759729756	83.78378378378379
4.991568232588249e-05	0.019969510294129213	0.9799805740235454	83.88388388388388
4.986593705520541e-05	0.019869861982893505	0.9800802720800518	83.98398398398399
4.981648937839811e-05	0.01977071087518735	0.9801794726354348	84.08408408408408
4.97673373348375e-05	0.01967205449263096	0.9802781781700347	84.18418418418419
4.971847898509332e-05	0.019573890369368126	0.9803763911516473	84.28428428428428
4.966991241098306e-05	0.019476216052011577	0.9804741140355779	84.38438438438439
4.962163571563295e-05	0.01937902909958908	0.9805713492646958	84.48448448448448
4.957364702354496e-05	0.01928232708348975	0.9806680992694872	84.58458458458459
4.9525944480669846e-05	0.019186107587411096	0.9807643664681087	84.68468468468468
4.9478526254486246e-05	0.01909036820730627	0.9808601532664397	84.78478478478479
4.9431390534085785e-05	0.018995106551332075	0.9809554620581343	84.88488488488488
4.9384535345884485e-05	0.018900320233898996	0.9810502952307556	84.98498498498499
4.9337958022909456e-05	0.01880600685863995	0.9811446551833376	85.08508508508508
4.929165659030446e-05	0.018712164062677374	0.9812385442807329	85.18518518518519
4.924562919045762e-05	0.01861878949817991	0.9813319648726301	85.28528528528528
4.919987398085877e-05	0.018525880829041396	0.9814249192969783	85.38538538538539
4.9154389134020434e-05	0.018433435730825235	0.9815174098800412	85.4854854854855
4.910917283740236e-05	0.01834145189070909	0.981609438936454	85.58558558558559
4.906422329333955e-05	0.018249927007429917	0.9817010087692772	85.6856856856857
4.9019538718973896e-05	0.018158858791229568	0.9817921216700519	85.78578578578579
4.897511734618932e-05	0.018068244963800568	0.9818827799188538	85.8858858858859
4.8930957421550495e-05	0.017978083258232504	0.9819729857843464	85.98598598598599
4.888705720624504e-05	0.017888371418958614	0.9820627415238357	86.0860860860861
4.884341497602935e-05	0.017799107201702944	0.9821520493833216	86.18618618618619
4.880002902117791e-05	0.017710288373427734	0.9822409115975516	86.2862862862863
4.8756897646436164e-05	0.017621912712281383	0.9823293303900726	86.38638638638639
4.871401917097693e-05	0.017533978007546608	0.982417307973283	86.4864864864865
4.867139192836039e-05	0.017446482059589208	0.9825048465484829	86.58658658658659
4.862901426649755e-05	0.017359422679807012	0.982591948305927	86.6866866866867
4.858688454761735e-05	0.01727279769057943	0.9826786154248734	86.78678678678679
4.8545001148237196e-05	0.017186604925217196	0.9827648500736351	86.8868868868869
4.8503362459137174e-05	0.017100842227912718	0.9828506544096286	86.98698698698699
4.846196688533766e-05	0.017015507453690595	0.9829360305794246	87.0870870870871
4.842081284608059e-05	0.01693059846835877	0.9830209807187956	87.18718718718719
4.8379898774814236e-05	0.01684611314845984	0.9831055069527659	87.2872872872873
4.83392231191815e-05	0.016762049381222992	0.9831896113956583	87.38738738738739
4.82987843410118e-05	0.016678405064516108	0.9832732961511433	87.4874874874875
4.825858091631646e-05	0.016595178106798482	0.9833565633122857	87.58758758758759
4.8218611335287655e-05	0.01651236642707374	0.9834394149615915	87.6876876876877
4.8178874102300935e-05	0.016429967954843333	0.9835218531710549	87.78778778778779
4.813936773592123e-05	0.01634798063006023	0.9836038800022043	87.8878878878879
4.810009076891245e-05	0.016266402403083243	0.9836854975061483	87.98798798798799
4.8061041748250615e-05	0.016185231234631482	0.9837667077236207	88.0880880880881
4.802221923514052e-05	0.016104465095739467	0.9838475126850259	88.18818818818819
4.7983621805035946e-05	0.0160241019677124	0.9839279144104831	88.2882882882883
4.7945248047663446e-05	0.015944139842082036	0.9840079149098708	88.38838838838839
4.7907096567049605e-05	0.01586457672056278	0.9840875161828707	88.4884884884885
4.786916598155194e-05	0.015785410615008336	0.9841667202190106	88.58858858858859
4.783145492389326e-05	0.01570663954736856	0.984245528997708	88.6886886886887
4.779396204119961e-05	0.01562826154964696	0.9843239444883124	88.78878878878879
4.775668573503891e-05	0.015550274651711417	0.984401968662554	88.8888888888889
4.771962423146389e-05	0.015472676884522652	0.9844796034912464	88.988988988989
4.7682776140873103e-05	0.01539546630624614	0.9845568509176135	89.0890890890891
4.764614008892964e-05	0.015318640984965862	0.9846337128749457	89.1891891891892
4.760971471180595e-05	0.01524219899841881	0.9847101912868699	89.2892892892893
4.757349865612575e-05	0.015166138433949315	0.9847862880673951	89.3893893893894
4.7537490578907876e-05	0.015090457388463546	0.9848620051209581	89.4894894894895
4.750168914751241e-05	0.0150151539683845	0.9849373443424685	89.5895895895896
4.746609303958872e-05	0.01494022628960714	0.9850123076173538	89.6896896896897
4.7430700943025714e-05	0.014865672477454057	0.9850868968216034	89.7897897897898
4.739551155590412e-05	0.014791490666631263	0.9851611138218134	89.8898898898899
4.736052358645091e-05	0.014717679001184493	0.9852349604752296	89.98998998999
4.732573575299576e-05	0.014644235634455667	0.9853084386297919	90.0900900900901
4.7291146783929614e-05	0.014571158729039843	0.9853815501241767	90.1901901901902
4.725675541766539e-05	0.014498446456742337	0.9854542967878406	90.2902902902903
4.722256040260071e-05	0.014426096998536322	0.9855266804410616	90.3903903903904
4.7188560497082743e-05	0.014354108544520617	0.9855987028949829	90.4904904904905
4.715475446937519e-05	0.014282479293877933	0.9856703659516532	90.5905905905906
4.7121141097627246e-05	0.014211207454833312	0.9857416714040695	90.6906906906907
4.708771916984479e-05	0.014140291244613044	0.9858126210362177	90.7907907907908
4.7054487483863545e-05	0.014069728889403747	0.985883216623113	90.8908908908909
4.7021444847324425e-05	0.013999518624311943	0.9859534599308413	90.990990990991
4.698859007765091e-05	0.0139296586933238	0.9860233527165991	91.0910910910911
4.695592200202853e-05	0.013860147349265356	0.9860928967287331	91.1911911911912
4.692343945738646e-05	0.013790982853762913	0.9861620937067802	91.2912912912913
4.6891141290381164e-05	0.013722163477203926	0.9862309453815062	91.3913913913914
4.685902635738217e-05	0.013653687498698051	0.9862994534749451	91.4914914914915
4.682709352445995e-05	0.01358555320603868	0.9863676197004374	91.5915915915916
4.6795341667375803e-05	0.013517758895664651	0.9864354457626685	91.6916916916917
4.676376967157394e-05	0.01345030287262244	0.9865029333577066	91.7917917917918
4.6732376432175564e-05	0.013383183450528528	0.9865700841730398	91.8918918918919
4.670116085397516e-05	0.013316398951532233	0.9866368998876143	91.991991991992
4.6670121851438694e-05	0.01324994770627875	0.9867033821718704	92.0920920920921
4.663925834870412e-05	0.013183828053872639	0.9867695326877792	92.1921921921922
4.66085692795838e-05	0.013118038341841496	0.9868353530888795	92.2922922922923
4.657805358756911e-05	0.013052576926100125	0.9869008450203128	92.3923923923924
4.654771022583709e-05	0.012987442170914855	0.9869660101188599	92.4924924924925
4.651753815725928e-05	0.012922632448868356	0.987030850012975	92.5925925925926
4.6487536347830566e-05	0.012858146140342698	0.98709536632331	92.6926926926927
4.645770353277898e-05	0.012793981616358623	0.9871595606801091	92.7927927927928
4.642803854886575e-05	0.01273013726287081	0.9872234346985809	92.8928928928929
4.639854035533272e-05	0.012666611482266516	0.9872869899773786	92.992992992993
4.636920791894282e-05	0.012603402684913223	0.9873502281071683	93.0930930930931
4.634004021393688e-05	0.012540509289120675	0.9874131506706659	93.1931931931932
4.631103622199175e-05	0.012477929721103065	0.9874757592426755	93.2932932932933
4.6282194932179666e-05	0.012415662414941612	0.9875380553901267	93.3933933933934
4.6253515340928926e-05	0.01235370581254728	0.9876000406721123	93.4934934934935
4.622499645198587e-05	0.01229205836362391	0.9876617166399246	93.5935935935936
4.619663727637809e-05	0.01223071852563145	0.9877230848370927	93.6936936936937
4.6168436832378994e-05	0.012169684763749633	0.9877841467994185	93.7937937937938
4.61403941454736e-05	0.012108955550841766	0.9878449040550132	93.8938938938939
4.611250824832564e-05	0.012048529367418914	0.9879053581243332	93.993993993994
4.6084778180745965e-05	0.01198840470160424	0.9879655105202155	94.0940940940941
4.605720298966218e-05	0.011928580049097732	0.9880253627479131	94.1941941941942
4.602978172908964e-05	0.011869053913141076	0.9880849163051303	94.2942942942943
4.6002513460103677e-05	0.011809824804482914	0.9881441726820575	94.3943943943944
4.597539725081313e-05	0.011750891241344256	0.9882031333614054	94.4944944944945
4.594843217633516e-05	0.011692251749384288	0.9882617998184399	94.5945945945946
4.5921617318771354e-05	0.011633904861666306	0.9883201735210154	94.6946946946947
4.589495176718512e-05	0.011575849118624068	0.9883782559296093	94.7947947947948
4.5868434617580323e-05	0.011518083068028269	0.9884360484973547	94.8948948948949
4.58420649728813e-05	0.011460605264953419	0.9884935526700742	94.994994994995
4.581584194291405e-05	0.011403414271744863	0.9885507698863127	95.0950950950951
4.578976464438879e-05	0.0113465086579862	0.9886077015773699	95.1951951951952
4.576383220088378e-05	0.011289887000466837	0.9886643491673328	95.2952952952953
4.5738043742830384e-05	0.011233547883149939	0.9887207140731077	95.3953953953954
4.571239840749949e-05	0.011177489897140524	0.9887767977044525	95.4954954954955
4.568689533898919e-05	0.01112171164065396	0.9888326014640075	95.5955955955956
4.566153368821369e-05	0.011066211718984585	0.9888881267473277	95.6956956956957
4.5636312612893594e-05	0.011010988744474743	0.9889433749429128	95.7957957957958
4.561123127754744e-05	0.010956041336483946	0.988998347432239	95.8958958958959
4.558628885348447e-05	0.010901368121358446	0.9890530455897886	95.995995995996
4.556148451879876e-05	0.010846967732400932	0.9891074707830808	96.0960960960961
4.5536817458364616e-05	0.010792838809840643	0.9891616243727015	96.1961961961962
4.551228686383321e-05	0.010738980000803599	0.989215507712333	96.2962962962963
4.548789193363057e-05	0.010685389959283247	0.9892691221487836	96.3963963963964
4.5463631872956805e-05	0.010632067346111246	0.9893224690220163	96.4964964964965
4.543950586671911e-05	0.010579010826324868	0.9893755496678088	96.5965965965966
4.541551296309505e-05	0.010526219057937538	0.9894283654290998	96.6966966966967
4.539165233762683e-05	0.010473690717314769	0.9894809176303481	96.7967967967968
4.536792319725613e-05	0.01042142448991424	0.9895332075868889	96.8968968968969
4.534432475438272e-05	0.010369419067762065	0.989585236607484	96.996996996997
4.532085622683343e-05	0.01031767314942154	0.989637005994352	97.0970970970971
4.529751683783191e-05	0.010266185439962223	0.9896885170432004	97.1971971971972
4.527430581596921e-05	0.010214954650929118	0.9897397710432554	97.2972972972973
4.525122239517519e-05	0.010163979500312212	0.989790769277293	97.3973973973974
4.52282658146907e-05	0.010113258712516102	0.9898415130216697	97.4974974974975
4.520543531904063e-05	0.010062791018329973	0.9898920035463514	97.5975975975976
4.518273015800771e-05	0.010012575154897684	0.9899422421149447	97.6976976976977
4.516014958660718e-05	0.009962609865688185	0.9899922299847256	97.7977977977978
4.513769286506224e-05	0.00991289390046604	0.9900419684066694	97.8978978978979
4.511535925878033e-05	0.009863426015262303	0.9900914586254793	97.997997997998
4.509314803833018e-05	0.009814204972345492	0.9901407018796166	98.0980980980981
4.507105847941976e-05	0.009765229540192892	0.9901896994013281	98.1981981981982
4.504908986287495e-05	0.009716498493461992	0.9902384524166755	98.2982982982983
4.502724147461907e-05	0.00966801061296223	0.9902869621455636	98.3983983983984
4.5005512605653224e-05	0.00961976468562687	0.9903352298017679	98.4984984984985
4.498390255203745e-05	0.009571759504485206	0.9903832565929632	98.5985985985986
4.496241061487265e-05	0.009523993868634874	0.9904310437207506	98.6986986986987
4.4941036100283436e-05	0.009476466583214504	0.9904785923806856	98.7987987987988
4.4919778319401626e-05	0.009429176459376482	0.9905259037623045	98.8988988988989
4.4898636588350714e-05	0.009382122314260052	0.990572979049152	98.998998998999
4.487761022823105e-05	0.009335302970964516	0.9906198194188077	99.0990990990991
4.485669856510586e-05	0.009288717258522783	0.9906664260429126	99.1991991991992
4.483590092998812e-05	0.009242364011875025	0.9907128000871954	99.2992992992993
4.481521665882817e-05	0.009196242071842657	0.9907589427114989	99.3993993993994
4.47946450925022e-05	0.009150350285102454	0.9908048550698054	99.4994994994995
4.4774185576801513e-05	0.009104687504160972	0.9908505383102626	99.5995995995996
4.475383746242263e-05	0.009059252587329106	0.9908959935752089	99.6996996996997
4.473360010495818e-05	0.009014044398696967	0.9909412220011985	99.7997997997998
4.471347286488861e-05	0.008969061808108877	0.9909862247190266	99.8998998998999
4.469345510757476e-05	0.0089243036911387	0.9910310028537541	100.0
