0.9	0.1	0.0	0.0
0.895461761508818	0.10201060921980314	0.0025276292713787823	0.1001001001001001
0.8908563751316815	0.10403784986388963	0.005105775004428806	0.2002002002002002
0.8861844031609203	0.10608074748414227	0.007734849354937387	0.3003003003003003
0.8814464816007253	0.10813828203172808	0.010415236367546613	0.4004004004004004
0.8766433136279643	0.11020940309426827	0.013147283277767425	0.5005005005005005
0.871775659954836	0.11229301777593302	0.015931322269231087	0.6006006006006006
0.8668443812710173	0.11438797122488814	0.018767647504094674	0.7007007007007008
0.8618503986391113	0.11649307240381013	0.021656528957078685	0.8008008008008008
0.8567947130709269	0.11860708110360783	0.024598205825465323	0.9009009009009009
0.8516783931406078	0.12072872114427735	0.027592885715115013	1.001001001001001
0.8465025975601059	0.12285666222803554	0.03064074021185869	1.1011011011011012
0.8412685488882278	0.12498954177785676	0.033741909333915666	1.2012012012012012
0.8359775379574498	0.12712596120538194	0.03689650083716838	1.3013013013013013
0.8306309329925964	0.12926448084916106	0.04010458615824266	1.4014014014014016
0.8252301725470045	0.13140362910139256	0.043366198351603075	1.5015015015015016
0.8197767677883837	0.13354189646403836	0.046681335747578094	1.6016016016016017
0.8142722952178534	0.13567774911693753	0.05004995566520924	1.7017017017017018
0.8087184027446743	0.13780961801517536	0.053471979240150465	1.8018018018018018
0.8031168005495204	0.13993591272246206	0.05694728672801771	1.9019019019019021
0.7974692628470318	0.14205501887704353	0.06047571827592483	2.002002002002002
0.7917776281202047	0.14416529817659202	0.06405707370320347	2.1021021021021022
0.7860437913713669	0.14626509646123229	0.06769111216740095	2.2022022022022023
0.7802697026752413	0.14835274667505696	0.07137755064970187	2.3023023023023024
0.7744573663806666	0.15042657136056853	0.07511606225876502	2.4024024024024024
0.7686088374483367	0.15248488255069997	0.0789062800009635	2.5025025025025025
0.7627262187862687	0.15452598561261693	0.08274779560111452	2.6026026026026026
0.756811658574702	0.1565481847889598	0.08664015663633837	2.702702702702703
0.7508673447834365	0.1585497862761048	0.09058286894045885	2.802802802802803
0.744895502175897	0.16052910143427426	0.0945753963898289	2.902902902902903
0.7388983911244377	0.1624844492365715	0.0986171596389909	3.0030030030030033
0.7328783011871546	0.16441416080005503	0.10270753801279053	3.1031031031031033
0.7268375472911957	0.16631658290657628	0.10684586980222813	3.2032032032032034
0.7207784682942019	0.16819008063957086	0.11103145106622726	3.3033033033033035
0.7147034210149742	0.1700330413042079	0.11526353768081796	3.4034034034034035
0.7086147759245284	0.17184387793233105	0.11954134614314063	3.5035035035035036
0.7025149149747741	0.17362103254020797	0.1238640524850179	3.6036036036036037
0.6964062261150178	0.17536297902499828	0.12823079485998395	3.7037037037037037
0.6902910990653702	0.17706822636277966	0.13264067457185022	3.8038038038038042
0.6841719227573918	0.178735322848809	0.13709275439379928	3.9039039039039043
0.6780510808051589	0.1803628590962873	0.14158606009855393	4.004004004004004
0.6719309466452712	0.18194946842578927	0.14611958492893962	4.104104104104104
0.6658138797028769	0.18349383056598376	0.15069228973113943	4.2042042042042045
0.6597022221056406	0.18499467712354764	0.15530310077081186	4.3043043043043046
0.6535982943507439	0.18645079340182344	0.15995091224743266	4.404404404404405
0.647504393494483	0.18786101559574528	0.16463459090977178	4.504504504504505
0.641422788207073	0.18922423642785466	0.16935297536507238	4.604604604604605
0.6353557139884848	0.19053941035070587	0.17410487566080932	4.704704704704705
0.6293053701855964	0.1918055541643641	0.17888907565003953	4.804804804804805
0.6232739213875511	0.19302174102849207	0.18370433758395682	4.904904904904905
0.6172634901806798	0.19418710876131323	0.18854940105800694	5.005005005005005
0.6112761527194142	0.1953008634823608	0.1934229837982251	5.105105105105105
0.6053139369971696	0.19636227902884998	0.1983237839739804	5.205205205205205
0.5993788273103409	0.19737068852514422	0.2032504841645149	5.305305305305305
0.5934727542052991	0.19832549515293219	0.2082017506417687	5.405405405405406
0.5875975915586121	0.19922617348674485	0.21317623495464302	5.505505505505506
0.5817551562015201	0.20007226770748632	0.2181725760909936	5.605605605605606
0.5759472145109474	0.20086338195595085	0.2231894035331018	5.705705705705706
0.5701754700537046	0.2015991925783842	0.22822533736791117	5.805805805805806
0.5644415627662193	0.20227944704334705	0.23327899019043374	5.9059059059059065
0.5587470700043519	0.20290396097834582	0.23834896901730238	6.0060060060060065
0.5530935139508475	0.2034726087122678	0.2434338773368848	6.106106106106107
0.5474823481601441	0.20398533549536807	0.2485323163444879	6.206206206206207
0.5419149588165038	0.20444215443122113	0.2536428867522752	6.306306306306307
0.5363926672386983	0.20484314244869367	0.25876419031260817	6.406406406406407
0.5309167367028168	0.20518843226929814	0.2638948310278852	6.506506506506507
0.5254883594855713	0.205478223011104	0.26903341750332477	6.606606606606607
0.5201086597008371	0.2057127759120153	0.27417856438714777	6.706706706706707
0.51477869718305	0.20589240948357948	0.2793288933333706	6.806806806806807
0.5094994725765497	0.2060174936750593	0.2844830337483911	6.906906906906907
0.5042719164365437	0.2060884575999614	0.2896396259634951	7.007007007007007
0.49909689288663167	0.2061057849146763	0.2947973221986922	7.107107107107107
0.4939752046588094	0.20607000855704485	0.2999547867841459	7.207207207207207
0.4889075957940425	0.2059817072405512	0.30511069696540644	7.307307307307307
0.483894743954887	0.20584150968668555	0.3102637463584276	7.407407407407407
0.47893726413740295	0.20565009036705098	0.3154126454955462	7.507507507507508
0.4740357144369422	0.20540816440424153	0.32055612115881643	7.6076076076076085
0.4691905964179468	0.2051164858045442	0.32569291777750914	7.7077077077077085
0.4644023510389735	0.20477584843373248	0.3308218005272942	7.807807807807809
0.4596713619289073	0.20438708246932002	0.3359415556017728	7.907907907907909
0.4549979610783096	0.20395105021451054	0.34105098870718	8.008008008008009
0.45038242797472766	0.20346864478863616	0.3461489272366363	8.108108108108109
0.4458249883619828	0.20294078898257692	0.3512342226554404	8.208208208208209
0.4413258170735323	0.20236843236970792	0.35630575055675995	8.308308308308309
0.4368850429382306	0.20175254853691055	0.36136240852485896	8.408408408408409
0.4325027477989844	0.2010941331888154	0.36640311901220035	8.508508508508509
0.42817896710890413	0.20039420201805566	0.3714268308730404	8.608608608608609
0.42391369237637233	0.19965378840708148	0.37643251921654636	8.70870870870871
0.4197068748817513	0.19887394219557974	0.3814191829226691	8.80880880880881
0.4155584253934055	0.1980557266188458	0.3863858479877489	8.90890890890891
0.4114682156992715	0.1972002160761937	0.3913315682245349	9.00900900900901
0.4074360806866816	0.19630849440315895	0.3962554249101596	9.10910910910911
0.40346182078925186	0.19538165495683857	0.4011565242539097	9.20920920920921
0.39954520282772166	0.19442079628013423	0.40603400089214425	9.30930930930931
0.3956859617833016	0.19342702033298578	0.41088701788371274	9.40940940940941
0.39188380248071175	0.1924014314536809	0.4157147660656074	9.50950950950951
0.3881384009028432	0.19134513755808324	0.4205164615390737	9.60960960960961
0.38444940631408203	0.19025924406907208	0.42529134961684606	9.70970970970971
0.38081644280259974	0.18914485306941495	0.4300387041279855	9.80980980980981
0.3772391108606675	0.18800306186006213	0.4347578272792705	9.90990990990991
0.3737169874507537	0.18683496650728793	0.43944804604195853	10.01001001001001
0.3702496286322478	0.18564165667010643	0.4441087146976459	10.11011011011011
0.36683657165200567	0.18442421225354327	0.4487392160944512	10.21021021021021
0.36347733608594995	0.18318370329335532	0.4533389606206949	10.31031031031031
0.360171424097226	0.18192119111962252	0.4579073847831517	10.41041041041041
0.3569183205665972	0.18063772978708842	0.4624439496463146	10.51051051051051
0.3537174976312038	0.17933435830130562	0.46694814406749074	10.61061061061061
0.35056841490185675	0.17801210186754227	0.4714194832306012	10.710710710710712
0.34747052040955007	0.1766719714611513	0.47585750812929883	10.810810810810812
0.3444232486532955	0.17531496843916738	0.48026178290753735	10.910910910910912
0.34142602559712903	0.17394207703926332	0.4846318973636079	11.011011011011012
0.3384782694349397	0.17255426425553427	0.48896746630952626	11.111111111111112
0.3355793914136997	0.17115247960782992	0.49326812897847055	11.211211211211213
0.33272879410784045	0.16973765867344728	0.49753354721871246	11.311311311311313
0.32992587358713243	0.16831072072485362	0.5017634056880141	11.411411411411413
0.3271700225691398	0.16687256487696425	0.5059574125538961	11.511511511511513
0.32446063032291583	0.1654240711523784	0.5101152985247059	11.611611611611613
0.32179708238866955	0.16396610161203048	0.5142368159993003	11.711711711711713
0.3191787595821566	0.16249950245662834	0.5183217379612154	11.811811811811813
0.3166050420453097	0.16102509927922926	0.5223698586754614	11.911911911911913
0.31407530984783905	0.15954369699891133	0.5263809931532499	12.012012012012013
0.3115889430356926	0.15805608051488973	0.530354976449418	12.112112112112113
0.30914531932485795	0.1565630181686168	0.5342916625065255	12.212212212212213
0.30674381768694986	0.15506525797187745	0.538190924341173	12.312312312312313
0.3043838190191763	0.15356352742267657	0.5420526535581474	12.412412412412413
0.3020647060685578	0.15205853424276017	0.5458767596886823	12.512512512512513
0.2997858638473627	0.15055096647364433	0.5496631696789933	12.612612612612613
0.29754667978900295	0.14904149240725667	0.5534118278037408	12.712712712712714
0.2953465442207994	0.14753076112160976	0.5571226946575911	12.812812812812814
0.2931848505706166	0.14601940284227746	0.5607957465871063	12.912912912912914
0.29106099546932723	0.1445080293461504	0.5644309751845227	13.013013013013014
0.28897437915258545	0.14299723400987766	0.5680283868375374	13.113113113113114
0.2869244091577715	0.14148758703561856	0.5715880038066105	13.213213213213214
0.2849104969642055	0.1399796409565904	0.5751098620792046	13.313313313313314
0.282932058321984	0.1384739307459169	0.5785940109320996	13.413413413413414
0.28098851398102526	0.1369709733262739	0.5820405126927014	13.513513513513514
0.27907928996683684	0.13547126773691975	0.5854494422962438	13.613613613613614
0.27720381928889953	0.13397529329738472	0.5888208874137163	13.713713713713714
0.27536154046814393	0.13248351217872967	0.5921549473531269	13.813813813813814
0.2735518977917166	0.1309963695619903	0.5954517326462936	13.913913913913914
0.2717743416676938	0.12951429364514486	0.5987113646871618	14.014014014014014
0.2700283287836803	0.12803769589715425	0.6019339753191659	14.114114114114114
0.2683133227965184	0.12656697045905593	0.6051197067444262	14.214214214214214
0.2666287937735898	0.12510249549180627	0.6082687107346044	14.314314314314315
0.2649742183239829	0.12364463342140773	0.6113811482546099	14.414414414414415
0.2633490797318292	0.12219373116326826	0.6144571891049031	14.514514514514515
0.26175286804471	0.12075012040892492	0.6174970115463656	14.614614614614615
0.26018508058205486	0.11931411729879543	0.6205008021191503	14.714714714714715
0.2586452214274182	0.1178860235313277	0.6234687550412547	14.814814814814815
0.2571328015047679	0.11646612662400194	0.6264010718712306	14.914914914914915
0.25564733863697303	0.11505470018540705	0.6292979611776205	15.015015015015017
0.25418835758990704	0.11365200421465618	0.6321596381954374	15.115115115115117
0.25275539052452967	0.11225828493804799	0.634986324537423	15.215215215215217
0.2513479764446815	0.11087377575325583	0.6377782478020633	15.315315315315317
0.2499656612492203	0.10949869749242858	0.6405356412583517	15.415415415415417
0.2486079977518921	0.10813325871203902	0.6432587435360695	15.515515515515517
0.24727454570546156	0.1067776559675186	0.6459477983270203	15.615615615615617
0.2459648722014603	0.10543207365421894	0.6486030541443213	15.715715715715717
0.2446785510012627	0.10409668504627546	0.6512247639524624	15.815815815815817
0.24341516259940124	0.10277165249893329	0.653813184901666	15.915915915915917
0.2421742942090792	0.10145712772941648	0.6563685780615048	16.016016016016017
0.24095553967680894	0.1001532521685149	0.6588912081546767	16.116116116116117
0.23975849943949057	0.098860157258622	0.661381343301888	16.216216216216218
0.23858278136916639	0.09757796380310323	0.6638392548277309	16.316316316316318
0.23742799976430243	0.09630678326992487	0.6662652169657732	16.416416416416418
0.2362937751949056	0.09504671818245032	0.6686595066226446	16.516516516516518
0.2351797346406388	0.09379786219134274	0.671022403168019	16.616616616616618
0.2340855113979486	0.09256030038248358	0.6733541882195684	16.716716716716718
0.23301074498444674	0.09133410958021237	0.6756551454353413	16.816816816816818
0.23195508158197847	0.09011935820599185	0.6779255602120302	16.916916916916918
0.23091817365639924	0.0889161067990578	0.6801657195445434	17.017017017017018
0.22989967951380236	0.08772440858178938	0.6823759119044087	17.117117117117118
0.22889926344801342	0.08654430953778618	0.6845564270142008	17.217217217217218
0.2279165956438717	0.08537584868144886	0.6867075556746799	17.31731731731732
0.22695135207613493	0.0842190583242054	0.6888295895996601	17.41741741741742
0.22600321468978374	0.08307396414057408	0.6909228211696427	17.51751751751752
0.2250718714174115	0.08194058534005368	0.6929875432425353	17.61761761761762
0.22415701554965456	0.08081893527819355	0.6950240491721523	17.71771771771772
0.22325834589588234	0.07970902151705833	0.6970326325870598	17.81781781781782
0.2223755666922552	0.07861084605330695	0.6990135872544383	17.91791791791792
0.22150838750490226	0.07752440554326344	0.7009672069518348	18.01801801801802
0.2206565232436059	0.07644969147543447	0.7028937852809601	18.11811811811812
0.2198196943056435	0.0753866902821454	0.7047936154122116	18.21821821821822
0.21899762603621867	0.07433538373508171	0.7066669902287	18.31831831831832
0.21819004880091122	0.0732957490757383	0.7085142021233509	18.41841841841842
0.21739669791099142	0.07226775920250302	0.710335542886506	18.51851851851852
0.21661731353228703	0.07125138285898926	0.7121313036087242	18.61861861861862
0.2158516406325515	0.070246584814388	0.713901774553061	18.71871871871872
0.21509942911895097	0.06925332602534888	0.7156472448557006	18.81881881881882
0.21436043344463895	0.06827156382927713	0.7173680027260844	18.91891891891892
0.2136344125926007	0.06730125210621098	0.7190643353011889	19.01901901901902
0.21292113002120458	0.06634234143803171	0.7207365285407642	19.11911911911912
0.21222035358041202	0.06539477926438671	0.7223848671552018	19.21921921921922
0.21153185543659614	0.0644585100367165	0.7240096345266879	19.31931931931932
0.21085541213717707	0.0635334754209938	0.7256111124418296	19.41941941941942
0.21019080438397644	0.0626196143828941	0.7271895812331299	19.51951951951952
0.20953781694728774	0.06171686332202535	0.7287453197306875	19.61961961961962
0.20889623862317983	0.06082515621761648	0.7302786051592042	19.71971971971972
0.20826586215708145	0.05994442475598268	0.7317897130869363	19.81981981981982
0.2076464841688945	0.059074598454315654	0.7332789173767903	19.91991991991992
0.20703790520174198	0.05821560492668477	0.7347464898715738	20.02002002002002
0.20643992955170937	0.05736736988287738	0.7361927005654137	20.12012012012012
0.2058523651255742	0.05652981715517672	0.7376178177192495	20.22022022022022
0.20527502342897608	0.055702868875481565	0.7390221076955428	20.32032032032032
0.20470771949517375	0.05488644557594053	0.7404058349288862	20.42042042042042
0.20415027181430698	0.05408046628468758	0.7417692619010059	20.52052052052052
0.20360250226316304	0.053284848616678454	0.743112649120159	20.62062062062062
0.20306423603544793	0.05249950885962831	0.7444362551049242	20.72072072072072
0.20253530160630764	0.05172436211577062	0.7457403362779221	20.82082082082082
0.20201553098459366	0.050959322955563505	0.7470251460598433	20.92092092092092
0.2015047592070715	0.0502043047015742	0.7482909360913548	21.02102102102102
0.2010028243420173	0.049459219623126896	0.7495379560348563	21.12112112112112
0.20050956749586088	0.04872397913062625	0.7507664533735133	21.22122122122122
0.2000248327536091	0.04799849384492016	0.7519766734014712	21.32132132132132
0.19954846712012392	0.04728267366239397	0.7531688592174826	21.421421421421424
0.1990803204622557	0.046576427815796406	0.7543432517219483	21.521521521521525
0.19862024545183135	0.045879664930796676	0.7555000896173724	21.621621621621625
0.19816809754430403	0.045192293288311175	0.7566396091673852	21.721721721721725
0.19772373499817228	0.044514221323422275	0.7577620436784058	21.821821821821825
0.19728701865895298	0.04384535669408294	0.7588676246469644	21.921921921921925
0.19685781197023705	0.04318560671071079	0.7599565813190525	22.022022022022025
0.19643598093003997	0.04253487842623967	0.7610291406437207	22.122122122122125
0.19602139404135646	0.041893078681767504	0.7620855272768765	22.222222222222225
0.19561392226368826	0.041260114148648934	0.7631259635876633	22.322322322322325
0.19521343896554522	0.040635891367032516	0.7641506696674226	22.422422422422425
0.19481981987791946	0.040020316780842655	0.7651598633412383	22.522522522522525
0.1944329430483266	0.0394132972021502	0.7661537597495236	22.622622622622625
0.19405268879628468	0.03881473977677061	0.7671325714269451	22.722722722722725
0.19367893967030336	0.03822455137436041	0.7680965089553367	22.822822822822825
0.1933115804048926	0.03764263899093394	0.7690457806041738	22.922922922922925
0.19295049787888907	0.037068909780753605	0.7699805923403578	23.023023023023026
0.19259558107475594	0.03650327108466036	0.7709011478405841	23.123123123123126
0.19224672103885498	0.035945630455551394	0.771807648505594	23.223223223223226
0.1919038108426915	0.03539589568100506	0.7727002934763039	23.323323323323326
0.19156674554273273	0.034853974824639505	0.7735792796326282	23.423423423423426
0.1912354220805072	0.03431977681081115	0.7744448011086821	23.523523523523526
0.19090973931363364	0.03379321083692117	0.7752970498494457	23.623623623623626
0.19058959798935027	0.033274186309085026	0.7761362157015652	23.723723723723726
0.19027490068866	0.03276261304814165	0.7769624862631989	23.823823823823826
0.18996555179200283	0.03225840130782873	0.7777760469001689	23.923923923923926
0.18966145744583124	0.03176146179073308	0.7785770807634361	24.024024024024026
0.18936252553008814	0.03127170566201604	0.7793657688078963	24.124124124124126
0.18906866562658775	0.030789044560913872	0.7801422898124988	24.224224224224226
0.18877978897075579	0.03031339069944446	0.7809068203298002	24.324324324324326
0.1884958083350669	0.029844657311678395	0.7816595343532552	24.424424424424426
0.18821663814136755	0.029382757938597168	0.7824006039200357	24.524524524524526
0.1879421943920155	0.02892760663894701	0.7831301989690379	24.624624624624627
0.18767239462807597	0.028479118064543837	0.7838484873073807	24.724724724724727
0.18740715790100793	0.02803720746918662	0.7845556346298059	24.824824824824827
0.18714640474514982	0.027601790715871898	0.7852518045389787	24.924924924924927
0.18689005715100512	0.027172784282309355	0.785937158566686	25.025025025025027
0.18663803853932714	0.02675010526473858	0.7866118561959348	25.125125125125127
0.18639027369536215	0.02633367154230442	0.7872760547623338	25.225225225225227
0.18614668868265147	0.02592340202453288	0.787929909292816	25.325325325325327
0.18590721099211538	0.02551921596096375	0.7885735730469212	25.425425425425427
0.18567176942340288	0.02512103332117607	0.7892071972554214	25.525525525525527
0.185440294069217	0.02472877476518874	0.7898309311655947	25.625625625625627
0.18521271629177688	0.02434236164674693	0.7904449220614765	25.725725725725727
0.18498896870003248	0.023961716015097303	0.7910493152848705	25.825825825825827
0.18476898512761952	0.023586760615301454	0.7916442542570794	25.925925925925927
0.18455270061114123	0.023217418888455944	0.7922298805004032	26.026026026026027
0.18434005129180359	0.02285361522499337	0.7928063334832034	26.126126126126128
0.18413097444710966	0.022495274791216727	0.7933737507616739	26.226226226226228
0.1839254085233596	0.022142323354191223	0.7939322681224495	26.326326326326328
0.18372329307290075	0.021794687420930423	0.7944820195061691	26.426426426426428
0.18352456873350842	0.02145229424003942	0.7950231370264526	26.526526526526528
0.18332917720819167	0.02111507180299286	0.7955557509888158	26.626626626626628
0.18313706124540388	0.02078294884512492	0.7960799899094716	26.726726726726728
0.18294816461963687	0.02045585484640832	0.7965959805339552	26.826826826826828
0.18276243211237786	0.020133720032099442	0.797103847855523	26.926926926926928
0.18257980948949498	0.019816475379142037	0.7976037151313633	27.027027027027028
0.18240024345862	0.019504052652790302	0.7980957038885901	27.127127127127128
0.1822236816878783	0.019196384352620922	0.7985799339595011	27.227227227227228
0.18205007277858368	0.018893403727538605	0.7990565234938781	27.32732732732733
0.1818793662429434	0.018595044783972562	0.7995255889730845	27.42742742742743
0.18171151248596493	0.018301242288513018	0.7999872452255224	27.52752752752753
0.1815464627875152	0.01801193177104928	0.8004416054414359	27.62762762762763
0.1813841692845099	0.01772704952848983	0.8008887811870007	27.72772772772773
0.18122458495320912	0.0174465326291451	0.8013288824176461	27.82782782782783
0.18106766359159682	0.017170318917853467	0.8017620174905501	27.92792792792793
0.18091335984776954	0.016898346816078946	0.8021882933361519	28.02802802802803
0.18076162921971842	0.016630555251238507	0.8026078155290435	28.12812812812813
0.18061242793652535	0.01636688411834154	0.8030206879451335	28.22822822822823
0.18046571299508643	0.016107274045892385	0.8034270129590215	28.32832832832833
0.180321442145929	0.015851666390855692	0.8038268914632157	28.42842842842843
0.18017957387831038	0.01560000323781734	0.8042204228838726	28.52852852852853
0.1800400674054552	0.015352227398482488	0.8046077051960627	28.62862862862863
0.17990288264991472	0.015108282411556529	0.8049888349385291	28.72872872872873
0.17976798022903423	0.014868112543054758	0.8053639072279114	28.82882882882883
0.1796353214439101	0.01463166277538449	0.8057330157807058	28.92892892892893
0.17950486833896298	0.014398878554053533	0.8060962531069837	29.02902902902903
0.17937658360600878	0.014169706070610516	0.806453710323381	29.12912912912913
0.17925043056561377	0.013944092280234913	0.8068054771541516	29.22922922922923
0.1791263731774699	0.01372198482016155	0.8071516420023689	29.32932932932933
0.17900437602845923	0.01350333200568646	0.8074922919658546	29.42942942942943
0.17888440432090474	0.013288082826277709	0.8078275128528178	29.52952952952953
0.1787664238609999	0.013076186941813327	0.8081573891971872	29.62962962962963
0.1786504010474076	0.01286759467896853	0.8084820042736242	29.72972972972973
0.17853630286002078	0.012662257027774416	0.8088014401122051	29.82982982982983
0.17842409685572347	0.01246012560558604	0.8091157775386909	29.929929929929934
0.1783137511739046	0.012261152575266662	0.8094250962508291	30.030030030030034
0.17820523449183934	0.01206529080426558	0.8097294747038954	30.130130130130134
0.1780985160274015	0.011872493797970464	0.8100289901746284	30.230230230230234
0.17799356553074797	0.011682715686706311	0.810323718782546	30.330330330330334
0.1778903532745853	0.0114959112203544	0.8106137355050607	30.430430430430434
0.17778885004459577	0.011312035763020376	0.8108991141923843	30.530530530530534
0.17768902713001689	0.011131045287763675	0.8111799275822198	30.630630630630634
0.1775908563143675	0.010952896371400378	0.8114562473142325	30.730730730730734
0.1774943098663279	0.010777546189312573	0.81172814394436	30.830830830830834
0.17739936053735886	0.010604952472150852	0.8119956869904907	30.930930930930934
0.1773059815491458	0.010435073522238814	0.8122589449286158	31.031031031031034
0.17721414657940546	0.010267868240273295	0.8125179851803217	31.131131131131134
0.17712382975744184	0.010103296096426255	0.8127728741461323	31.231231231231234
0.1770350056558642	0.009941317124422337	0.8130236772197139	31.331331331331334
0.17694764928242682	0.00978189191565697	0.8132704588019166	31.431431431431434
0.17686173607198574	0.009624981613362777	0.8135132823146519	31.531531531531535
0.17677724187856605	0.00947054790683212	0.8137522102146022	31.631631631631635
0.17669414296753472	0.00931855302570352	0.8139873040067622	31.731731731731735
0.17661241601035013	0.009168959732163627	0.8142186242574867	31.831831831831835
0.17653203809500717	0.009021731299651342	0.8144462306053419	31.931931931931935
0.17645298669222692	0.008876831530239998	0.8146701817775336	32.032032032032035
0.17637523965395646	0.008734224744068078	0.8148905356019759	32.132132132132135
0.17629877520979922	0.008593875770740387	0.8151073490194609	32.232232232232235
0.17622357196027605	0.008455749943660077	0.8153206780960643	32.332332332332335
0.17614960887019887	0.008319813094438237	0.8155305780353633	32.432432432432435
0.1760768652621528	0.008186031547387257	0.8157371031904604	32.532532532532535
0.176005320810083	0.008054372114104334	0.8159403070758131	32.632632632632635
0.175934955532982	0.007924802088151384	0.8161402423788671	32.732732732732735
0.17586574978852867	0.007797289229135248	0.8163369609823365	32.832832832832835
0.1757976842810888	0.00767180173573231	0.8165305139831793	32.932932932932935
0.17573074002706765	0.0075483082992177505	0.8167209516737151	33.033033033033036
0.17566489837013602	0.007426778061509524	0.8169083235683549	33.133133133133136
0.1756001409698324	0.007307180615470424	0.8170926784146976	33.233233233233236
0.17553644979600608	0.007189485999353117	0.8172740642046412	33.333333333333336
0.1754738071233261	0.0070736646913377695	0.8174525281853365	33.433433433433436
0.1754121955258566	0.006959687604162258	0.8176281168699816	33.533533533533536
0.17535159787169827	0.006847526079844974	0.8178008760484572	33.633633633633636
0.17529199731816206	0.006737151883551939	0.8179708507982864	33.733733733733736
0.17523337731884264	0.006628537173484273	0.8181380855076734	33.833833833833836
0.1751757216034048	0.00652165452650143	0.8183026238700941	33.933933933933936
0.17511901417131276	0.006416476935608186	0.8184645088930794	34.034034034034036
0.17506323929143705	0.006312977795712694	0.8186237829128507	34.134134134134136
0.17500838149719153	0.006211130898703998	0.8187804876041048	34.234234234234236
0.17495442558174046	0.006110910428614839	0.8189346639896451	34.334334334334336
0.1749013565932752	0.006012290956869728	0.8190863524498554	34.434434434434436
0.1748491598303605	0.005915247437618303	0.8192355927320215	34.53453453453454
0.17479782083735104	0.00581975520315396	0.8193824239594953	34.63463463463464
0.1747473253998771	0.005725789959417766	0.8195268846407054	34.73473473473474
0.17469765954040054	0.005633327781587646	0.8196690126780122	34.83483483483484
0.17464880951384015	0.005542345109752853	0.8198088453764073	34.93493493493494
0.17460076182213738	0.0054528187016920525	0.819946419476171	35.03503503503504
0.17455350321330335	0.005364725621242353	0.8200817711654547	35.13513513513514
0.1745070206337209	0.005278043333386564	0.8202149360328929	35.23523523523524
0.17446130124811046	0.0051927496454631985	0.8203459491064267	35.33533533533534
0.17441633243617372	0.005108822701742614	0.820474844862084	35.43543543543544
0.1743721017889124	0.005026240978987618	0.8206016572321003	35.53553553553554
0.1743285971050265	0.004944983282077087	0.8207264196128967	35.63563563563564
0.17428580638739208	0.0048650287396926105	0.8208491648729156	35.73573573573574
0.17424371783961864	0.0047863568000681336	0.8209699253603135	35.83583583583584
0.17420231986268594	0.004708947226802632	0.8210887329105118	35.93593593593594
0.17416160105166045	0.004632780094735801	0.8212056188536041	36.03603603603604
0.1741215501924913	0.0045578357858867494	0.8213206140216223	36.13613613613614
0.17408215625800194	0.004484094977325383	0.8214337487646729	36.23623623623624
0.17404340840037946	0.004411538596149847	0.8215450530034709	36.33633633633634
0.17400529595633552	0.004340147890379641	0.8216545561532851	36.43643643643644
0.1739678084417982	0.004269904402862637	0.8217622871553394	36.53653653653654
0.17393093554827452	0.004200789959879642	0.8218682744918461	36.63663663663664
0.17389466714008364	0.004132786667095693	0.8219725461928209	36.73673673673674
0.17385899325166848	0.00406587690556121	0.8220751298427705	36.83683683683684
0.17382390408498538	0.004000043327762965	0.8221760525872519	36.93693693693694
0.17378939000697186	0.003935268853724911	0.8222753411393035	37.03703703703704
0.17375544154709247	0.003871536667158823	0.822373021785749	37.13713713713714
0.1737220493949627	0.0038088302116647994	0.8224691203933727	37.23723723723724
0.17368920439805113	0.003747133186981584	0.8225636624149676	37.33733733733734
0.17365689755888533	0.003686429545260923	0.822656672895854	37.43743743743744
0.17362511998924532	0.0036267034854551806	0.8227481765252997	37.53753753753754
0.17359386295138762	0.0035679394516626105	0.82283819759695	37.63763763763764
0.1735631178747417	0.003510122130416647	0.8229267599948419	37.73773773773774
0.17353287633185738	0.0034532364461901666	0.8230138872219527	37.83783783783784
0.1735031300362013	0.003397267557928015	0.8230996024058709	37.93793793793794
0.17347387084001775	0.0033422008556287623	0.8231839283043537	38.03803803803804
0.1734450907322542	0.0032880219569756818	0.8232668873107704	38.13813813813814
0.17341678183655082	0.003234716704016943	0.8233485014594324	38.23823823823824
0.17338893640929479	0.0031822711598950395	0.8234287924308104	38.33833833833834
0.17336154683773883	0.0031306716056254255	0.823507781556636	38.43843843843844
0.17333460563818437	0.003079904536924388	0.8235854898248914	38.53853853853854
0.1733081054542289	0.0030299566610861306	0.8236619378846851	38.63863863863864
0.17328203903417946	0.00298081489029525	0.8237371460755255	38.73873873873874
0.1732563992102006	0.0029324663352772473	0.8238111344545224	38.83883883883884
0.1732311789691006	0.002884898314833482	0.8238839227160661	38.93893893893894
0.1732063714159802	0.0028380983468876877	0.8239555302371323	39.03903903903904
0.17318196977069092	0.0027920541452440433	0.8240259760840652	39.13913913913914
0.17315796736607791	0.002746753616691977	0.8240952790172302	39.23923923923924
0.17313435764627352	0.0027021848581577712	0.8241634574955689	39.33933933933934
0.1731111341650411	0.002658336153902979	0.8242305296810561	39.43943943943944
0.17308829058416944	0.0026151959727696485	0.8242965134430611	39.53953953953954
0.1730658206719177	0.0025727529654723494	0.8243614263626101	39.63963963963964
0.17304371830151052	0.0025309959619370147	0.8244252857365526	39.73973973973974
0.17302197744968406	0.0024899139686865813	0.8244881085816296	39.83983983983984
0.17300059219126834	0.002449496165014998	0.8245499116437168	39.93993993993994
0.17297955666304687	0.0024097318895593203	0.824610711447394	40.04004004004004
0.17295886511723338	0.002370610655001344	0.8246705242277654	40.14014014014014
0.17293851190919546	0.002332122142184065	0.8247293659486207	40.24024024024024
0.17291849148791336	0.0022942561951166075	0.8247872523169703	40.34034034034034
0.172898798394545	0.0022570028185518636	0.8248441987869033	40.44044044044044
0.1728794272610315	0.0022203521756077186	0.824900220563361	40.54054054054054
0.1728603728087426	0.002184294585431872	0.8249553326058257	40.64064064064064
0.17284162984716267	0.002148820520910249	0.8250095496319273	40.74074074074074
0.17282319327261642	0.002113920606419003	0.8250628861209648	40.84084084084084
0.1728050580670353	0.0020795856156201127	0.8251153563173448	40.94094094094094
0.17278721929676397	0.002045806469300568	0.8251669742339357	41.04104104104104
0.1727696721113854	0.0020125742332436692	0.8252177536553711	41.14114114114114
0.1727524117202229	0.0019798801040509825	0.8252677081757263	41.24124124124124
0.17273543340653583	0.0019477154153687368	0.8253168511780956	41.34134134134134
0.1727187325469762	0.0019160716469805977	0.8253651958060434	41.44144144144144
0.17270230459467376	0.0018849404142551103	0.8254127549910713	41.54154154154154
0.17268614507806487	0.001854313466128063	0.8254595414558072	41.64164164164164
0.1726702495997533	0.0018241826831240982	0.8255055677171228	41.74174174174174
0.17265461383540345	0.0017945400754175761	0.8255508460891792	41.84184184184184
0.1726392335326655	0.001765377780932689	0.825595388686402	41.94194194194194
0.1726241045101329	0.0017366880634828244	0.8256392074263844	42.04204204204204
0.17260922265633216	0.0017084633109491793	0.8256823140327189	42.14214214214214
0.17259458392874438	0.001680696033498626	0.8257247200377572	42.24224224224224
0.17258018435285952	0.001653378861840826	0.8257664367852998	42.34234234234234
0.1725660200112859	0.0016265045376247787	0.8258074754510895	42.44244244244244
0.17255208702465755	0.0016000658973539057	0.8258478470779886	42.54254254254254
0.17253838160137464	0.0015740559108206062	0.8258875624878049	42.64264264264264
0.17252490001485854	0.0015484676621569007	0.8259266323229847	42.74274274274275
0.1725116386003698	0.0015232943463898004	0.8259650670532406	42.84284284284285
0.17249859375412352	0.0014985292678297213	0.8260028769780469	42.94294294294295
0.1724857619324332	0.0014741658384950687	0.8260400722290718	43.04304304304305
0.17247313965088268	0.0014501975765729702	0.8260766627725444	43.14314314314315
0.17246072348352653	0.001426618104916162	0.8261126584115575	43.24324324324325
0.17244851006211853	0.0014034211495760312	0.8261480687883056	43.34334334334335
0.17243649607536848	0.0013806005383718107	0.8261829033862598	43.44344344344345
0.17242467826822744	0.0013581501994959302	0.8262171715322768	43.54354354354355
0.17241305344120084	0.0013360641601555196	0.8262508823986437	43.64364364364365
0.17240161844969043	0.0013143365452500686	0.8262840450050596	43.74374374374375
0.17239037020336392	0.0012929615760852388	0.8263166682205509	43.84384384384385
0.1723793056581348	0.0012719335625723763	0.826348760779293	43.94394394394395
0.17236842176133177	0.001251246854106402	0.826380331384562	44.04404404404405
0.1723577155449296	0.0012308959211913284	0.8264113885338793	44.14414414414415
0.17234718410206856	0.0012108753340220673	0.8264419405639095	44.24424424424425
0.17233682457387905	0.0011911797501769558	0.8264719956759442	44.34434434434435
0.17232663414877597	0.0011718039133319755	0.8265015619378923	44.44444444444445
0.17231661006177387	0.0011527426520046452	0.8265306472862217	44.54454454454455
0.17230674959382317	0.0011339908783275859	0.8265592595278494	44.64464464464465
0.17229705007116727	0.001115543586851761	0.8265874063419811	44.74474474474475
0.1722875088647205	0.0010973958533793896	0.8266150952819002	44.84484484484485
0.17227812338946716	0.0010795428338265317	0.8266423337767065	44.94494494494495
0.17226889110388127	0.0010619797631153493	0.8266691291330035	45.04504504504505
0.17225980950936762	0.0010447019540960395	0.8266954885365365	45.14514514514515
0.17225087614972315	0.0010277047964984414	0.8267214190537786	45.24524524524525
0.17224208861062	0.0010109837559133163	0.8267469276334669	45.34534534534535
0.17223344451827508	0.0009945343718982765	0.8267720211098268	45.44544544544545
0.17222494150462622	0.0009783522197317983	0.8267967062756422	45.54554554554555
0.17221657724780265	0.0009624329539091806	0.8268209897982883	45.64564564564565
0.17220834947930505	0.0009467723155074735	0.8268448782051876	45.74574574574575
0.1722002559680517	0.0009313661144444898	0.826868377917504	45.84584584584585
0.17219229451983414	0.0009162102284727512	0.8268914952516933	45.94594594594595
0.1721844629767897	0.0009013006021981217	0.8269142364210124	46.04604604604605
0.17217675921688982	0.0008866332461231277	0.8269366075369872	46.14614614614615
0.17216918115344515	0.0008722042357149661	0.8269586146108401	46.24624624624625
0.1721617267346266	0.0008580097104982001	0.8269802635548754	46.34634634634635
0.17215439394300308	0.0008440458731721409	0.827001560183825	46.44644644644645
0.1721471807950954	0.000830308988752919	0.8270225102161519	46.54654654654655
0.17214008534094632	0.0008167953837402407	0.8270431192753136	46.64664664664665
0.17213310566370751	0.0008035014453088332	0.8270633928909839	46.74674674674675
0.1721262398792421	0.000790423620524577	0.8270833365002335	46.84684684684685
0.17211948613574415	0.000777558415585325	0.8271029554486707	46.94694694694695
0.17211284259335163	0.0007649023705233719	0.8271222550361252	47.04704704704705
0.17210630743067895	0.0007524520669364842	0.8271412405023848	47.14714714714715
0.17209987887691466	0.0007402041670862572	0.8271599169559993	47.24724724724725
0.1720935551904881	0.0007281553874535567	0.8271782894220585	47.34734734734735
0.17208733465856665	0.0007163024978528618	0.8271963628435807	47.44744744744745
0.17208121559664202	0.0007046423206604381	0.8272141420826977	47.54754754754755
0.17207519634812884	0.0006931717300624574	0.8272316319218089	47.64764764764765
0.17206927528397592	0.0006818876513230687	0.8272488370647012	47.74774774774775
0.17206345080228977	0.0006707870600724138	0.827265762137638	47.84784784784785
0.17205772132797092	0.0006598669816145946	0.8272824116904147	47.94794794794795
0.17205208531236227	0.0006491244902555863	0.8272987901973824	48.04804804804805
0.17204654123291027	0.0006385567086510998	0.8273149020584388	48.14814814814815
0.17204108759283857	0.0006281608071743929	0.8273307515999873	48.24824824824825
0.17203572292083372	0.0006179340033040282	0.8273463430758625	48.34834834834835
0.17203044577074394	0.0006078735610315813	0.8273616806682247	48.44844844844845
0.1720252547130034	0.0005979767786951317	0.8273767685083018	48.54854854854855
0.17202014832207557	0.0005882409712450856	0.8273916107066797	48.64864864864865
0.1720151252138864	0.0005786635224561516	0.8274062112636578	48.74874874874875
0.17201018402851112	0.000569241860542963	0.8274205741109462	48.84884884884885
0.1720053234284029	0.0005599734555239245	0.8274347031160735	48.94894894894895
0.17200054209806637	0.0005508558186086435	0.8274486020833253	49.04904904904905
0.1719958387437401	0.0005418865016011547	0.827462274754659	49.14914914914915
0.17199121209308915	0.0005330630963189377	0.8274757248105922	49.24924924924925
0.17198666089490666	0.0005243832340277269	0.8274889558710659	49.34934934934935
0.1719821839188253	0.0005158445848921146	0.8275019714962829	49.44944944944945
0.17197777995503793	0.0005074448574419466	0.8275147751875204	49.54954954954955
0.17197344781402807	0.0004991817980545108	0.8275273703879177	49.64964964964965
0.1719691863263095	0.0004910531904525184	0.8275397604832383	49.74974974974975
0.17196499434217571	0.00048305685521787806	0.8275519488026067	49.84984984984985
0.17196087073145863	0.0004751906493212623	0.8275639386192204	49.94994994994995
0.17195681438090124	0.00046745246216832166	0.8275757331569308	50.050050050050054
0.17195282417905025	0.00045984019342088943	0.8275873356275292	50.150150150150154
0.1719488990429027	0.0004523517918025393	0.8275987491652951	50.250250250250254
0.17194503791035234	0.0004449852439558318	0.8276099768456922	50.350350350350354
0.1719412397367668	0.0004377385693345344	0.827621021693899	50.450450450450454
0.17193750349473427	0.00043060981972703786	0.827631886685539	50.550550550550554
0.17193382817381775	0.00042359707879254736	0.82764257474739	50.650650650650654
0.1719302127803166	0.000416698461610049	0.8276530887580738	50.750750750750754
0.17192665633703552	0.00040991211424005135	0.8276634315487248	50.850850850850854
0.17192315788306128	0.0004032362132991021	0.8276736059036399	50.950950950950954
0.17191971647354634	0.00039666896554707993	0.8276836145609069	51.051051051051054
0.17191633117950042	0.0003902086074872618	0.8276934602130126	51.151151151151154
0.17191300108758917	0.0003838534049791646	0.827703145507432	51.251251251251254
0.17190972529994047	0.0003776016528641627	0.8277126730471956	51.351351351351354
0.1719065029339581	0.0003714516746038807	0.8277220453914383	51.451451451451454
0.17190333312171635	0.0003654018212558885	0.8277312650570281	51.551551551551555
0.17190021499660768	0.00035945045025824934	0.8277403345531344	51.651651651651655
0.1718971477097702	0.00035359595138819094	0.827749256338842	51.751751751751755
0.17189413043158858	0.00034783674907715997	0.8277580328193346	51.851851851851855
0.17189116234607704	0.0003421712934516631	0.8277666663604717	51.951951951951955
0.17188824265068015	0.00033659805995715265	0.8277751592893631	52.052052052052055
0.17188537055607914	0.0003311155489919426	0.8277835138949293	52.152152152152155
0.1718825452860041	0.00032572228555115257	0.8277917324284451	52.252252252252255
0.171879766077052	0.0003204168188806818	0.8277998171040677	52.352352352352355
0.17187703217850991	0.0003151977221412123	0.8278077700993492	52.452452452452455
0.1718743428521846	0.0003100635920822404	0.8278155935557335	52.552552552552555
0.17187169737223726	0.0003050130487261383	0.827823289579037	52.652652652652655
0.1718690950250243	0.00030004473506224443	0.8278308602399138	52.752752752752755
0.1718665351089436	0.00029515731675098324	0.8278383075743058	52.852852852852855
0.1718640169342868	0.00029034948183801347	0.8278456335838755	52.952952952952955
0.1718615398230968	0.0002856199404784066	0.8278528402364251	53.053053053053056
0.17185910310189234	0.0002809674129248753	0.8278599294851832	53.153153153153156
0.1718567061050304	0.0002763906350193439	0.8278669032599506	53.253253253253256
0.1718543481843751	0.000271888374061716	0.8278737634415635	53.353353353353356
0.17185202870243163	0.000267459417473694	0.827880511880095	53.453453453453456
0.17184974703218334	0.00026310257249197936	0.827887150395325	53.553553553553556
0.17184750255693973	0.0002588166658804931	0.8278936807771801	53.653653653653656
0.17184529467018916	0.00025460054365050255	0.8279001047861607	53.753753753753756
0.1718431227754557	0.0002504530707886519	0.827906424153756	53.853853853853856
0.17184098628616057	0.00024637313099289766	0.8279126405828469	53.953953953953956
0.17183888462548805	0.00024235962641634947	0.8279187557480959	54.054054054054056
0.17183681722625552	0.00023841147741901486	0.8279247712963258	54.154154154154156
0.17183478353078824	0.00023452762232744945	0.8279306888468847	54.254254254254256
0.1718327829907982	0.0002307070172023116	0.8279365099919999	54.354354354354356
0.17183081506726783	0.00022694863561382192	0.8279422362971187	54.454454454454456
0.17182887923033763	0.00022325146842512767	0.8279478693012375	54.55455455455456
0.17182697495625718	0.00021961451859459452	0.8279534105251485	54.65465465465466
0.171825101723828	0.00021603679511684922	0.8279588614810554	54.75475475475476
0.17182325902629045	0.0002125173331593467	0.8279642236405504	54.85485485485486
0.17182144636557448	0.00020905518428627608	0.8279694984501396	54.95495495495496
0.17181966325179615	0.00020564941558012163	0.827974687332624	55.05505505505506
0.17181790920313936	0.0002022991094171313	0.8279797916874437	55.15515515515516
0.17181618374574098	0.00019900336324904906	0.8279848128910102	55.25525525525526
0.17181448641357946	0.00019576128939111087	0.8279897522970296	55.35535535535536
0.17181281674836688	0.00019257201481630442	0.8279946112368171	55.45545545545546
0.1718111742994444	0.0001894346809558922	0.8279993910196	55.55555555555556
0.17180955862368136	0.0001863484435061987	0.8280040929328127	55.65565565565566
0.17180796928537748	0.00018331247224166093	0.8280087182423811	55.75575575575576
0.1718064058561688	0.00018032595083414276	0.8280132681929974	55.85585585585586
0.1718048679149369	0.00017738807667851283	0.8280177440083849	55.95595595595596
0.17180335504772168	0.00017449806072448627	0.8280221468915541	56.05605605605606
0.17180186680856321	0.0001716550555773994	0.8280264781358596	56.15615615615616
0.1718004028790331	0.00016885844922137475	0.8280307386717458	56.25625625625626
0.17179896280731707	0.00016610738448731945	0.8280349298081958	56.35635635635636
0.1717975462052756	0.00016340112155651136	0.8280390526731681	56.45645645645646
0.17179615269094023	0.00016073893234399116	0.828043108376716	56.55655655655656
0.1717947818884528	0.00015812010038100511	0.8280470980111664	56.65665665665666
0.17179343342800482	0.0001555439206974475	0.8280510226512979	56.75675675675676
0.1717921069457766	0.00015300969970430322	0.8280548833545194	56.85685685685686
0.17179080208387643	0.0001505167550760904	0.8280586811610477	56.95695695695696
0.17178951849027993	0.0001480644156333029	0.828062417094087	57.05705705705706
0.17178825581876916	0.00014565202122485284	0.8280660921600063	57.15715715715716
0.17178701372887195	0.00014327892261051332	0.8280697073485177	57.25725725725726
0.17178579188580106	0.0001409444813433608	0.8280732636328558	57.35735735735736
0.1717845899603934	0.00013864806965221778	0.8280767619699546	57.45745745745746
0.17178340762904928	0.0001363890703240953	0.8280802033006268	57.55755755755756
0.17178224457339547	0.00013416687609629028	0.8280835885505085	57.65765765765766
0.1717811004737752	0.00013198087808920196	0.8280869186481358	57.75775775775776
0.17177997501831682	0.00012983048189670106	0.8280901944997867	57.85785785785786
0.17177886790284588	0.00012771510742056068	0.8280934169897338	57.95795795795796
0.17177777882825948	0.00012563418419914239	0.8280965869875416	58.05805805805806
0.17177670750045895	0.00012358715127841306	0.8280997053482628	58.15815815815816
0.17177565363028277	0.0001215734570829614	0.8281027729126345	58.25825825825826
0.17177461693343932	0.00011959255928701483	0.8281057905072738	58.35835835835836
0.1717735971304396	0.00011764392468545598	0.8281087589448751	58.45845845845846
0.17177259394653013	0.00011572702906483955	0.8281116790244053	58.55855855855856
0.17177160711162562	0.00011384135707440892	0.8281145515313002	58.65865865865866
0.17177063636024187	0.00011198640209711287	0.8281173772376612	58.75875875875876
0.1717696814314285	0.00011016166612062223	0.8281201569024511	58.85885885885886
0.1717687420687018	0.00010836665960834665	0.82812289127169	58.95895895895896
0.17176781801997743	0.00010660090137045121	0.8281255810786523	59.05905905905906
0.17176690903750327	0.0001048639184348732	0.8281282270440621	59.15915915915916
0.17176601487779225	0.00010315524591833876	0.8281308298762896	59.25925925925926
0.17176513530155502	0.00010147442689737956	0.8281333902715479	59.35935935935936
0.17176427007323947	9.982101159609204e-05	0.8281359089151646	59.45945945945946
0.17176341895293007	9.819454330329123e-05	0.8281383865037669	59.55955955955956
0.17176258170795275	9.659457851778961e-05	0.8281408237135297	59.65965965965966
0.17176175811237646	9.502068607000977e-05	0.8281432212015538	59.75975975975976
0.17176094794389823	9.347244169955569e-05	0.8281455796144024	59.85985985985987
0.1717601509837682	9.19494279123512e-05	0.8281478995883197	59.95995995995997
0.17175936701671415	9.045123383777741e-05	0.8281501817494483	60.06006006006007
0.1717585958308665	8.897745508581113e-05	0.8281524267140479	60.16016016016017
0.17175783721768306	8.752769360416288e-05	0.828154635088713	60.26026026026027
0.17175709097187383	8.610155753541491e-05	0.828156807470591	60.36036036036037
0.1717563568913257	8.469866107415926e-05	0.8281589444476004	60.46046046046047
0.1717556347770275	8.331862432413577e-05	0.8281610465986486	60.56056056056057
0.17175492443299442	8.196107315537021e-05	0.8281631144938504	60.66066066066067
0.17175422566619328	8.062563906131226e-05	0.8281651486947457	60.76076076076077
0.17175353828646692	7.931195901597358e-05	0.8281671497545173	60.86086086086087
0.1717528621064592	7.801967533106592e-05	0.8281691182182099	60.96096096096097
0.17175219694153984	7.674843551313904e-05	0.8281710546229473	61.06106106106107
0.171751542609729	7.54978921207189e-05	0.8281729594981505	61.16116116116117
0.17175089893228718	7.426770389281862e-05	0.8281748333638201	61.26126126126127
0.1717502657455984	7.305755847509819e-05	0.8281766766959267	61.36136136136137
0.17174964288327466	7.186713819808916e-05	0.8281784899785274	61.46146146146147
0.17174903017729537	7.069612225702831e-05	0.8281802737004478	61.56156156156157
0.17174842746226177	6.95441948490189e-05	0.8281820283428893	61.66166166166167
0.17174783457533377	6.841104505287684e-05	0.8281837543796136	61.76176176176177
0.17174725135616647	6.729636670897687e-05	0.8281854522771247	61.86186186186187
0.17174667764684695	6.619985829909862e-05	0.8281871224948542	61.96196196196197
0.1717461132918309	6.512122282627288e-05	0.828188765485343	62.06206206206207
0.17174555813787928	6.40601676946277e-05	0.8281903816944263	62.16216216216217
0.17174501203399506	6.301640458923442e-05	0.8281919715614159	62.26226226226227
0.17174447483135977	6.198964935595405e-05	0.8281935355192844	62.36236236236237
0.17174394638327034	6.097962188128319e-05	0.8281950739948486	62.46246246246247
0.17174342654507563	5.9986045972200335e-05	0.8281965874089524	62.56256256256257
0.17174291517411316	5.900864923601193e-05	0.828198076176651	62.66266266266267
0.17174241212964586	5.8047162960198567e-05	0.8281995407073941	62.76276276276277
0.1717419172727986	5.71013219922611e-05	0.8282009814052094	62.86286286286287
0.17174143046649498	5.617086461956683e-05	0.8282023986688857	62.96296296296297
0.1717409515764301	5.5255534405508844e-05	0.8282037928891646	63.06306306306307
0.17174048048752108	5.435511124894161e-05	0.8282051644012302	63.16316316316317
0.1717400170786196	5.346936363854503e-05	0.828206513557742	63.26326326326327
0.1717395612248927	5.25980531476666e-05	0.8282078407219599	63.36336336336337
0.17173911280346946	5.174094509485745e-05	0.8282091462514358	63.46346346346347
0.17173867169339396	5.089780845467911e-05	0.8282104304981516	63.56356356356357
0.17173823777557848	5.006841576851019e-05	0.8282116938086532	63.66366366366367
0.17173781093275642	4.9252543055353136e-05	0.8282129365241884	63.76376376376377
0.17173739104943544	4.844996972264093e-05	0.828214158980842	63.86386386386387
0.1717369780118506	4.7660478477043835e-05	0.8282153615096726	63.96396396396397
0.17173657170791734	4.688385523527611e-05	0.8282165444368476	64.06406406406407
0.1717361720271846	4.6119889034902774e-05	0.8282177080837807	64.16416416416416
0.1717357788607879	4.5368371945146086e-05	0.8282188527672671	64.26426426426427
0.1717353921014023	4.462909897769283e-05	0.8282199787996202	64.36436436436436
0.17173501164319568	4.390186799750029e-05	0.828221086488807	64.46446446446447
0.17173463738178166	4.318647963360374e-05	0.828222176138585	64.56456456456456
0.1717342692141727	4.2482737189922405e-05	0.8282232480486376	64.66466466466467
0.17173390703873317	4.179044655606698e-05	0.8282243025147109	64.76476476476476
0.1717335507559069	4.110941758216358e-05	0.828225339826511	64.86486486486487
0.1717332002791616	4.043948476991963e-05	0.8282263602360687	64.96496496496496
0.17173285551774062	3.978047466286274e-05	0.8282273640075967	65.06506506506507
0.17173251637874043	3.9132209773532974e-05	0.8282283514114862	65.16516516516516
0.1717321827706949	3.8494515359458316e-05	0.8282293227139458	65.26526526526527
0.1717318546035394	3.786721935463126e-05	0.8282302781771061	65.36536536536536
0.17173153178857467	3.725015230098399e-05	0.8282312180591245	65.46546546546547
0.171731214238431	3.664314727986492e-05	0.8282321426142892	65.56556556556556
0.17173090186703208	3.604603984351389e-05	0.8282330520931245	65.66566566566567
0.1717305945895591	3.545866794653873e-05	0.8282339467424945	65.76576576576576
0.17173029232241474	3.48808718773904e-05	0.828234826805708	65.86586586586587
0.17172999498318714	3.43124941898396e-05	0.8282356925226232	65.96596596596596
0.1717297024906139	3.3753379634451933e-05	0.8282365441297518	66.06606606606607
0.17172941476454615	3.3203375090064417e-05	0.8282373818603639	66.16616616616616
0.17172913172591256	3.266232949526077e-05	0.8282382059445923	66.26626626626627
0.17172885329668322	3.213009377984782e-05	0.828239016609537	66.36636636636636
0.17172857939983383	3.1606520796330854e-05	0.82823981407937	66.46646646646647
0.1717283099593095	3.1091465251390024e-05	0.8282405985754393	66.56656656656656
0.17172804490075563	3.058478509290096e-05	0.8282413703141516	66.66666666666667
0.17172778416121626	3.0086359921184168e-05	0.8282421294788627	66.76676676676676
0.17172752767349453	2.959606129886822e-05	0.8282428762652068	66.86686686686687
0.17172727536842958	2.911375707278815e-05	0.8282436108744977	66.96696696696696
0.17172702717793473	2.8639317141724196e-05	0.8282443335049237	67.06706706706707
0.17172678303497121	2.8172613406321302e-05	0.8282450443516226	67.16716716716716
0.17172654287352193	2.7713519719007627e-05	0.8282457436067592	67.26726726726727
0.1717263066285651	2.7261911833914068e-05	0.8282464314596011	67.36736736736736
0.17172607423604808	2.681766735679273e-05	0.8282471080965953	67.46746746746747
0.17172584563286103	2.638066569493647e-05	0.8282477737014442	67.56756756756756
0.17172562075681055	2.5950788007097373e-05	0.8282484284551824	67.66766766766767
0.17172539954659366	2.5527917153406276e-05	0.828249072536253	67.76776776776777
0.17172518194177117	2.511193764529127e-05	0.8282497061205837	67.86786786786787
0.1717249678827417	2.4702735595397184e-05	0.828250329381663	67.96796796796797
0.17172475731071524	2.4300198667504137e-05	0.8282509424906174	68.06806806806807
0.1717245501676869	2.3904216026446995e-05	0.8282515456162868	68.16816816816817
0.17172434639641065	2.3514678288033916e-05	0.8282521389253015	68.26826826826827
0.17172414594037308	2.313147746896576e-05	0.8282527225821581	68.36836836836838
0.17172394874450966	2.2754508348866426e-05	0.8282532967471417	68.46846846846847
0.17172375476351995	2.2383684280655778e-05	0.8282538615521996	68.56856856856858
0.17172356394777946	2.2018910403093172e-05	0.8282544171418176	68.66866866866867
0.17172337624588616	2.166008848248629e-05	0.8282549636656316	68.76876876876878
0.17172319160721494	2.130712176995258e-05	0.8282555012710153	68.86886886886887
0.17172300998189663	2.0959914961085572e-05	0.8282560301031424	68.96896896896898
0.17172283132079671	2.0618374155622078e-05	0.8282565503050479	69.06906906906907
0.17172265557549427	2.0282406817108544e-05	0.8282570620176888	69.16916916916918
0.17172248269826074	1.9951921732568193e-05	0.8282575653800068	69.26926926926927
0.17172231264203877	1.9626828972167425e-05	0.8282580605289892	69.36936936936938
0.17172214536042119	1.930703984888294e-05	0.82825854759973	69.46946946946947
0.17172198080762968	1.899246687816814e-05	0.8282590267254923	69.56956956956958
0.17172181893849378	1.868302373762025e-05	0.8282594980377688	69.66966966966967
0.17172165970842962	1.8378625226646744e-05	0.828259961666344	69.76976976976978
0.1717215030734188	1.8079187226132426e-05	0.8282604177393552	69.86986986986987
0.1717213489899873	1.7784626658105864e-05	0.8282608663833547	69.96996996996998
0.17172119741518427	1.7494861445406503e-05	0.8282613077233705	70.07007007007007
0.17172104830656082	1.7209810471351084e-05	0.828261741882968	70.17017017017018
0.17172090162214898	1.6929393539400727e-05	0.8282621689843118	70.27027027027027
0.1717207573204405	1.665353133282739e-05	0.8282625891482268	70.37037037037038
0.1717206153603657	1.638214537438094e-05	0.8282630024942601	70.47047047047047
0.17172047570128546	1.6115158010942534e-05	0.8282634091407037	70.57057057057058
0.1717203383123547	1.5852510234799063e-05	0.8282638091774106	70.67067067067067
0.1717202031638315	1.559414514217298e-05	0.8282642026910265	70.77077077077078
0.17172007021936916	1.533999326327869e-05	0.8282645897873677	70.87087087087087
0.1717199394431856	1.5089986207207665e-05	0.8282649705706073	70.97097097097098
0.1717198108000488	1.4844056634570169e-05	0.8282653451433167	71.07107107107107
0.17171968425526282	1.460213823013641e-05	0.8282657136065071	71.17117117117118
0.17171955977465314	1.436416567547827e-05	0.8282660760596715	71.27127127127127
0.17171943732455242	1.4130074621610457e-05	0.8282664326008261	71.37137137137138
0.17171931687178627	1.3899801661632232e-05	0.8282667833265522	71.47147147147147
0.17171919838365876	1.3673284303368573e-05	0.828267128332038	71.57157157157158
0.17171908182793824	1.345046094201188e-05	0.8282674677111199	71.67167167167167
0.17171896717284285	1.3231270832763154e-05	0.8282678015563245	71.77177177177178
0.1717188543870263	1.30156540634737e-05	0.8282681299589104	71.87187187187187
0.17171874343956348	1.280355152728631e-05	0.8282684530089094	71.97197197197198
0.17171863429993614	1.2594904895276955e-05	0.8282687707951687	72.07207207207207
0.1717185269380185	1.2389656589095977e-05	0.8282690834053925	72.17217217217218
0.1717184213240631	1.2187749753609776e-05	0.8282693909261835	72.27227227227228
0.17171831742868618	1.1989128229542009e-05	0.8282696934430844	72.37237237237238
0.17171821522285355	1.1793736526115263e-05	0.8282699910406205	72.47247247247248
0.17171811467786627	1.1601519793692271e-05	0.8282702838023402	72.57257257257258
0.17171801576534612	1.1412423796417578e-05	0.8282705718108576	72.67267267267268
0.17171791845991224	1.1226400013284634e-05	0.8282708551400747	72.77277277277278
0.17171782274152367	1.1043410103272816e-05	0.8282711338483733	72.87287287287288
0.17171772858479728	1.0863405545512329e-05	0.8282714080096574	72.97297297297298
0.17171763596442194	1.068633795847946e-05	0.8282716776976198	73.07307307307308
0.17171754485547208	1.0512159697612665e-05	0.8282719429848304	73.17317317317318
0.17171745523339735	1.0340823835448088e-05	0.8282722039427673	73.27327327327328
0.17171736707401206	1.017228414175471e-05	0.8282724606418463	73.37337337337338
0.17171728035348496	1.000649506366987e-05	0.8282727131514516	73.47347347347348
0.17171719504832872	9.843411705834406e-06	0.8282729615399657	73.57357357357358
0.17171711113538957	9.682989810528184e-06	0.8282732058748001	73.67367367367368
0.17171702859183685	9.525185737805234e-06	0.8282734462224255	73.77377377377378
0.1717169473951527	9.369956445629278e-06	0.8282736826484018	73.87387387387388
0.17171686752312157	9.217259470008876e-06	0.8282739152174086	73.97397397397398
0.17171678895381984	9.067052905132938e-06	0.8282741439932753	74.07407407407408
0.17171671166560543	8.919295383505884e-06	0.8282743690390112	74.17417417417418
0.1717166356371074	8.773946056083151e-06	0.8282745904168367	74.27427427427428
0.1717165608472155	8.630964572406352e-06	0.8282748081882123	74.37437437437438
0.17171648727506983	8.490311060738777e-06	0.8282750224138696	74.47447447447448
0.17171641490005043	8.351946108200566e-06	0.8282752331538416	74.57457457457458
0.17171634370176678	8.215830740904204e-06	0.8282754404674925	74.67467467467468
0.17171627366004755	8.081926404089689e-06	0.8282756444135485	74.77477477477478
0.17171620475562546	7.950196268733294e-06	0.828275845048106	74.87487487487488
0.17171613697468438	7.820613904941711e-06	0.8282760424114108	74.97497497497498
0.17171607030009622	7.693146566444225e-06	0.8282762365533375	75.07507507507508
0.17171600471389253	7.567759904949532e-06	0.8282764275262027	75.17517517517518
0.17171594019837438	7.444420087539757e-06	0.8282766153815382	75.27527527527528
0.17171587673610514	7.3230937824927275e-06	0.8282768001701125	75.37537537537538
0.17171581430990288	7.2037481451045e-06	0.8282769819419522	75.47547547547548
0.17171575290283303	7.0863508035116324e-06	0.8282771607463636	75.57557557557558
0.17171569249820098	6.97086984451372e-06	0.8282773366319547	75.67567567567568
0.17171563307954463	6.8572737993956625e-06	0.8282775096466561	75.77577577577578
0.17171557463062692	6.745531629750197e-06	0.8282776798377435	75.87587587587588
0.1717155171354285	6.635612713300172e-06	0.8282778472518584	75.97597597597598
0.17171546057814027	6.527486829721076e-06	0.8282780119350301	76.07607607607608
0.1717154049431559	6.421124146463312e-06	0.8282781739326978	76.17617617617618
0.1717153502150645	6.316495204574728e-06	0.8282783332897311	76.27627627627628
0.1717152963786431	6.21357090452289e-06	0.8282784900504525	76.37637637637638
0.17171524341884936	6.1123224920176096e-06	0.8282786442586588	76.47647647647648
0.17171519132081403	6.012721543833223e-06	0.8282787959576423	76.57657657657658
0.17171514006983354	5.914739953631113e-06	0.828278945190213	76.67667667667668
0.17171508965136267	5.818349917781995e-06	0.8282790919987197	76.77677677677679
0.17171504005100702	5.72352392118843e-06	0.828279236425072	76.87687687687688
0.17171499125456713	5.630234821414497e-06	0.8282793785106117	76.97697697697699
0.1717149432518389	5.538463104769263e-06	0.8282795182850565	77.07707707707708
0.17171489603205353	5.448188179937184e-06	0.8282796557797668	77.17717717717719
0.17171484958250416	5.359385755602102e-06	0.8282797910317404	77.27727727727728
0.17171480389068167	5.272031918616273e-06	0.8282799240773999	77.37737737737739
0.17171475894426985	5.186103124532347e-06	0.8282800549526058	77.47747747747748
0.17171471473114047	5.101576188135156e-06	0.8282801836926716	77.57757757757759
0.17171467123934817	5.018428273973702e-06	0.8282803103323781	77.67767767767768
0.17171462845712562	4.936636886892939e-06	0.8282804349059877	77.77777777777779
0.1717145863728786	4.856179862565758e-06	0.828280557447259	77.87787787787788
0.1717145449751809	4.777035358024778e-06	0.8282806779894613	77.97797797797799
0.17171450425276955	4.699181842194323e-06	0.8282807965653886	78.07807807807808
0.17171446419453962	4.622598086422217e-06	0.8282809132073742	78.17817817817819
0.17171442478953958	4.547263155011758e-06	0.8282810279473056	78.27827827827828
0.17171438602696604	4.473156395753517e-06	0.8282811408166384	78.37837837837839
0.171714347896159	4.4002574304573105e-06	0.8282812518464108	78.47847847847848
0.17171431038659682	4.328546145483997e-06	0.8282813610672579	78.57857857857859
0.17171427348789117	4.2580026822774515e-06	0.8282814685094267	78.67867867867868
0.17171423718978235	4.188607427896364e-06	0.82828157420279	78.77877877877879
0.17171420148213398	4.120341005546209e-06	0.8282816781768607	78.87887887887888
0.17171416635492834	4.053184265111049e-06	0.8282817804608068	78.97897897897899
0.17171413179826125	3.987118273685501e-06	0.8282818810834653	79.07907907907908
0.17171409769416643	3.9219175894973835e-06	0.8282819803882443	79.17917917917919
0.17171406427823155	3.858032412738274e-06	0.828282077689356	79.27927927927928
0.17171403140349986	3.7951819016918743e-06	0.8282821734145988	79.37937937937939
0.171713999061775	3.733350386679246e-06	0.8282822675878386	79.47947947947948
0.1717139672449276	3.672522326230291e-06	0.8282823602327465	79.57957957957959
0.17171393594489534	3.6126823070838266e-06	0.8282824513727979	79.67967967967968
0.17171390515368296	3.5538150441875137e-06	0.8282825410312731	79.77977977977979
0.17171387486336223	3.495905380697926e-06	0.8282826292312574	79.87987987987988
0.17171384506607193	3.4389382879804808e-06	0.8282827159956404	79.97997997997999
0.17171381575401795	3.3828988656095087e-06	0.8282828013471167	80.08008008008008
0.1717137869194732	3.3277723413681862e-06	0.8282828853081857	80.18018018018019
0.17171375855477758	3.273544071248599e-06	0.8282829679011514	80.28028028028028
0.17171373065233808	3.2201995394516814e-06	0.8282830491481228	80.38038038038039
0.17171370320462875	3.167724358387276e-06	0.8282831290710131	80.48048048048048
0.17171367620419065	3.116104268674074e-06	0.828283207691541	80.58058058058059
0.17171364964363187	3.065325139139675e-06	0.8282832850312293	80.68068068068068
0.17171362351562758	3.0153729668205275e-06	0.8282833611114059	80.78078078078079
0.17171359781291998	2.9662338769619886e-06	0.8282834359532033	80.88088088088088
0.17171357252831826	2.917894123018264e-06	0.828283509577559	80.98098098098099
0.17171354765469876	2.8703400866524667e-06	0.8282835820052149	81.08108108108108
0.17171352318500477	2.823558277736561e-06	0.8282836532567178	81.18118118118119
0.1717134991127673	2.7775363288816005e-06	0.828283723350904	81.28128128128128
0.17171347543405532	2.732266720979619e-06	0.828283792299224	81.38138138138139
0.1717134521428455	2.687737938244864e-06	0.8282838601192165	81.48148148148148
0.1717134292327854	2.6439378363436576e-06	0.8282839268293786	81.58158158158159
0.17171340669760443	2.600854427470864e-06	0.8282839924479684	81.68168168168168
0.17171338453111384	2.558475880349838e-06	0.8282840569930061	81.78178178178179
0.1717133627272068	2.5167905202324768e-06	0.8282841204822732	81.88188188188188
0.17171334127985835	2.47578682889917e-06	0.8282841829333131	81.98198198198199
0.17171332018312532	2.435453444658847e-06	0.8282842443634303	82.08208208208208
0.17171329943114647	2.3957791623489314e-06	0.8282843047896914	82.18218218218219
0.17171327901814246	2.3567529333353855e-06	0.8282843642289245	82.28228228228228
0.1717132589384157	2.318363865512666e-06	0.8282844226977191	82.38238238238239
0.17171323918635062	2.2806012233037686e-06	0.8282844802124263	82.48248248248248
0.1717132197564134	2.243454427660184e-06	0.8282845367891593	82.58258258258259
0.17171320064315213	2.20691305606194e-06	0.828284592443792	82.68268268268268
0.17171318184119674	2.170966842517562e-06	0.828284647191961	82.78278278278279
0.17171316334525913	2.1356056775641105e-06	0.8282847010490636	82.88288288288288
0.1717131451501329	2.1008196082671434e-06	0.8282847540302591	82.98298298298299
0.17171312725069365	2.066598838220756e-06	0.8282848061504684	83.08308308308308
0.17171310964189884	2.032933727547539e-06	0.8282848574243739	83.18318318318319
0.1717130923187877	1.9998147928986204e-06	0.8282849078664197	83.28328328328328
0.17171307527648141	1.9672327074536253e-06	0.8282849574908114	83.38338338338339
0.171713058510183	1.935178300920714e-06	0.8282850063115164	83.48348348348348
0.1717130420151774	1.9036425595365452e-06	0.8282850543422633	83.58358358358359
0.17171302578683134	1.8726166260663126e-06	0.8282851015965429	83.68368368368368
0.17171300982059345	1.8420917998037086e-06	0.828285148087607	83.78378378378379
0.17171299411199425	1.8120595365709599e-06	0.8282851938284694	83.88388388388388
0.17171297865665425	1.7825114642800257e-06	0.8282852388318817	83.98398398398399
0.17171296345082487	1.7534404136087922e-06	0.8282852831087617	84.08408408408408
0.17171294849069035	1.7248390876473178e-06	0.8282853266702223	84.18418418418419
0.17171293377220884	1.696699759327033e-06	0.828285369528032	84.28428428428428
0.17171291929142388	1.6690148646882398e-06	0.8282854116937116	84.38438438438439
0.17171290504446426	1.641777002880146e-06	0.8282854531785331	84.48448448448448
0.17171289102754422	1.6149789361608298e-06	0.8282854939935198	84.58458458458459
0.17171287723696319	1.5886135898972743e-06	0.8282855341494472	84.68468468468468
0.171712863669106	1.5626740525653345e-06	0.8282855736568416	84.78478478478479
0.1717128503204427	1.5371535757497693e-06	0.8282856125259818	84.88488488488488
0.1717128371875288	1.5120455741442108e-06	0.8282856507668973	84.98498498498499
0.17171282426700504	1.4873436255511932e-06	0.8282856883893697	85.08508508508508
0.1717128115555975	1.4630414708821254e-06	0.8282857254029318	85.18518518518519
0.1717127990501176	1.4391330141573178e-06	0.8282857618168684	85.28528528528528
0.17171278674746204	1.415612322505955e-06	0.8282857976402157	85.38538538538539
0.1717127746446129	1.3924736261661206e-06	0.8282858328817612	85.4854854854855
0.1717127627386375	1.3697113184847855e-06	0.8282858675500442	85.58558558558559
0.17171275102668856	1.3473199559177992e-06	0.8282859016533557	85.6856856856857
0.17171273950600408	1.3252942580299125e-06	0.8282859351997381	85.78578578578579
0.17171272817390737	1.3036291074947512e-06	0.8282859681969853	85.8858858858859
0.1717127170278071	1.2823195500948418e-06	0.828286000652643	85.98598598598599
0.17171270606519723	1.2613607947215865e-06	0.8282860325740082	86.0860860860861
0.17171269528365707	1.2407482133752882e-06	0.8282860639681298	86.18618618618619
0.17171268468085119	1.2204773411651255e-06	0.8282860948418078	86.2862862862863
0.17171267425452955	1.2005438763091769e-06	0.8282861252015944	86.38638638638639
0.1717126640025274	1.1809436801343977e-06	0.8282861550537927	86.4864864864865
0.17171265392276533	1.1616727770766426e-06	0.8282861844044578	86.58658658658659
0.1717126440132492	1.1427273546806429e-06	0.8282862132593963	86.6866866866867
0.171712634269862	1.1240995421547343e-06	0.828286241630596	86.78678678678679
0.17171262468493403	1.1057746772773116e-06	0.8282862695403889	86.8868868868869
0.17171261525561252	1.0877473060580525e-06	0.8282862969970816	86.98698698698699
0.17171260597933743	1.070012534280549e-06	0.8282863240081284	87.0870870870871
0.17171259685360357	1.0525655723230875e-06	0.8282863505808242	87.18718718718719
0.1717125878759603	1.0354017351586293e-06	0.8282863767223048	87.2872872872873
0.1717125790440118	1.01851644235483e-06	0.828286402439546	87.38738738738739
0.1717125703554169	1.0019052180740198e-06	0.8282864277393652	87.4874874874875
0.1717125618078892	9.855636910732235e-07	0.8282864526284198	87.58758758758759
0.171712553399197	9.694875947041405e-07	0.8282864771132085	87.6876876876877
0.17171254512716325	9.536727669131644e-07	0.82828650120007	87.78778778778779
0.17171253698966568	9.381151502413637e-07	0.8282865248951843	87.8878878878879
0.1717125289846367	9.22810791824501e-07	0.8282865482045716	87.98798798798799
0.17171252111006344	9.077558433930144e-07	0.8282865711340933	88.0880880880881
0.17171251336398774	8.92946561272035e-07	0.8282865936894511	88.18818818818819
0.17171250574450617	8.783793063813703e-07	0.8282866158761877	88.2882882882883
0.17171249824976995	8.640505442355202e-07	0.828286637699686	88.38838838838839
0.1717124908779851	8.499568449436616e-07	0.8282866591651701	88.4884884884885
0.1717124836274123	8.360948832096633e-07	0.8282866802777047	88.58858858858859
0.17171247649636692	8.224614383320713e-07	0.8282867010421949	88.6886886886887
0.1717124694832191	8.090533942041234e-07	0.8282867214633869	88.78878878878879
0.1717124625863937	7.958677393137347e-07	0.8282867415458671	88.8888888888889
0.17171245580437017	7.829015667435123e-07	0.8282867612940632	88.988988988989
0.17171244913568282	7.701520741707402e-07	0.8282867807122432	89.0890890890891
0.17171244257892057	7.576165638673944e-07	0.8282867998045157	89.1891891891892
0.17171243613272713	7.452924427001282e-07	0.8282868185748303	89.2892892892893
0.17171242979580084	7.331772221302866e-07	0.8282868370269773	89.3893893893894
0.1717124235665457	7.212678508070886e-07	0.8282868551656036	89.4894894894895
0.17171241743968596	7.09554242936275e-07	0.8282868730060713	89.5895895895896
0.17171241141243987	6.980310804159104e-07	0.8282868905564799	89.6896896896897
0.17171240548310815	6.866951145982928e-07	0.8282869078217774	89.7897897897898
0.17171239965002524	6.755431611393991e-07	0.8282869248068138	89.8898898898899
0.17171239391155915	6.645720999988987e-07	0.828286941516341	89.98998998999
0.17171238826611157	6.5377887544014e-07	0.8282869579550132	90.0900900900901
0.17171238271211778	6.431604960301634e-07	0.8282869741273864	90.1901901901902
0.17171237724804675	6.327140346396886e-07	0.8282869900379188	90.2902902902903
0.17171237187240102	6.224366284431271e-07	0.8282870056909707	90.3903903903904
0.1717123665837168	6.123254789185702e-07	0.8282870210908044	90.4904904904905
0.17171236138056398	6.023778518478003e-07	0.8282870362415843	90.5905905905906
0.17171235626154602	5.925910773162802e-07	0.8282870511473769	90.6906906906907
0.17171235122530001	5.829625497131633e-07	0.8282870658121504	90.7907907907908
0.17171234627049675	5.734897277312837e-07	0.8282870802397757	90.8908908908909
0.1717123413958406	5.641701343671661e-07	0.8282870944340252	90.990990990991
0.1717123366000696	5.55001356921016e-07	0.8282871083985737	91.0910910910911
0.1717123318819554	5.459810469967292e-07	0.8282871221369978	91.1911911911912
0.17171232724030328	5.371069205018824e-07	0.8282871356527765	91.2912912912913
0.17171232267395217	5.283767576477427e-07	0.8282871489492903	91.3913913913914
0.17171231818177468	5.197884029492579e-07	0.8282871620298226	91.4914914914915
0.171712313762677	5.113397652250666e-07	0.828287174897558	91.5915915915916
0.17171230941559892	5.030288175974879e-07	0.8282871875555836	91.6916916916917
0.171712305139514	4.948535974925312e-07	0.8282872000068887	91.7917917917918
0.17171230093342923	4.868122066398871e-07	0.8282872122543643	91.8918918918919
0.17171229679638544	4.789028110729364e-07	0.8282872243008036	91.991991991992
0.171712292727457	4.7112364112874083e-07	0.828287236148902	92.0920920920921
0.17171228872575192	4.634729914480523e-07	0.8282872478012568	92.1921921921922
0.17171228428854649	4.549897501350931e-07	0.8282872607217036	92.2922922922923
0.17171228048680331	4.477213938138082e-07	0.8282872717918031	92.3923923923924
0.17171227673909562	4.4055634524058266e-07	0.8282872827045593	92.4924924924925
0.17171227304501396	4.3349382155935535e-07	0.8282872934611647	92.5925925925926
0.17171226940414885	4.2653303991406137e-07	0.8282873040628115	92.6926926926927
0.17171226581609084	4.196732174486395e-07	0.8282873145106919	92.7927927927928
0.17171226228043043	4.1291357130702477e-07	0.8282873248059984	92.8928928928929
0.1717122587967582	4.0625331863315606e-07	0.8282873349499233	92.992992992993
0.1717122553646646	3.996916765709684e-07	0.828287344943659	93.0930930930931
0.17171225198374024	3.9322786226440065e-07	0.8282873547883977	93.1931931931932
0.17171224865357562	3.868610928573879e-07	0.8282873644853317	93.2932932932933
0.17171224537376126	3.8059058549386886e-07	0.8282873740356534	93.3933933933934
0.1717122421438877	3.7441555731777867e-07	0.8282873834405552	93.4934934934935
0.17171223896354545	3.6833522547305617e-07	0.8282873927012293	93.5935935935936
0.17171223583232506	3.623488071036364e-07	0.8282874018188681	93.6936936936937
0.17171223274981706	3.5645551935345817e-07	0.8282874107946637	93.7937937937938
0.17171222971561198	3.5065457936645665e-07	0.8282874196298089	93.8938938938939
0.17171222672930034	3.4494520428657046e-07	0.8282874283254956	93.993993993994
0.17171222379047266	3.3932661125773486e-07	0.8282874368829163	94.0940940940941
0.17171222089871951	3.337980174238885e-07	0.8282874453032633	94.1941941941942
0.17171221805363138	3.283586399289667e-07	0.8282874535877289	94.2942942942943
0.17171221525479882	3.2300769591690796e-07	0.8282874617375054	94.3943943943944
0.17171221250181234	3.1774440253164766e-07	0.8282874697537853	94.4944944944945
0.17171220979426252	3.125679769171243e-07	0.8282874776377608	94.5945945945946
0.17171220713173982	3.074776362172733e-07	0.8282874853906241	94.6946946946947
0.17171220451383482	3.024725975760331e-07	0.8282874930135679	94.7947947947948
0.171712201940138	2.975520781373392e-07	0.828287500507784	94.8948948948949
0.1717121994098331	2.927145172608356e-07	0.8282875078756498	94.994994994995
0.17171219692069267	2.8795565656306283e-07	0.828287515123651	95.0950950950951
0.17171219447196834	2.832740652800072e-07	0.8282875222539665	95.1951951951952
0.17171219206311072	2.78668693064043e-07	0.8282875292681964	95.2952952952953
0.1717121896935704	2.741384895675473e-07	0.8282875361679402	95.3953953953954
0.17171218736279803	2.696824044428944e-07	0.8282875429547977	95.4954954954955
0.1717121850702442	2.652993873424614e-07	0.8282875496303687	95.5955955955956
0.1717121828153595	2.609883879186226e-07	0.8282875561962527	95.6956956956957
0.17171218059759458	2.56748355823755e-07	0.8282875626540498	95.7957957957958
0.17171217841640002	2.5257824071023297e-07	0.8282875690053595	95.8958958958959
0.17171217627122645	2.4847699223043357e-07	0.8282875752517815	95.995995995996
0.17171217416152448	2.444435600367312e-07	0.8282875813949157	96.0960960960961
0.17171217208674472	2.404768937815027e-07	0.8282875874363617	96.1961961961962
0.17171217004633776	2.365759431171227e-07	0.8282875933777193	96.2962962962963
0.17171216803975425	2.3273965769596793e-07	0.8282875992205883	96.3963963963964
0.17171216606644477	2.2896698717041302e-07	0.8282876049665682	96.4964964964965
0.17171216412585996	2.252568811928347e-07	0.828287610617259	96.5965965965966
0.1717121622174504	2.2160828941560765e-07	0.8282876161742604	96.6966966966967
0.17171216034066672	2.1802016149110858e-07	0.8282876216391719	96.7967967967968
0.17171215849495955	2.1449144707171213e-07	0.8282876270135936	96.8968968968969
0.17171215667977946	2.1102109580979504e-07	0.8282876322991249	96.996996996997
0.17171215489457706	2.07608057357732e-07	0.8282876374973658	97.0970970970971
0.171712153138803	2.0425128136789964e-07	0.8282876426099158	97.1971971971972
0.1717121514119079	2.009497174926727e-07	0.8282876476383748	97.2972972972973
0.1717121497133423	1.9770231538442787e-07	0.8282876525843424	97.3973973973974
0.17171214804255688	1.9450802469553983e-07	0.8282876574494186	97.4974974974975
0.17171214639900226	1.9136579507838524e-07	0.8282876622352029	97.5975975975976
0.17171214478212898	1.8827457618533886e-07	0.828287666943295	97.6976976976977
0.1717121431913877	1.8523331766877729e-07	0.8282876715752948	97.7977977977978
0.17171214162622903	1.8224096918107533e-07	0.828287676132802	97.8978978978979
0.17171214008610355	1.7929648037460955e-07	0.8282876806174162	97.997997997998
0.17171213857046191	1.7639880090175475e-07	0.8282876850307374	98.0980980980981
0.1717121370787547	1.7354688041488748e-07	0.828287689374365	98.1981981981982
0.1717121356104456	1.7073969348731135e-07	0.8282876936498611	98.2982982982983
0.17171213416624911	1.6797860626948612e-07	0.8282876978551448	98.3983983983984
0.17171213274653646	1.652643283761314e-07	0.8282877019891353	98.4984984984985
0.17171213135088134	1.6259604484166745e-07	0.828287706053074	98.5985985985986
0.17171212997885746	1.5997294070051302e-07	0.828287710048202	98.6986986986987
0.1717121286300386	1.5739420098708833e-07	0.8282877139757605	98.7987987987988
0.17171212730399846	1.5485901073581208e-07	0.828287717836991	98.8988988988989
0.17171212600031074	1.5236655498110455e-07	0.8282877216331344	98.998998998999
0.17171212471854924	1.4991601875738448e-07	0.8282877253654322	99.0990990990991
0.17171212345828762	1.4750658709907203e-07	0.8282877290351254	99.1991991991992
0.17171212221909965	1.4513744504058604e-07	0.8282877326434555	99.2992992992993
0.17171212100055905	1.4280777761634668e-07	0.8282877361916635	99.3993993993994
0.17171211980223952	1.4051676986077274e-07	0.8282877396809908	99.4994994994995
0.1717121186237148	1.382636068082844e-07	0.8282877431126785	99.5995995995996
0.17171211746455867	1.3604747349330044e-07	0.828287746487968	99.6996996996997
0.17171211632434477	1.3386755495024104e-07	0.8282877498081004	99.7997997997998
0.1717121152026469	1.3172303621352503e-07	0.828287753074317	99.8998998998999
0.17171211409903878	1.2961310231757251e-07	0.828287756287859	100.0
