0.999	0.001	0.0	0.0
0.9989488529957444	0.0010460270507990025	5.119953456425694e-06	0.1001001001001001
0.9988953595272814	0.0010941653995702118	1.0475073148337677e-05	0.2002002002002002
0.9988393993520926	0.0011445232082243773	1.6077439682832378e-05	0.3003003003003003
0.9987808866753536	0.0011971776485868162	2.193567605948792e-05	0.4004004004004004
0.9987196808205505	0.0012522552598517069	2.8063919597621222e-05	0.5005005005005005
0.9986556562238991	0.001309868981187548	3.4474794913249003e-05	0.6006006006006006
0.9985886904612916	0.0013701289256074362	4.118061310072676e-05	0.7007007007007008
0.9985186491266012	0.0014331559794200927	4.8194893978583557e-05	0.8008008008008008
0.9984453903417391	0.0014990777447611086	5.55319134996223e-05	0.9009009009009009
0.998368768636914	0.0015680250513062672	6.32063117794459e-05	1.001001001001001
0.9982886288760895	0.001640137415944247	7.1233707966041e-05	1.1011011011011012
0.998204813391223	0.0017155566302839004	7.962997849283086e-05	1.2012012012012012
0.9981171521483903	0.0017944355964147813	8.841225519469305e-05	1.3013013013013013
0.9980254695483484	0.0018769322182686954	9.759823338271777e-05	1.4014014014014016
0.9979295809049393	0.001963212564526796	0.00010720653053353434	1.5015015015015016
0.9978292949676345	0.002053448595483376	0.00011725643688182686	1.6016016016016017
0.9977244104670868	0.0021478212745684806	0.00012776825834444233	1.7017017017017018
0.9976147167264439	0.0022465200169865963	0.0001387632565692816	1.8018018018018018
0.9974999942502872	0.0023497421506204455	0.00015026359909204142	1.9019019019019021
0.9973800144342979	0.0024576931853001463	0.00016229238040163274	2.002002002002002
0.9972545394260242	0.002570586937927889	0.00017487363604766569	2.1021021021021022
0.997123317947195	0.0026886492736118684	0.00018803277919281463	2.2022022022022023
0.996986087822361	0.0028121158403319243	0.00020179633730682339	2.3023023023023024
0.9968425786029507	0.002941229718975576	0.00021619167807342734	2.4024024024024024
0.996692501174487	0.0030762507268103454	0.0002312480987023137	2.5025025025025025
0.9965355587978056	0.003217445534378023	0.00024699566781605356	2.6026026026026026
0.996371440801457	0.0033650933114888855	0.0002634658870538388	2.702702702702703
0.9961998219638906	0.0035194862771133427	0.00028069175899581836	2.802802802802803
0.9960203599817671	0.003680931963475576	0.0002987080547570425	2.902902902902903
0.9958327006008747	0.0038497486289069877	0.00031755077021801767	3.0030030030030033
0.995636474373325	0.004026268157758614	0.000337257468915978	3.1031031031031033
0.9954312955470931	0.004210837051648871	0.00035786740125778925	3.2032032032032034
0.9952167589120896	0.004403819234541803	0.00037942185336835196	3.3033033033033035
0.994992441618475	0.004605594443937342	0.0004019639375873727	3.4034034034034035
0.9947579019262148	0.004816559346216374	0.00042553872756851037	3.5035035035035036
0.994512678041437	0.00503712857486243	0.00045019338370038244	3.6036036036036037
0.9942562891965764	0.005267733740303449	0.00047597706311991575	3.7037037037037037
0.9939882345124578	0.005508824450359835	0.0005029410371821415	3.8038038038038042
0.9937079904716462	0.005760870589535029	0.0005311389388186651	3.9039039039039043
0.9934150110937312	0.00602436214908552	0.0005606267571830186	4.004004004004004
0.9931087266705324	0.006299810345069669	0.0005914629843977405	4.104104104104104
0.9927885411124223	0.006587749948642587	0.0006237089389349074	4.2042042042042045
0.992453833718942	0.00688873775472874	0.0006574285263289847	4.3043043043043046
0.9921039576253516	0.007203353952014157	0.0006926884226339675	4.404404404404405
0.9917382387427234	0.007532203062089124	0.0007295581951873508	4.504504504504505
0.9913559720434933	0.007875917192467498	0.0007681107640390023	4.604604604604605
0.9909564223573392	0.008235155357839273	0.000808422284821396	4.704704704704705
0.9905388244601847	0.008610603417521734	0.0008505721222933361	4.804804804804805
0.9901023812407485	0.009002975688765963	0.0008946430704854398	4.904904904904905
0.9896462614880684	0.009413016871378991	0.0009407216405523518	5.005005005005005
0.9891695974551298	0.00984150416399717	0.0009888983808728534	5.105105105105105
0.9886714862013041	0.010289246145803404	0.0010392676528923504	5.205205205205205
0.9881509881242673	0.01075708406397123	0.0010919278117612926	5.305305305305305
0.9876071251378032	0.01124589342038811	0.0011469814418084469	5.405405405405406
0.9870388762942685	0.011756587694698877	0.001204536011032422	5.505505505505506
0.9864451796570255	0.012290116822730667	0.0012647035202435898	5.605605605605606
0.9858249309907425	0.012847468345981066	0.001327600663276235	5.705705705705706
0.9851769816808974	0.013429669208507663	0.0013933491105947839	5.805805805805806
0.984500137249587	0.014037787053910428	0.0014620756965023883	5.9059059059059065
0.9837931553120596	0.01467293192547682	0.0015339127624633842	6.0060060060060065
0.9830547430353018	0.015336258326048789	0.0016089986386492242	6.106106106106107
0.9822835571606959	0.016028965468790752	0.00168747737051314	6.206206206206207
0.9814782015890974	0.016752299261519683	0.0017694991493827264	6.306306306306307
0.9806372254989311	0.01750755392052665	0.0018552205805420678	6.406406406406407
0.9797591215227257	0.018296073534919147	0.0019448049423548494	6.506506506506507
0.9788423286205522	0.01911924929119309	0.0020384220882544986	6.606606606606607
0.9778852275376851	0.019978523536087978	0.0021362489262266027	6.706706706706707
0.976886136727676	0.020875393404659534	0.0022384698676642294	6.806806806806807
0.975843312335926	0.021811410695878098	0.002345276968195599	6.906906906906907
0.9747549464369771	0.02278818335448171	0.002456870208540937	7.007007007007007
0.9736191662614264	0.02380737598554234	0.002573457753030979	7.107107107107107
0.9724340373769988	0.02487070652386388	0.002695256099136983	7.207207207207207
0.9711975555375384	0.025979953897648414	0.002822490564812975	7.307307307307307
0.9699076467561435	0.02713695770181407	0.002955395542042228	7.407407407407407
0.9685621663070827	0.028343618904635312	0.0030942147882817646	7.507507507507508
0.9671588972189129	0.029601901041720998	0.00323920173936582	7.6076076076076085
0.9656955516222189	0.030913828599883054	0.0033906197778977775	7.7077077077077085
0.9641697745983113	0.032281482909724886	0.0035487424919635408	7.807807807807809
0.9625791300463996	0.03370701566630758	0.0037138542872924775	7.907907907907909
0.9609211114853395	0.035192638203451705	0.0038862503112083754	8.008008008008009
0.9591931370267621	0.03674062598355095	0.004066236989686495	8.108108108108109
0.9573925503631088	0.038353317348791736	0.004254132288098999	8.208208208208209
0.9555166208710254	0.04003311308547221	0.004450266043502055	8.308308308308309
0.9535625439412073	0.04178247577437738	0.004654980284414933	8.408408408408409
0.9515274412123834	0.04360392935393306	0.004868629433683162	8.508508508508509
0.9494083626802687	0.04550005643522197	0.0050915808845089	8.608608608608609
0.9472022858080671	0.04747349947566484	0.005324214716267716	8.70870870870871
0.944906120570624	0.04952695458082571	0.005566924848549905	8.80880880880881
0.9425167069441953	0.05166317467187462	0.005820118383929668	8.90890890890891
0.9400308231198498	0.0538849601297743	0.0060842167503755516	9.00900900900901
0.9374451813128242	0.056195163570202905	0.006359655116972589	9.10910910910911
0.9347564404865926	0.05859667605477325	0.006646883458633878	9.20920920920921
0.931961198636571	0.06109243545508351	0.0069463659083451	9.30930930930931
0.9290560088918253	0.06368540948503912	0.007258581623135215	9.40940940940941
0.9260373770066055	0.06637859830373008	0.007584024689664017	9.50950950950951
0.9229017675650245	0.06917502821725334	0.007923204217721708	9.60960960960961
0.9196456165524102	0.07207773904555984	0.008276644402029607	9.70970970970971
0.9162653331617402	0.07508978170012731	0.00864488513813208	9.80980980980981
0.9127573087742009	0.07821421004853846	0.009028481177260246	9.90990990990991
0.9091179237666812	0.08145407366647607	0.009428002566842321	10.01001001001001
0.9053435574777462	0.08481240775209042	0.009844034770162904	10.11011011011011
0.901430603594248	0.08829221829290083	0.010277178112850735	10.21021021021021
0.8973754718114094	0.09189647999385771	0.010728048194732394	10.31031031031031
0.8931746082906092	0.09562811655808401	0.011197275151306182	10.41041041041041
0.8888245040745548	0.09948999227099758	0.011685503654447111	10.51051051051051
0.884321706083122	0.10348490118760495	0.0121933927292725	10.61061061061061
0.8796628397903377	0.1076155454126518	0.012721614797010053	10.710710710710712
0.874844613904412	0.11188453014775454	0.013270855947832921	10.810810810810812
0.869863847904055	0.11629433764389818	0.013841814452046328	10.910910910910912
0.8647174812381562	0.12084731797844918	0.014435200783394138	11.011011011011012
0.859402584140144	0.12554567835171665	0.01505173750813882	11.111111111111112
0.8539163775747756	0.13039146400535515	0.0156921584198688	11.211211211211213
0.8482562645436764	0.1353865291482582	0.01635720630806488	11.311311311311313
0.8424198507032238	0.14053251729123856	0.017047632005537147	11.411411411411413
0.8364049605618424	0.145830845446463	0.017764193991694044	11.511511511511513
0.8302096575557755	0.15128268539645012	0.018507657047773962	11.611611611611613
0.8238322414613013	0.15688896620526166	0.019278792333436497	11.711711711711713
0.817271287840326	0.16265033707233947	0.020078375087334087	11.811811811811813
0.8105256713206878	0.1685671458248929	0.02090718285441882	11.911911911911913
0.8035945924822838	0.17463941402344005	0.02176599349427564	12.012012012012013
0.7964775910904219	0.18086682467323112	0.022655584236346546	12.112112112112113
0.7891745580166978	0.18724871190246772	0.02357673008083407	12.212212212212213
0.7816857597430308	0.1937840384631289	0.024530201793839954	12.312312312312313
0.7740118601135195	0.20047137599500603	0.02551676389147406	12.412412412412413
0.766153932541052	0.207308894652596	0.02653717280635157	12.512512512512513
0.7581134801278726	0.21429434510052342	0.02759217477160353	12.612612612612613
0.749892448775954	0.2214250475271722	0.02868250369687352	12.712712712712714
0.7414932365687141	0.22869788446274927	0.029808878968536266	12.812812812812814
0.7329187115494334	0.23610928531540895	0.030972003135157234	12.912912912912914
0.724172214659586	0.24365522550394578	0.03217255983646784	13.013013013013014
0.7152575670847229	0.2513312214375591	0.03341121147771775	13.113113113113114
0.7061790791355808	0.2591323241499264	0.034688596714492564	13.213213213213214
0.6969415447313123	0.267053126817562	0.03600532845112538	13.313313313313314
0.6875502450919891	0.275087763617216	0.037361991290794525	13.413413413413414
0.6780109449099895	0.283229915839991	0.03875913925001913	13.513513513513514
0.6683298797800585	0.2914728263303967	0.040197293889544364	13.613613613613614
0.6585137523518766	0.29980930600791456	0.04167694164020846	13.713713713713714
0.6485697179253221	0.30823175033956907	0.04319853173510846	13.813813813813814
0.6385053650839162	0.31673216027482726	0.04476247464125619	13.913913913913914
0.6283286965057391	0.32530216366072057	0.046369139833540005	14.014014014014014
0.6180481041183197	0.33393304186516976	0.048018854016510244	14.114114114114114
0.6076723518637219	0.34261574880892587	0.04971189932735191	14.214214214214214
0.5972105443137203	0.3513409438276079	0.051448511858671477	14.314314314314315
0.5866720883927758	0.36009903118593223	0.05322888042129154	14.414414414414415
0.5760666664117244	0.3688801883980724	0.05505314519020284	14.514514514514515
0.5654042061575026	0.3776743973050519	0.05692139653744509	14.614614614614615
0.5546948319040422	0.3864714936673872	0.05883367442857019	14.714714714714715
0.5439488292128808	0.39526120310601903	0.06078996768109984	14.814814814814815
0.5331766119369719	0.404033174697199	0.06279021336582875	14.914914914914915
0.522388672041178	0.4127770312068556	0.06483429675196596	15.015015015015017
0.5115955386501936	0.42148241008523796	0.0669220512645681	15.115115115115117
0.500807741932338	0.4301389996603563	0.0690532584073053	15.215215215215217
0.4900357664802159	0.4387365851707612	0.07122764834902251	15.315315315315317
0.4792900084981786	0.4472650909118383	0.07344490058998276	15.415415415415417
0.46858073842369113	0.45571461707388866	0.07570464450241991	15.515515515515517
0.45791806088373416	0.4640754787429735	0.07800646037329205	15.615615615615617
0.4473118745167918	0.47233824468321445	0.08034988079999342	15.715715715715717
0.43677183669699254	0.4804937714323084	0.08273439187069866	15.815815815815817
0.42630732978180613	0.488533235726459	0.08515943449173455	15.915915915915917
0.4159274288298211	0.4964481647145187	0.08762440645565983	16.016016016016017
0.405640871886845	0.5042304640058464	0.09012866410730828	16.116116116116117
0.39545602984121064	0.5118724462684474	0.09267152389034168	16.216216216216218
0.38538088836597795	0.5193668465329125	0.09525226510110923	16.316316316316318
0.37542302743811173	0.5267068405050079	0.09787013205688004	16.416416416416418
0.36558960526101264	0.5338860582545053	0.10052433648448174	16.516516516516518
0.3558873293838971	0.5408986118527526	0.10321405876334996	16.616616616616618
0.3463224512834566	0.5477390979880049	0.10593845072853808	16.716716716716718
0.3369007623497194	0.5544025993163557	0.10869663833392454	16.816816816816818
0.3276275852124296	0.5608846907236196	0.11148772406395054	16.916916916916918
0.318507770674927	0.5671814392066851	0.1143107901183876	17.017017017017018
0.3095457011548437	0.5732893986801784	0.11716490016497759	17.117117117117118
0.3007452951352849	0.5792056027148739	0.12004910214984091	17.217217217217218
0.2921099969461481	0.5849275731104928	0.12296242994335885	17.31731731731732
0.2836427919859238	0.5904533019755023	0.12590390603857365	17.41741741741742
0.275346221040937	0.5957812349681152	0.12887254399094755	17.51751751751752
0.2672223875986417	0.6009102617538531	0.13186735064750488	17.61761761761762
0.25927296778240494	0.6058397033890142	0.13488732882858048	17.71771771771772
0.2514992298395786	0.6105692913835784	0.13793147877684264	17.81781781781782
0.24390204937133222	0.615099150260193	0.14099880036847445	17.91791791791792
0.23648192071250243	0.6194297841730181	0.14408829511447926	18.01801801801802
0.22923897775493784	0.6235620543155714	0.1471989679294905	18.11811811811812
0.22217301398325864	0.627497157219176	0.1503298287975651	18.21821821821822
0.21528350007632616	0.6312366054419063	0.15347989448176738	18.31831831831832
0.2085696021578966	0.6347822075680931	0.15664819027401006	18.41841841841842
0.2020302026410444	0.6381360463075978	0.15983375105135758	18.51851851851852
0.1956639192300785	0.6413004581182792	0.16303562265164212	18.61861861861862
0.18946912538732696	0.6442780112209856	0.16625286339168732	18.71871871871872
0.18344396884735403	0.6470714861714312	0.16948454498121462	18.81881881881882
0.1775863899913599	0.6496838565787718	0.17272975342986815	18.91891891891892
0.17189414128997899	0.652118268645937	0.17598759006408377	19.01901901901902
0.16636480726912745	0.6543780202402871	0.1792571724905853	19.11911911911912
0.1609958188157203	0.656466546121912	0.18253763506236753	19.21921921921922
0.1557844705490768	0.6583873998971852	0.18582812955373773	19.31931931931932
0.15072794042036405	0.6601442336714229	0.1891278259082127	19.41941941941942
0.14582330286775194	0.6617407845677078	0.19243591256454	19.51951951951952
0.14106754243043335	0.6631808607856847	0.19575159678388168	19.61961961961962
0.13645756930008823	0.664468325673514	0.1990741050263975	19.71971971971972
0.13199023491682466	0.6656070818120104	0.20240268327116465	19.81981981981982
0.1276623404471875	0.6666010624917873	0.20573659706102496	19.91991991991992
0.12347064928115241	0.6674542190713236	0.20907513164752367	20.02002002002002
0.11941190084071088	0.6681705070435884	0.21241759211570052	20.12012012012012
0.1154828186326601	0.6687538780245877	0.21576330334275182	20.22022022022022
0.1116801187857361	0.6692082712752176	0.219111609939046	20.32032032032032
0.10800051987532115	0.6695376039493024	0.2224618761753762	20.42042042042042
0.10444075232168056	0.669745761813276	0.2258134858650431	20.52052052052052
0.10099756316181785	0.6698365946591041	0.22916584217907782	20.62062062062062
0.09766772336700069	0.6698139091772181	0.23251836745578103	20.72072072072072
0.09444803424956326	0.6696814627938605	0.23587050295657594	20.82082082082082
0.09133533322278764	0.669442958175261	0.23922170860195113	20.92092092092092
0.08832649831640596	0.6691020389643116	0.2425714627192821	21.02102102102102
0.08541845322179083	0.6686622850352176	0.24591926174299134	21.12112112112112
0.08260816894373436	0.6681272112241443	0.2492646198321211	21.22122122122122
0.07989266742228765	0.6675002640394324	0.2526070685382797	21.32132132132132
0.07726902647438948	0.6667848170183907	0.2559461565072197	21.421421421421424
0.07473438182206263	0.6659841690784499	0.25928144909948714	21.521521521521525
0.0722859268402413	0.6651015451830115	0.262612527976747	21.621621621621625
0.06992091546729079	0.6641400937886206	0.26593899074408833	21.721721721721725
0.0676366647263149	0.6631028846872156	0.2692604505864693	21.821821821821825
0.06543055543315	0.6619929086926677	0.27257653587418196	21.921921921921925
0.06330003105364002	0.6608130792223083	0.2758868897240514	22.022022022022025
0.061242599600204506	0.6595662307615787	0.2791911696382164	22.122122122122125
0.059255834189979525	0.6582551186945879	0.2824890471154322	22.222222222222225
0.057337372814424345	0.6568824199355527	0.2857802072500225	22.322322322322325
0.055484917765068614	0.6554507338943706	0.2890643483405604	22.422422422422425
0.053696235722694115	0.6539625827782549	0.2923411814990506	22.522522522522525
0.0519691572744663	0.6524204124622459	0.29561043026328737	22.622622622622625
0.050301576263464126	0.6508265935179113	0.29887183021862423	22.722722722722725
0.04869144897674677	0.6491834223732633	0.3021251286499895	22.822822822822825
0.0471367934204999	0.647493122432919	0.30537008414658073	22.922922922922925
0.04563568838873046	0.6457578453650978	0.3086064662461713	23.023023023023026
0.04418627242881965	0.6439796724909999	0.3118340550801801	23.123123123123126
0.04278674266075604	0.6421606163190657	0.3150526410201778	23.223223223223226
0.041435353752603585	0.64030262190794	0.318262024339456	23.323323323323326
0.04013041668177975	0.6384075684439122	0.32146201487430753	23.423423423423426
0.03887029752986386	0.6364772707649959	0.3246524317051398	23.523523523523526
0.03765341627674826	0.6345134808701587	0.32783310285309264	23.623623623623626
0.036478245420321395	0.6325178896330729	0.3310038649466053	23.723723723723726
0.03534330869769033	0.6304921283749325	0.3341645629273767	23.823823823823826
0.03424717979091542	0.628437770451547	0.3373150497575371	23.923923923923926
0.03318848100054203	0.6263563328662012	0.3404551861332563	24.024024024024026
0.03216588186580617	0.6242492779306423	0.34358484020355107	24.124124124124126
0.031178097831981322	0.6221180148693667	0.34670388729865154	24.224224224224226
0.030223888895362948	0.619963901440336	0.34981220966430066	24.324324324324326
0.029302058524375434	0.6177882452443149	0.3529096962313093	24.424424424424426
0.02841145228992134	0.6155923053483862	0.3559962423616921	24.524524524524526
0.02755095637220782	0.6133772940395675	0.35907174958822424	24.624624624624627
0.026719496363816958	0.6111443782459218	0.36213612539026085	24.724724724724727
0.025916035985085427	0.6088946810489014	0.3651892829660128	24.824824824824827
0.02513957622899266	0.6066292827185602	0.36823114105244675	24.924924924924927
0.024389153944547354	0.6043492223606024	0.37126162369484983	25.025025025025027
0.0236638404873262	0.6020554994848202	0.3742806600278532	25.125125125125127
0.022962740653776584	0.5997490752571165	0.3772881840891066	25.225225225225227
0.02228499153589394	0.5974308738351645	0.3802841346289411	25.325325325325327
0.02162976172537734	0.5951017833286534	0.3832684549459689	25.425425425425427
0.02099624999789316	0.5927626573062751	0.3862410926958313	25.525525525525527
0.020383684203312564	0.5904143160798931	0.38920199971679387	25.625625625625627
0.019791320291617474	0.5880575478406409	0.39215113186774114	25.725725725725727
0.01921844132054314	0.5856931098099756	0.39508844886948086	25.825825825825827
0.018664356786255658	0.5833217290402063	0.39801391417353765	25.925925925925927
0.018128401410967	0.5809441037946371	0.40092749479439554	26.026026026026027
0.017609934236259544	0.5785609045960308	0.40382916116770917	26.126126126126128
0.017108337776517962	0.5761727752072248	0.40671888701625686	26.226226226226228
0.016623017178084322	0.5737803336033757	0.4095966492185397	26.326326326326328
0.016153399577021034	0.5713841727336246	0.4124624276893541	26.426426426426428
0.01569893309871078	0.5689848616523399	0.4153162052489491	26.526526526526528
0.015259086112299754	0.5665829463814841	0.41815796750621587	26.626626626626628
0.01483334649358058	0.5641789507609334	0.4209877027454857	26.726726726726728
0.0144212209226472	0.5617733772591373	0.4238054018182152	26.826826826826828
0.01402223431854603	0.5593667076370107	0.426611058044443	26.926926926926928
0.013635928997738645	0.5569594038992397	0.4294046671030214	27.027027027027028
0.013261864062037164	0.5545519090018767	0.4321862269360859	27.127127127127128
0.012899614773968561	0.5521446475706011	0.43495573765543	27.227227227227228
0.012548771974832002	0.5497380265717258	0.43771320145344206	27.32732732732733
0.01220894158021348	0.5473324358995477	0.4404586225202386	27.42742742742743
0.011879743900590344	0.5449282491449008	0.4431920069545087	27.52752752752753
0.01156081313395249	0.5425258241809995	0.44591336268504783	27.62762762762763
0.011251796843082574	0.5401255037632164	0.44862269939370075	27.72772772772773
0.010952355470467025	0.5377276160884379	0.45132002844109487	27.82782782782783
0.010662161884782933	0.5353324753199739	0.45400536279524306	27.92792792792793
0.010380900855086047	0.5329403821823854	0.4566787169625284	28.02802802802803
0.010108268620083304	0.5305516244583433	0.45934010692157323	28.12812812812813
0.009843972452580271	0.5281664774879571	0.46198955005946246	28.22822822822823
0.00958773028697445	0.5257852046006221	0.4646270651124033	28.32832832832833
0.009339270326087556	0.5234080575666554	0.46725267210725685	28.42842842842843
0.009098330566041623	0.5210352771325905	0.46986639230136784	28.52852852852853
0.008864658458103084	0.5186670934122712	0.47246824812962557	28.62862862862863
0.008638010541093586	0.5163037263070392	0.47505826315186706	28.72872872872873
0.008418152083836167	0.5139453859139761	0.47763646200218757	28.82882882882883
0.00820485674088765	0.51159227291891	0.4802028703402023	28.92892892892893
0.007997906530661581	0.5092445786550139	0.48275751481432433	29.02902902902903
0.007797091324271509	0.5069024856653299	0.4853004230103984	29.12912912912913
0.007602208378902313	0.5045661682179798	0.4878316234031177	29.22922922922923
0.007413062169004675	0.5022357925125344	0.4903511453184608	29.32932932932933
0.007229464100954671	0.49991151700553926	0.4928590188935059	29.42942942942943
0.007051232234833713	0.49759349272755465	0.49535527503761145	29.52952952952953
0.006878191042159548	0.4952818635618608	0.49783994539597953	29.62962962962963
0.006710171551646022	0.4929767661196561	0.5003130623286979	29.72972972972973
0.006547010679346797	0.4906783304604297	0.5027746588602234	29.82982982982983
0.006388551002465032	0.4883866803512317	0.5052247686463033	29.929929929929934
0.006234640622349322	0.486101933432626	0.5076634259450246	30.030030030030034
0.006085132948090886	0.4838242014662712	0.5100906655856379	30.130130130130134
0.005939886485785378	0.48155359057594826	0.5125065229382664	30.230230230230234
0.005798764687584845	0.47929020142233747	0.5149110338900778	30.330330330330334
0.005661636013723431	0.4770341291425526	0.517304234843724	30.430430430430434
0.005528373382159027	0.4747854639651139	0.519686162652727	30.530530530530534
0.005398854088767958	0.4725442913055225	0.5220568546057096	30.630630630630634
0.005272959667489515	0.4703106919279007	0.5244163484046098	30.730730730730734
0.005150575726305613	0.46808474213312684	0.5267646821405676	30.830830830830834
0.005031591787586359	0.46586651394200707	0.5291018942704065	30.930930930930934
0.004915901207689657	0.46365607518558855	0.5314280236067217	31.031031031031034
0.004803401149008988	0.4614534895340644	0.5337431093169265	31.131131131131134
0.0046939921911567485	0.459258816949321	0.5360471908595221	31.231231231231234
0.004587578296187477	0.457072113722116	0.5383403079816965	31.331331331331334
0.004484066686092808	0.45489343261233156	0.5406225007015756	31.431431431431434
0.004383367717698575	0.4527228229923882	0.5428938092899132	31.531531531531535
0.004285394760747915	0.45056033098702086	0.5451542742522311	31.631631631631635
0.004190064178170094	0.44840599949445464	0.5474039363273752	31.731731731731735
0.004097295221179299	0.44625986830653563	0.549642836472285	31.831831831831835
0.0040070097832134235	0.44412197439283085	0.5518710158239556	31.931931931931935
0.003919132370850583	0.4419923519328154	0.5540885156963339	32.032032032032035
0.003833590005275241	0.4398710324287495	0.5562953775659751	32.132132132132135
0.003750312126160258	0.43775804481578845	0.5584916430580512	32.232232232232235
0.003669230500093993	0.43565341556686915	0.5606773539330367	32.332332332332335
0.003590279249818198	0.4335571686583709	0.5628525520918107	32.432432432432435
0.003513394685127326	0.4314693257643798	0.5650172795504927	32.532532532532535
0.003438515173947302	0.42938990640465513	0.5671715784213974	32.632632632632635
0.00336558110700572	0.42731892798473603	0.5693154909082582	32.732732732732735
0.003294534822154269	0.42525640588255703	0.5714490592952886	32.832832832832835
0.003225320530517382	0.42320235353296315	0.5735723259365194	32.932932932932935
0.00315788425385614	0.42115678249933874	0.5756853332468049	33.033033033033036
0.0030921738633773854	0.4191197024286951	0.5777881237079273	33.133133133133136
0.003028138894964527	0.41709112126359316	0.5798807398414421	33.233233233233236
0.0029657304958915724	0.41507104530301675	0.5819632242010915	33.333333333333336
0.0029049013858054333	0.41305947924684827	0.584035619367346	33.433433433433436
0.0028456057986777803	0.4110564262621992	0.5860979679391228	33.533533533533536
0.00278779942611171	0.4090618880481749	0.5881503125257133	33.633633633633636
0.002731439385025528	0.40707586487278263	0.5901926957421916	33.733733733733736
0.0026764842513904963	0.4050983555343819	0.5922251602142274	33.833833833833836
0.002622893866125731	0.4031293575833369	0.5942477485505371	33.933933933933936
0.0025706293304443542	0.40116886732728146	0.596260503342274	34.034034034034036
0.0025196529681184025	0.39921687987414917	0.5982634671577323	34.134134134134136
0.0024699282790802647	0.39727338918508254	0.600256682535837	34.234234234234236
0.0024214198937650535	0.3953383881264803	0.6022401919797544	34.334334334334336
0.002374093528052307	0.3934118685213448	0.6042140379506027	34.434434434434436
0.002327915992310486	0.3914938211387104	0.6061782628689789	34.53453453453454
0.0022828552974323937	0.38958423557208105	0.6081329091304863	34.63463463463464
0.0022388803461397804	0.3876831005923882	0.6100780190614717	34.73473473473474
0.0021959609908676664	0.3857904040814935	0.6120136349276386	34.83483483483484
0.0021540680125545614	0.38390613305617716	0.613939798931268	34.93493493493494
0.002113173086852541	0.3820302737065052	0.615856553206642	35.03503503503504
0.00207324875096128	0.3801628114334687	0.6177639398155698	35.13513513513514
0.0020342683709876773	0.3783037308860065	0.6196620007430056	35.23523523523524
0.001996206145384676	0.3764530159570821	0.621550777897533	35.33533533533534
0.0019590371449294823	0.3746106497382933	0.623430313116777	35.43543543543544
0.0019227371382594081	0.37277661471772117	0.6253006481440192	35.53553553553554
0.0018872826209133285	0.37095089274691256	0.6271618246321738	35.63563563563564
0.0018526507943107987	0.3691334650646363	0.6290138841410526	35.73573573573574
0.0018188195400916805	0.3673243123258875	0.6308568681340205	35.83583583583584
0.001785767394853307	0.36552341463042803	0.6326908179747184	35.93593593593594
0.001753473525210608	0.36373075155094714	0.634515774923842	36.03603603603604
0.0017219177428039042	0.36194630211549594	0.6363317801416998	36.13613613613614
0.001691080534747577	0.3601700447722419	0.6381388746930101	36.23623623623624
0.00166094291096176	0.35840195756377824	0.6399370995252596	36.33633633633634
0.001631486439004853	0.3566420180868434	0.6417264954741514	36.43643643643644
0.0016026932277373707	0.35489020351059075	0.6435071032616715	36.53653653653654
0.0015745459082974408	0.3531464905979261	0.6452789634937761	36.63663663663664
0.0015470276154030307	0.35141085572646324	0.6470421166581334	36.73673673673674
0.0015201219689285888	0.3496832749091569	0.6487966031219141	36.83683683683684
0.0014938130860395337	0.3479637237797718	0.6505424631341883	36.93693693693694
0.0014680855895065766	0.34625217758273985	0.6522797368277532	37.03703703703704
0.0014429245117543598	0.34454861128296954	0.6540084642052757	37.13713713713714
0.0014183153161000893	0.3428529995408193	0.6557286851430802	37.23723723723724
0.0013942438833295908	0.3411653167269432	0.6574404393897268	37.33733733733734
0.0013706964974453395	0.33948553693808137	0.6591437665644729	37.43743743743744
0.001347659831665358	0.3378136340125545	0.6608387061557798	37.53753753753754
0.0013251209346351375	0.33614958154550506	0.6625252975198594	37.63763763763764
0.0013030672398003308	0.3344933528782872	0.664203579881912	37.73773773773774
0.001281486562035711	0.33284492110205954	0.6658735923359044	37.83783783783784
0.001260367038141963	0.3312042591239854	0.6675353738378722	37.93793793793794
0.0012396971386517948	0.3295713396538718	0.669188963207476	38.03803803803804
0.0012194656570151368	0.32794613521603455	0.67083439912695	38.13813813813814
0.0011996616986679157	0.32632861816128383	0.6724717201400479	38.23823823823824
0.001180274670272724	0.32471876067871164	0.6741009646510152	38.33833833833834
0.0011612942691029689	0.3231165348073123	0.6757221709235843	38.43843843843844
0.0011427104965280258	0.3215219124193889	0.6773353770840828	38.53853853853854
0.001124513649476406	0.3199348652297425	0.6789406211207807	38.63863863863864
0.0011066942737332432	0.31835536484954297	0.6805379408767235	38.73873873873874
0.0010892431753704887	0.31678338277214274	0.6821273740524865	38.83883883883884
0.0010721514124540142	0.3152188903819804	0.6837089582055652	38.93893893893894
0.0010554102868526108	0.3136618589633647	0.6852827307497824	39.03903903903904
0.0010390113361946555	0.3121122597090835	0.6868487289547215	39.13913913913914
0.001022946325952971	0.3105700637288625	0.6884069899451842	39.23923923923924
0.0010072072574024943	0.3090352420400027	0.6899575507025945	39.33933933933934
0.0009917863562808602	0.30750776557966814	0.6915004480640508	39.43943943943944
0.0009766760480354225	0.3059876052322182	0.6930357187197461	39.53953953953954
0.0009618689617595208	0.3044747318243409	0.6945633992138992	39.63963963963964
0.0009473579237546924	0.30296911613182237	0.6960835259444227	39.73973973973974
0.0009331359512135545	0.3014707288861759	0.6975961351626103	39.83983983983984
0.000919196246008385	0.2999795407811493	0.699101262972842	39.93993993993994
0.0009055321886421142	0.2984955224790437	0.7005989453323138	40.04004004004004
0.0008921373538324662	0.2970186445920038	0.7020892180541635	40.14014014014014
0.0008790054905644691	0.295548877704416	0.7035721168050192	40.24024024024024
0.0008661304999846902	0.2940861923978037	0.7050476771022113	40.34034034034034
0.0008535064426649524	0.2926305592417433	0.7065159343155913	40.44044044044044
0.0008411275333565188	0.2911819487992531	0.7079769236673901	40.54054054054054
0.0008289881357956885	0.2897403316321226	0.7094306802320813	40.64064064064064
0.0008170827575475996	0.2883056783061978	0.7108772389362543	40.74074074074074
0.0008054060448750228	0.28687795939663724	0.7123166345584874	40.84084084084084
0.00079395277761894	0.2854571454931548	0.7137489017292259	40.94094094094094
0.0007827178640776944	0.2840432072052639	0.7151740749306581	41.04104104104104
0.0007716963679087088	0.2826361151303965	0.7165921885016945	41.14114114114114
0.0007608835249279214	0.2812358398337342	0.7180032766413376	41.24124124124124
0.0007502746502187035	0.2798423519552095	0.7194073733945714	41.34134134134134
0.0007398651769286162	0.2784556221638344	0.7208045126592366	41.44144144144144
0.0007296506538936765	0.2770756211597622	0.7221947281863438	41.54154154154154
0.0007196267419749215	0.27570231967784276	0.723578053580182	41.64164164164164
0.0007097892104332675	0.2743356884911332	0.7249545222984332	41.74174174174174
0.0007001339333339456	0.2729756984143742	0.7263241676522916	41.84184184184184
0.0006906568859717936	0.2716223203074422	0.7276870228065857	41.94194194194194
0.0006813541413086867	0.270275525078788	0.729043120779903	42.04204204204204
0.0006722218749482516	0.2689352836791459	0.7303924944459056	42.14214214214214
0.0006632563929750725	0.2676015670691873	0.7317351765378374	42.24224224224224
0.000654454071229457	0.26627434628810104	0.7330711996406692	42.34234234234234
0.0006458113712449782	0.26495359243480987	0.7344005961939448	42.44244244244244
0.0006373248415507798	0.2636392766658672	0.7357233984925817	42.54254254254254
0.0006289911149618114	0.26233137019792513	0.7370396386871128	42.64264264264264
0.0006208069058939317	0.26102984431017656	0.7383493487839292	42.74274274274275
0.0006127690076976863	0.25973467034677655	0.7396525606455254	42.84284284284285
0.0006048742900045637	0.2584458197192501	0.740949305990745	42.94294294294295
0.000597119696079546	0.25716326390889566	0.7422396163950244	43.04304304304305
0.0005895022424192151	0.2558869744665749	0.7435235232910057	43.14314314314315
0.0005820190472916275	0.25461692297881044	0.7448010579738977	43.24324324324325
0.0005746672884801928	0.2533530811163066	0.746072251595213	43.34334334334335
0.0005674442038175111	0.2520954206326552	0.7473371351635271	43.44344344344345
0.0005603470972707393	0.25084391335658	0.748595739546149	43.54354354354355
0.0005533733369889564	0.24959853119354117	0.7498480954694696	43.64364364364365
0.0005465203533743709	0.24835924612731317	0.7510942335193121	43.74374374374375
0.0005397856371732862	0.2471260302215421	0.7523341841412844	43.84384384384385
0.0005331667375827336	0.2458988556212862	0.7535679776411308	43.94394394394395
0.0005266612603686853	0.24467769455454474	0.7547956441850863	44.04404404404405
0.0005202668660761943	0.24346251933368065	0.7560172138002429	44.14414414414415
0.0005139812843255112	0.24225330233786033	0.7572327163778139	44.24424424424425
0.0005078023005724617	0.24105001602799286	0.7584421816714344	44.34434434434435
0.0005017277435368273	0.2398526329608824	0.7596456392955805	44.44444444444445
0.0004957554925895576	0.2386611257798276	0.7608431187275826	44.54454454454455
0.0004898834763255425	0.23747546721562504	0.7620346493080491	44.64464464464465
0.00048410967115615765	0.2362956300875514	0.7632202602412922	44.74474474474475
0.00047843209991878135	0.23512158730432695	0.764399980595754	44.84484484484485
0.00047284883050047573	0.23395331186506407	0.7655738393044351	44.94494494494495
0.0004673579744730275	0.23279077686020389	0.7667418651653228	45.04504504504505
0.00046195768573654327	0.23163395547244428	0.7679040868418189	45.14514514514515
0.0004566461649037035	0.2304828209713141	0.769060532863782	45.24524524524525
0.0004514216611292516	0.22933734671057668	0.7702112316282937	45.34534534534535
0.00044628245615092546	0.22819750614532644	0.7713562113985224	45.44544544544545
0.0004412268704594282	0.2270632728245902	0.7724955003049501	45.54554554554555
0.00043625326240574427	0.2259346203917488	0.7736291263458451	45.64564564564565
0.0004313600271358233	0.22481152258515125	0.7747571173877127	45.74574574574575
0.0004265455955368128	0.2236939532387184	0.7758795011657444	45.84584584584585
0.0004218084331928029	0.22258188628253808	0.7769963052842688	45.94594594594595
0.00041714703934804634	0.2214752957434542	0.7781075572171975	46.04604604604605
0.00041255994587561785	0.22037415574565233	0.7792132843084718	46.14614614614615
0.0004080457186918849	0.21927844050826412	0.7803135137730437	46.24624624624625
0.00040360296491948744	0.21818812433596052	0.7814082726991196	46.34634634634635
0.00039923031649541867	0.21710318163828826	0.782497588045216	46.44644644644645
0.0003949264345894137	0.21602358692361748	0.7835814866417927	46.54654654654655
0.0003906900098097396	0.21494931479823198	0.784659995191958	46.64664664664665
0.0003865197614208049	0.21388033996662814	0.7857331402719507	46.74674674674675
0.0003824144365717789	0.21281663723180258	0.7868009483316253	46.84684684684685
0.0003783728095348644	0.21175818149553077	0.787863445694934	46.94694694694695
0.00037439368095186455	0.21070494775863785	0.7889206585604099	47.04704704704705
0.0003704758770876872	0.20965691112126325	0.7899726130016488	47.14714714714715
0.0003666182476947179	0.20861404678479167	0.7910193349675133	47.24724724724725
0.0003628196790012383	0.20757633003619097	0.7920608502848074	47.34734734734735
0.0003590790715468008	0.2065437362732002	0.7930971846552527	47.44744744744745
0.0003553953515835433	0.2055162409902957	0.7941283636581205	47.54754754754755
0.0003517674682531626	0.20449381978149708	0.7951544127502495	47.64764764764765
0.00034819439301839275	0.2034764483404412	0.7961753572665401	47.74774774774775
0.0003446751190957153	0.20246410246045696	0.7971912224204469	47.84784784784785
0.00034120866088929995	0.2014567580346413	0.798202033304469	47.94794794794795
0.00033779405342617737	0.20045439105593624	0.7992078148906372	48.04804804804805
0.0003344303517926424	0.19945697761720682	0.8002085920310001	48.14814814814815
0.0003311166306368523	0.1984644939112431	0.8012043894581197	48.24824824824825
0.0003278519917714653	0.19747691622112762	0.8021952317871005	48.34834834834835
0.00032463555563291797	0.19649422092981159	0.8031811435145552	48.44844844844845
0.00032146645630612934	0.19551638452545148	0.804162149018242	48.54854854854855
0.0003183438457130352	0.19454338359584605	0.8051382725584405	48.64864864864865
0.0003152668930974572	0.19357519482847185	0.8061095382784303	48.74874874874875
0.00031223478451246643	0.19261179501051812	0.807075970204969	48.84884884884885
0.0003092467223102406	0.1916531610289214	0.808037592248768	48.94894894894895
0.00030630192463441545	0.1906992698703997	0.8089944282049655	49.04904904904905
0.00030339962491493023	0.18975009862148604	0.8099465017535987	49.14914914914915
0.0003005390713653672	0.18880562446856158	0.8108938364600726	49.24924924924925
0.0002977195264827851	0.1878658246978886	0.8118364557756282	49.34934934934935
0.00029494026655004716	0.18693067669564242	0.8127743830378071	49.44944944944945
0.00029220058114064223	0.18600015794794353	0.8137076414709155	49.54954954954955
0.0002894997726260009	0.18507424604088876	0.8146362541864849	49.64964964964965
0.00028683715612909584	0.18415291866005043	0.8155602441838201	49.74974974974975
0.000284212090651412	0.18323615355261735	0.8164796343567309	49.84984984984985
0.00028162394464868783	0.18232392856809992	0.8173944474872511	49.94994994994995
0.0002790720831884709	0.18141622167317253	0.8183047062436386	50.050050050050054
0.00027655588386834787	0.18051301093204952	0.8192104331840818	50.150150150150154
0.0002740747364915806	0.17961427450633005	0.8201116507571781	50.250250250250254
0.00027162804274994583	0.1787199906548367	0.821008381302413	50.350350350350354
0.00026921521591377807	0.17783013773344827	0.8219006470506376	50.450450450450454
0.00026683568052921554	0.17694469419492623	0.8227884701245443	50.550550550550554
0.0002644888721226495	0.17606363858873517	0.8236718725391419	50.650650650650654
0.00026217423691237665	0.17518694956085715	0.8245508762022301	50.750750750750754
0.00025989123152745514	0.17431460585359992	0.8254255029148723	50.850850850850854
0.0002576393227337633	0.1734465863053991	0.8262957743718667	50.950950950950954
0.0002554179871672621	0.17258286985061416	0.8271617121622182	51.051051051051054
0.00025322671107446017	0.1717234355193184	0.8280233377696068	51.151151151151154
0.00025106499032163915	0.17086826243676764	0.8288806725729103	51.251251251251254
0.000248932342197403	0.17001732980866208	0.8297337378491401	51.351351351351354
0.00024682829118741835	0.16917061693777086	0.8305825547710413	51.451451451451454
0.0002447523656183847	0.1683281032274632	0.831427144406918	51.551551551551555
0.000242704103038519	0.16748976817471573	0.8322675277222453	51.651651651651655
0.000240683050058052	0.16665559136979738	0.8331037255801441	51.751751751751755
0.00023868876219867066	0.16582555249594613	0.8339357587418548	51.851851851851855
0.00023672080375190636	0.16499963132903747	0.8347636478672102	51.951951951951955
0.00023477874764646895	0.16417780773724464	0.8355874135151085	52.052052052052055
0.00023286217532452694	0.1633600616806908	0.8364070761439842	52.152152152152155
0.00023097067662693319	0.16254637321109297	0.8372226561122796	52.252252252252255
0.00022910384968739676	0.16173672247139756	0.8380341736789146	52.352352352352355
0.00022726130083560047	0.16093108969540806	0.8388416490037559	52.452452452452455
0.00022544264450926452	0.16012945520740426	0.8396451021480861	52.552552552552555
0.0002236475031751558	0.15933179942175327	0.8404445530750712	52.652652652652655
0.00022187550674961846	0.15853810284310657	0.8412400216501434	52.752752752752755
0.0002201262761138222	0.157748346085144	0.8420315276387419	52.852852852852855
0.0002183994434683203	0.15696250984636678	0.8428190907101646	52.952952952952955
0.00021669465462507837	0.156180574906953	0.8436027304384216	53.053053053053056
0.00021501156209366207	0.1554025221363491	0.8443824663015569	53.153153153153156
0.00021334982498004925	0.15462833249292018	0.8451583176820995	53.253253253253256
0.00021170910889206358	0.15385798702359485	0.8459303038675128	53.353353353353356
0.00021008908585142886	0.15309146686350472	0.8466984440506435	53.453453453453456
0.0002084894342124449	0.15232875323561826	0.847462757330169	53.553553553553556
0.00020690983858728405	0.15156982745036926	0.8482232627110431	53.653653653653656
0.000205349989777909	0.15081467090527967	0.8489799791049422	53.753753753753756
0.00020380958471461188	0.1500632650845771	0.849732925330708	53.853853853853856
0.00020228832640117395	0.14931559155880683	0.8504821201147916	53.953953953953956
0.0002007859238666469	0.14857163198443818	0.8512275820916949	54.054054054054056
0.0001993020921237549	0.14783136810346548	0.8519693298044104	54.154154154154156
0.00019783655149671386	0.14709478174370585	0.8527073817047971	54.254254254254256
0.0001963890124459411	0.14636185483508016	0.8534417561524735	54.354354354354356
0.0001949591955421318	0.1456325693871634	0.8541724714172941	54.454454454454456
0.0001935468319970127	0.14490690748816198	0.8548995456798407	54.55455455455456
0.0001921516579214732	0.1441848513108053	0.8556229970312729	54.65465465465466
0.00019077341425463863	0.1434663831119898	0.8563428434737552	54.75475475475476
0.0001894118466974506	0.14275148523242004	0.8570591029208822	54.85485485485486
0.00018806670565075522	0.14204014009624633	0.8577717931981026	54.95495495495496
0.00018673774615789865	0.14133233021069963	0.8584809320431421	55.05505505505506
0.00018542472785183	0.14062803816572295	0.8591865371064249	55.15515515515516
0.00018412741490671187	0.13992724663359965	0.8598886259514933	55.25525525525526
0.00018284557599403817	0.13922993836857872	0.860587216055427	55.35535535535536
0.00018157898424325965	0.13853609620649668	0.8612823248092598	55.45545545545546
0.00018032741720691662	0.13784570306439659	0.8619739695183962	55.55555555555556
0.00017909065683027937	0.13715874194014366	0.8626621674030257	55.65565565565566
0.00017786848882485684	0.13647519591272103	0.8633469355984539	55.75575575575576
0.00017666069173348235	0.13579504815425172	0.8640282911540146	55.85585585585586
0.00017546705214404267	0.13511828191228228	0.8647062510355734	55.95595595595596
0.00017428736400461494	0.13444488051015074	0.8653808321258444	56.05605605605606
0.00017312142487204546	0.1337748273508444	0.8660520512242833	56.15615615615616
0.00017196903585918352	0.13310810591665273	0.8667199250474878	56.25625625625626
0.00017083000158511042	0.132444699768819	0.8673844702295956	56.35635635635636
0.0001697041301283643	0.1317845925471905	0.8680457033226809	56.45645645645646
0.00016859123298316022	0.13112776796986686	0.8687036407971498	56.55655655655656
0.00016749112501860604	0.13047420983284772	0.8693582990421335	56.65665665665666
0.0001664036244409135	0.12982390200967828	0.8700096943658806	56.75675675675676
0.00016532855275860507	0.12917682845109368	0.8706578429961475	56.85685685685686
0.00016426573475071622	0.128532973184662	0.871302761080587	56.95695695695696
0.00016321499843799305	0.12789232031442566	0.8719444646871362	57.05705705705706
0.0001621761750570858	0.12725485402054146	0.8725829698044012	57.15715715715716
0.0001611490706778296	0.1266205585646504	0.8732182923646715	57.25725725725726
0.00016013358031765978	0.12598941827461133	0.8738504481450707	57.35735735735736
0.0001591294991144397	0.125361417569961	0.8744794529309243	57.45745745745746
0.00015813666830321248	0.12473654093531839	0.8751053223963782	57.55755755755756
0.00015715493163954725	0.12411477293011826	0.8757280721382419	57.65765765765766
0.00015618413538469965	0.12349609818827288	0.8763477176763421	57.75775775775776
0.00015522412829077194	0.12288050141783358	0.8769642744538754	57.85785785785786
0.00015427476158587342	0.12226796740065228	0.8775777578377616	57.95795795795796
0.00015333588895928059	0.12165848099204307	0.8781881831189974	58.05805805805806
0.00015240736654659756	0.12105202712044384	0.8787955655130093	58.15815815815816
0.00015148905291491628	0.12044859078707774	0.8793999201600071	58.25825825825826
0.0001505808090479768	0.11984815706561484	0.8800012621253369	58.35835835835836
0.00014968249833132759	0.11925071110183368	0.8805996063998347	58.45845845845846
0.00014879398653748583	0.11865623811328278	0.8811949679001795	58.55855855855856
0.0001479151418110977	0.1180647233889423	0.8817873614692463	58.65865865865866
0.0001470458339171604	0.11747615228962471	0.8823768018764578	58.75875875875876
0.00014618592622953048	0.11689051025565712	0.882963303818113	58.85885885885886
0.00014533528926061355	0.1163077827929575	0.8835468819177816	58.95895895895896
0.0001444937980881623	0.11572795547526232	0.8841275507266493	59.05905905905906
0.00014366132991087624	0.11515101394622505	0.8847053247238638	59.15915915915916
0.00014283776402828857	0.11457694391908294	0.8852802183168885	59.25925925925926
0.00014202298182065289	0.11400573117632393	0.8858522458418552	59.35935935935936
0.00014121686672883017	0.11343736156935348	0.8864214215639175	59.45945945945946
0.00014041930423417537	0.11287182101816147	0.8869877596776041	59.55955955955956
0.0001396301818384244	0.11230909551098903	0.8875512743071723	59.65965965965966
0.00013884938904358088	0.11174917110399536	0.8881119795069607	59.75975975975976
0.0001380768173318029	0.11119203392092465	0.8886698892617433	59.85985985985987
0.00013731236014528998	0.110637670152773	0.8892250174870815	59.95995995995997
0.00013655591286616966	0.11008606605745506	0.8897773780296785	60.06006006006007
0.00013580737279638447	0.10953720795947111	0.8903269846677322	60.16016016016017
0.0001350666391375787	0.10899108224957382	0.8908738511112884	60.26026026026027
0.0001343336129709852	0.10844767538443509	0.8914179910025937	60.36036036036037
0.00013360819723731216	0.10790697388631297	0.8919594179164494	60.46046046046047
0.00013289029671663004	0.1073689643427185	0.8924981453605646	60.56056056056057
0.00013217981800825817	0.10683363340608254	0.893034186775909	60.66066066066067
0.00013147666951065178	0.10630096779342263	0.8935675555370665	60.76076076076077
0.00013078075788779643	0.10577095429184052	0.8940982649502714	60.86086086086087
0.00013009197537776712	0.10524357977921713	0.8946263282454049	60.96096096096097
0.0001294102288084646	0.10471883117569428	0.895151758595497	61.06106106106107
0.00012873542878368908	0.10419669546125405	0.895674569109962	61.16116116116117
0.00012806748725645875	0.10367715967937922	0.8961947728333641	61.26126126126127
0.00012740631749854635	0.10316021093673734	0.8967123827457639	61.36136136136137
0.00012675183407001556	0.10264583640286479	0.897227411763065	61.46146146146147
0.00012610395278875764	0.10213402330985076	0.8977398727373602	61.56156156156157
0.00012546259070002789	0.10162475895202136	0.8982497784572784	61.66166166166167
0.00012482766604598208	0.1011180306856236	0.8987571416483302	61.76176176176177
0.00012419909823521306	0.10061382592850941	0.8992619749732552	61.86186186186187
0.00012357680781228725	0.10011213215981973	0.8997642910323678	61.96196196196197
0.00012296071642728103	0.09961293691966853	0.900264102363904	62.06206206206207
0.00012235074680531745	0.09911622780882681	0.9007614214443677	62.16216216216217
0.00012174682271610253	0.09862199248840667	0.901256260688877	62.26226226226227
0.00012114886894346189	0.0981302186795453	0.901748632451511	62.36236236236237
0.00012055681125487726	0.09764089416308912	0.9022385490256558	62.46246246246247
0.00011997057637102288	0.09715400677927767	0.9027260226443511	62.56256256256257
0.00011939009193530214	0.09666954442742776	0.9032110654806367	62.66266266266267
0.00011881528648338398	0.09618749506561745	0.903693689647899	62.76276276276277
0.00011824608941273947	0.0957078467103701	0.904173907200217	62.86286286286287
0.00011768243395387135	0.09523058744850435	0.9046517301175415	62.96296296296297
0.00011712425992442837	0.09475570544810412	0.9051271702919712	63.06306306306307
0.0001165715015818465	0.09428318890909256	0.9056002395893253	63.16316316316317
0.00011602409370154563	0.09381302608767458	0.9060709498186237	63.26326326326327
0.0001154819719301537	0.09334520529757609	0.9065393127304935	63.36336336336337
0.00011494507275980743	0.09287971490974725	0.9070053400174927	63.46346346346347
0.00011441333350245329	0.09241654335206587	0.9074690433144315	63.56356356356357
0.00011388669226414821	0.0919556791090407	0.9079304341986949	63.66366366366367
0.00011336508791936054	0.09149711072151488	0.9083895241905655	63.76376376376377
0.00011284846008527084	0.09104082678636914	0.9088463247535453	63.86386386386387
0.00011233674909607273	0.09058681595622528	0.9093008472946784	63.96396396396397
0.00011182989597727378	0.09013506693914941	0.9097531031648731	64.06406406406407
0.0001113278424199963	0.0896855684983554	0.9102031036592244	64.16416416416416
0.00011083053075527809	0.08923830945190807	0.9106508600173364	64.26426426426427
0.00011033790392837365	0.08879327867242677	0.9110963834236446	64.36436436436436
0.00010984990547305453	0.08835046508678841	0.9115396850077383	64.46446446446447
0.00010936647948591062	0.0879098576758312	0.9119807758446826	64.56456456456456
0.00010888757060065061	0.08747144547405752	0.9124196669553416	64.66466466466467
0.00010841312396240324	0.0870352175693378	0.9128563693066996	64.76476476476476
0.00010794308520201772	0.0866011631026133	0.9132908938121844	64.86486486486487
0.00010747740041036497	0.0861692712676	0.9137232513319894	64.96496496496496
0.00010701602461642848	0.08573953133180377	0.9141534526435796	65.06506506506507
0.0001065589182869281	0.08531193262751594	0.914581508454197	65.16516516516516
0.0001061060325023907	0.08488646451442851	0.9150074294530689	65.26526526526527
0.0001056573189238995	0.08446311640438135	0.9154312262766945	65.36536536536536
0.00010521272983022747	0.08404187776122245	0.9158529095089472	65.46546546546547
0.00010477221810052163	0.08362273810053272	0.9162724896813665	65.56556556556556
0.00010433573719698649	0.08320568698934999	0.9166899772734528	65.66566566566567
0.0001039032411475683	0.08279071404589372	0.9171053827129585	65.76576576576576
0.0001034746845286384	0.08237780893928894	0.9175187163761822	65.86586586586587
0.00010305002244767761	0.08196696138929102	0.9179299885882611	65.96596596596596
0.00010262921052595954	0.08155816116600968	0.9183392096234642	66.06606606606607
0.00010221220488123489	0.08115139808963365	0.918746389705485	66.16616616616616
0.00010179896211041489	0.0807466620301547	0.9191515390077347	66.26626626626627
0.00010138943927225552	0.08034394290709233	0.9195546676536352	66.36636636636636
0.00010098359387004094	0.0799432306892178	0.919955785716912	66.46646646646647
0.0001005813838342678	0.07954451539427881	0.9203549032218867	66.56656656656656
0.00010018276750532855	0.07914778708872353	0.9207520301437709	66.66666666666667
9.978770361619581e-05	0.07875303588742526	0.9211471764089584	66.76676676676676
9.939615127510576e-05	0.07836025195340647	0.9215403518953182	66.86686686686687
9.900806994824235e-05	0.07796942549756353	0.921931566432488	66.96696696696696
9.86234195260734e-05	0.07758054677872728	0.9223208298017463	67.06706706706707
9.824216814131775e-05	0.07719360613492335	0.922708151696935	67.16716716716716
9.786428314112476e-05	0.07680859394683046	0.9230935417700281	67.26726726726727
9.748972772686012e-05	0.0764255006240509	0.9234770096482219	67.36736736736736
9.711846555518232e-05	0.0760443166234225	0.923858564911022	67.46746746746747
9.675046072624548e-05	0.07566503244876555	0.9242382170905079	67.56756756756756
9.638567777190152e-05	0.075287638650629	0.9246159756715988	67.66766766766767
9.602408164390302e-05	0.07491212582603746	0.9249918500923183	67.76776776776777
9.566563770210537e-05	0.07453848461823731	0.9253658497440603	67.86786786786787
9.531031170266961e-05	0.0741667057164437	0.9257379839718534	67.96796796796797
9.49580697862646e-05	0.07379677985558666	0.9261082620746267	68.06806806806807
9.46088784662699e-05	0.07342869781605821	0.9264766933054752	68.16816816816817
9.426270461697787e-05	0.07306245042345834	0.9268432868719244	68.26826826826827
9.391951546179652e-05	0.07269802854834202	0.9272080519361959	68.36836836836838
9.357927856145185e-05	0.07233542310596565	0.9275709976154726	68.46846846846847
9.324196180219028e-05	0.07197462505603341	0.927932132982164	68.56856856856858
9.29075333839814e-05	0.07161562540244422	0.9282914670641715	68.66866866866867
9.257596180872018e-05	0.07125841519303783	0.9286490088451531	68.76876876876878
9.224721586842974e-05	0.07090298551934193	0.9290047672647893	68.86886886886887
9.192126463346362e-05	0.07054932751631815	0.9293587512190481	68.96896896896898
9.159807744070856e-05	0.07019743236210915	0.9297109695604499	69.06906906906907
9.127764289927894e-05	0.06984729138634589	0.9300614309707546	69.16916916916918
9.095989537656836e-05	0.06949889565030834	0.9304101444543148	69.26926926926927
9.064483299835985e-05	0.06915223662034137	0.93075711854666	69.36936936936938
9.033242755202542e-05	0.06880730565335245	0.9311023619190952	69.46946946946947
9.002265118929248e-05	0.06846409414905763	0.9314458831997527	69.56956956956958
8.971547641495349e-05	0.06812259354973135	0.9317876909738534	69.66966966966967
8.941087607575518e-05	0.0677827953399566	0.9321277937839674	69.76976976976978
8.910882334946923e-05	0.06744469104637676	0.9324662001302735	69.86986986986987
8.880929173414251e-05	0.06710827223744781	0.9328029184708178	69.96996996996998
8.851225503752861e-05	0.06677353052319228	0.9331379572217698	70.07007007007007
8.82176873666992e-05	0.06644045755495348	0.9334713247576795	70.17017017017018
8.792556311783648e-05	0.06610904502515152	0.9338030294117303	70.27027027027027
8.763585696620551e-05	0.06577928466703961	0.9341330794759939	70.37037037037038
8.734854385630772e-05	0.06545116825446212	0.9344614832016812	70.47047047047047
8.70635989922141e-05	0.06512468760161293	0.9347882487993945	70.57057057057058
8.678099782807976e-05	0.06479983456279562	0.935113384439376	70.67067067067067
8.650071605883816e-05	0.0644766010321838	0.935436898251757	70.77077077077078
8.622272961107655e-05	0.06415497894358344	0.9357587983268052	70.87087087087087
8.594701463409122e-05	0.06383496027019515	0.9360790927151704	70.97097097097098
8.567354749112395e-05	0.06351653702437865	0.9363977894281299	71.07107107107107
8.540230475077818e-05	0.06319970125741717	0.9367148964378318	71.17117117117118
8.513326393580552e-05	0.0628844450658156	0.9370304216702482	71.27127127127127
8.486640692182846e-05	0.06257076062045683	0.937344372972621	71.37137137137138
8.460171257146878e-05	0.06225864010289845	0.9376567581845296	71.47147147147147
8.433915927446357e-05	0.061948075727121396	0.9379675851136038	71.57157157157158
8.407872566712865e-05	0.06163905974557294	0.9382768615287596	71.67167167167167
8.382039062818904e-05	0.0613315844489662	0.9385845951604053	71.77177177177178
8.356413327485016e-05	0.06102564216608184	0.9388907937006429	71.87187187187187
8.330993295910801e-05	0.060721225263570676	0.9391954648034698	71.97197197197198
8.305776926429993e-05	0.06041832614575845	0.9394986160849769	72.07207207207207
8.280762200189448e-05	0.06011693725445149	0.9398002551235463	72.17217217217218
8.255947120852174e-05	0.059817051068744624	0.9401003894600465	72.27227227227228
8.23132971432428e-05	0.059518660104829896	0.9403990265980264	72.37237237237238
8.20690802850597e-05	0.059221756915807534	0.940696174003907	72.47247247247248
8.182680133066457e-05	0.058926334091497806	0.9409918391071711	72.57257257257258
8.158644119242915e-05	0.05863238425825505	0.9412860293005522	72.67267267267268
8.134798099663353e-05	0.0583399000787826	0.9415787519402203	72.77277277277278
8.111140208193528e-05	0.0580488742519499	0.9418700143459677	72.87287287287288
8.087668599807787e-05	0.05775929951261053	0.942159823801391	72.97297297297298
8.064381450483935e-05	0.05747116863142242	0.9424481875540723	73.07307307307308
8.041276957122043e-05	0.0571844744146689	0.9427351128157595	73.17317317317318
8.018353337487271e-05	0.05689920970408207	0.9430206067625426	73.27327327327328
7.995608830176646e-05	0.056615367376666885	0.9433046765350309	73.37337337337338
7.973041694609841e-05	0.05633294034452762	0.9435873292385258	73.47347347347348
7.950650211043914e-05	0.056051921554695065	0.9438685719431941	73.57357357357358
7.928432680612057e-05	0.05577230398895601	0.9441484116842375	73.67367367367368
7.906387425386281e-05	0.055494080663683616	0.9444268554620622	73.77377377377378
7.88451278846414e-05	0.055217244629669905	0.944703910242445	73.87387387387388
7.862807103519523e-05	0.05494178898322504	0.9449795829457394	73.97397397397398
7.841268707103656e-05	0.05466770686152786	0.9452538804514008	74.07407407407408
7.819895993782466e-05	0.05439499142219462	0.9455268096178672	74.17417417417418
7.798687379042598e-05	0.05412363585685964	0.9457983772693496	74.27427427427428
7.777641299219908e-05	0.053853633391117414	0.9460685901958901	74.37437437437438
7.756756211690773e-05	0.05358497728437886	0.9463374551535039	74.47447447447448
7.736030595086639e-05	0.05331766082972881	0.9466049788643199	74.57457457457458
7.715462949531902e-05	0.05305167735378582	0.9468711680167186	74.67467467467468
7.695051796905029e-05	0.05278702021656322	0.9471360292654674	74.77477477477478
7.674795681123012e-05	0.05252368281133261	0.9473995692318558	74.87487487487488
7.654693168449062e-05	0.0522616585644884	0.9476617945038267	74.97497497497498
7.634742847823635e-05	0.052000940935414984	0.9479227116361064	75.07507507507508
7.6149433312187e-05	0.05174152341635486	0.9481823271503326	75.17517517517518
7.595293254015337e-05	0.05148339953227933	0.9484406475351802	75.27527527527528
7.575791275404573e-05	0.05122656284076035	0.9486976792464853	75.37537537537538
7.556436078811562e-05	0.050971006931844684	0.9489534287073669	75.47547547547548
7.537226372342989e-05	0.05071672542792943	0.9492079023083467	75.57557557557558
7.518160889257817e-05	0.0504637119836398	0.9494611064074673	75.67567567567568
7.499238388461274e-05	0.05021196028570814	0.9497130473304068	75.77577577577578
7.480457655022167e-05	0.04996146405285538	0.9499637313705941	75.87587587587588
7.461817500713439e-05	0.04971221703567364	0.9502131647893188	75.97597597597598
7.443316764576063e-05	0.04946421301651127	0.9504613538158426	76.07607607607608
7.424954313506167e-05	0.04921744580935905	0.9507083046475056	76.17617617617618
7.406729042865498e-05	0.04897190925973882	0.9509540234498322	76.27627627627628
7.388639877115128e-05	0.04872759724459329	0.9511985163566352	76.37637637637638
7.370685770472482e-05	0.04848450367217824	0.9514417894701167	76.47647647647648
7.352865626179814e-05	0.048242622477718676	0.9516838488660191	76.57657657657658
7.335177338699734e-05	0.04800194757341639	0.9519247006531962	76.67667667667668
7.317619409884882e-05	0.04776247293242718	0.9521643508734736	76.77677677677679
7.300190661720967e-05	0.04752419257377011	0.9524028055196123	76.87687687687688
7.282889930037852e-05	0.0472871005462462	0.952640070554453	76.97697697697699
7.26571606450357e-05	0.04705119092829969	0.9528761519110549	77.07707707707708
7.248667928627257e-05	0.04681645782787965	0.9531110554928337	77.17717717717719
7.231744399771077e-05	0.046582895382303376	0.9533447871736985	77.27727727727728
7.214944369171061e-05	0.04635049775812009	0.9535773527981878	77.37737737737739
7.198266741966938e-05	0.04611925915097645	0.9538087581816035	77.47747747747748
7.181710437240865e-05	0.045889173785482365	0.9540390091101448	77.57757757757759
7.16527438806517e-05	0.045660235915078555	0.9542681113410404	77.67767767767768
7.148957541558991e-05	0.04543243982190455	0.9544960706026795	77.77777777777779
7.132758858953909e-05	0.045205779816668304	0.9547228925947417	77.87787787787788
7.1166773156685e-05	0.044980250238516296	0.9549485829883266	77.97797797797799
7.10071190139187e-05	0.04475584545490526	0.9551731474260804	78.07807807807808
7.084861620176101e-05	0.04453255986147439	0.9553965915223235	78.17817817817819
7.069125490537706e-05	0.04431038788191917	0.955618920863175	78.27827827827828
7.053502545567967e-05	0.044089323967865704	0.9558401410066782	78.37837837837839
7.037991833052291e-05	0.0438693625987466	0.9560602574829224	78.47847847847848
7.022592415598463e-05	0.04365049828167746	0.9562792757941662	78.57857857857859
7.007303370773894e-05	0.043432725551334844	0.956497201414957	78.67867867867868
6.992123791251784e-05	0.04321603896983483	0.9567140397922522	78.77877877877879
6.977052784966268e-05	0.04300043312661315	0.9569297963455368	78.87887887887888
6.962089475276488e-05	0.04278590263830581	0.957144476466941	78.97897897897899
6.947233001139641e-05	0.04257244214863133	0.9573580855213568	79.07907907907908
6.932482517292949e-05	0.042360046328273476	0.9575706288465532	79.17917917917919
6.917837036762815e-05	0.04214870986687175	0.9577821117627602	79.27927927927928
6.903295318356355e-05	0.041938427467263825	0.9579925395795521	79.37937937937939
6.888856456396366e-05	0.04172919387488482	0.9582019175605507	79.47947947947948
6.874519570939955e-05	0.041521003862135086	0.958410250942155	79.57957957957959
6.860283791419856e-05	0.04131385222743841	0.9586175449346469	79.67967967967968
6.8461482565771e-05	0.04110773379511598	0.9588238047223178	79.77977977977979
6.832112114397301e-05	0.04090264341526152	0.959029035463594	79.87987987987988
6.818174522050496e-05	0.040698575963616763	0.9592332422911622	79.97997997997999
6.80433464583458e-05	0.04049552634144824	0.9594364303120929	80.08008008008008
6.790591661122317e-05	0.040293489475424285	0.959638604607964	80.18018018018019
6.776944752311932e-05	0.04009246031749336	0.959839770234983	80.28028028028028
6.763393112781284e-05	0.03989243384476267	0.960039932224109	80.38038038038039
6.749935944845625e-05	0.039693405059378024	0.960239095581173	80.48048048048048
6.736572459718927e-05	0.039495368988404056	0.9604372652869982	80.58058058058059
6.723301877478805e-05	0.0392983206837056	0.9606344462975192	80.68068068068068
6.710123427035006e-05	0.039102255221829495	0.9608306435438997	80.78078078078079
6.697036346101496e-05	0.03890716770388756	0.9610258619326509	80.88088088088088
6.684039881172108e-05	0.03871305325543992	0.9612201063457478	80.98098098098099
6.671133287499788e-05	0.03851990702637958	0.961413381640745	81.08108108108108
6.658315829079407e-05	0.03832772419081728	0.9616056926508915	81.18118118118119
6.645586778634175e-05	0.03813649994696767	0.9617970441852455	81.28128128128128
6.632945417605605e-05	0.03794622951703573	0.9619874410287877	81.38138138138139
6.62039103614709e-05	0.03775690814710448	0.9621768879425335	81.48148148148148
6.607922933121033e-05	0.03756853110702299	0.9623653896636453	81.58158158158159
6.59554041609958e-05	0.03738109369029566	0.9625529509055428	81.68168168168168
6.583242801368916e-05	0.037194591213971784	0.962739576358014	81.78178178178179
6.571029411783376e-05	0.037009019018396934	0.9629252706874848	81.88188188188188
6.558899479635957e-05	0.0368243724608133	0.9631100385443899	81.98198198198199
6.546852273867452e-05	0.036640646923489104	0.9632938845537717	82.08208208208208
6.534887119268379e-05	0.036457837814853594	0.9634768133139533	82.18218218218219
6.523003347404553e-05	0.03627594056621156	0.9636588294003139	82.28228228228228
6.51120029655984e-05	0.03609495063163223	0.9638399373654017	82.38238238238239
6.499477311681042e-05	0.03591486348783933	0.9640201417390434	82.48248248248248
6.487833744324823e-05	0.03573567463410135	0.964199447028455	82.58258258258259
6.476268952606784e-05	0.03555737959212299	0.9643778577183505	82.68268268268268
6.464782301152581e-05	0.03537997390593683	0.9645553782710512	82.78278278278279
6.453373161051186e-05	0.035203453141796084	0.964732013126593	82.88288288288288
6.442040909810195e-05	0.03502781288806767	0.9649077667028337	82.98298298298299
6.430784931313266e-05	0.03485304875512637	0.96508264339556	83.08308308308308
6.41960461577963e-05	0.03467915637524923	0.9652566475785925	83.18318318318319
6.408499359725709e-05	0.03450613140251109	0.9654297836038912	83.28328328328328
6.39746856592881e-05	0.03433396951268042	0.9656020558016598	83.38338338338339
6.38651164339294e-05	0.03416266640311615	0.9657734684804494	83.48348348348348
6.375628007316684e-05	0.033992217792664925	0.9659440259272615	83.58358358358359
6.364817079063203e-05	0.033822619421559286	0.9661137324076496	83.68368368368368
6.354078286132307e-05	0.0336538670513163	0.9662825921658219	83.78378378378379
6.343411062134637e-05	0.03348595646463716	0.966450609424741	83.88388388388388
6.332814846767927e-05	0.033318883465307085	0.9666177883862248	83.98398398398399
6.322289085795374e-05	0.033152643878096404	0.9667841332310452	84.08408408408408
6.31183323102608e-05	0.03298723354866178	0.9669496481190275	84.18418418418419
6.301446740297622e-05	0.032822648343448654	0.9671143371891479	84.28428428428428
6.291129077460675e-05	0.032658884149593885	0.9672782045596311	84.38438438438439
6.280879712365772e-05	0.03249593687482951	0.9674412543280464	84.48448448448448
6.27069810764059e-05	0.03233380244567212	0.967603490573251	84.58458458458459
6.260583683105161e-05	0.032172476802710716	0.9677649173604578	84.68468468468468
6.250535907673251e-05	0.032011955912440646	0.9679255387284822	84.78478478478479
6.240554261439902e-05	0.0318522357622502	0.968085358695135	84.88488488488488
6.230638229439705e-05	0.03169331235951766	0.9682443812581876	84.98498498498499
6.220787301604244e-05	0.03153518173151378	0.9684026103954697	85.08508508508508
6.211000972720866e-05	0.03137783992530438	0.968560050064968	85.18518518518519
6.201278742392827e-05	0.031221283007653994	0.9687167042049216	85.28528528528528
6.191620115000755e-05	0.031065507064929693	0.9688725767339199	85.38538538538539
6.182024599665497e-05	0.030910508203005848	0.9690276715509971	85.4854854854855
6.172491710212292e-05	0.030756282547169257	0.9691819925357282	85.58558558558559
6.163020965136295e-05	0.030602826242024886	0.9693355435483233	85.6856856856857
6.153611887569472e-05	0.030450135451402363	0.9694883284297215	85.78578578578579
6.144264005248809e-05	0.030298206358262806	0.9696403510016843	85.8858858858859
6.134976850485906e-05	0.030147035164606536	0.9697916150668882	85.98598598598599
6.125749960137897e-05	0.029996618091381058	0.9699421244090172	86.0860860860861
6.116582875579733e-05	0.029846951378389962	0.9700918827928539	86.18618618618619
6.107475142677797e-05	0.029698031284202096	0.9702408939643707	86.2862862862863
6.0984263117649e-05	0.029549854086061637	0.9703891616508203	86.38638638638639
6.089435937616583e-05	0.029402416079798446	0.970536689560825	86.4864864864865
6.080503579428817e-05	0.029255713579739318	0.9706834813844659	86.58658658658659
6.071628800797008e-05	0.029109742918619518	0.9708295407933721	86.6866866866867
6.0628111696963856e-05	0.02896450044749522	0.9709748714408074	86.78678678678679
6.054050258463716e-05	0.028819982535656208	0.9711194769617587	86.8868868868869
6.0453456437803866e-05	0.028676185570539508	0.9712633609730222	86.98698698698699
6.036696906656819e-05	0.02853310595764326	0.9714065270732898	87.0870870870871
6.028103632417776e-05	0.028390740120441467	0.971548978843234	87.18718718718719
6.019565388836081e-05	0.02824908449740151	0.9716907198487097	87.2872872872873
6.011081743813318e-05	0.028108135544245932	0.9718317536383155	87.38738738738739
6.002652288312483e-05	0.027967889736910723	0.9719720837402057	87.4874874874875
5.9942766170143635e-05	0.027828343568898843	0.9721117136649307	87.58758758758759
5.98595432828714e-05	0.027689493551194634	0.9722506469055221	87.6876876876877
5.977685024156946e-05	0.027551336212179055	0.972388886937579	87.78778778778779
5.969468310279348e-05	0.02741386809754514	0.9725264372193516	87.8878878878879
5.9613037959117816e-05	0.027277085770214333	0.9726633011918261	87.98798798798799
5.953191093886904e-05	0.027140985810253024	0.9727994822788077	88.0880880880881
5.945129820586909e-05	0.027005564814789922	0.9729349838870038	88.18818818818819
5.937119595918758e-05	0.026870819397933676	0.9730698094061068	88.2882882882883
5.9291600432903686e-05	0.026736746190691336	0.9732039622088754	88.38838838838839
5.9212507895877185e-05	0.026603341840887026	0.9733374456512167	88.4884884884885
5.913391465152913e-05	0.026470603013081476	0.9734702630722666	88.58858858858859
5.905581703763168e-05	0.026338526388491778	0.9736024177944702	88.6886886886887
5.89782114261075e-05	0.026207108664911983	0.9737339131236615	88.78878878878879
5.890109422283836e-05	0.026076346556633934	0.9738647523491428	88.8888888888889
5.882446186748327e-05	0.02594623679436892	0.9739949387437632	88.988988988989
5.874831083330589e-05	0.025816776125169586	0.9741244755639967	89.0890890890891
5.867263762701142e-05	0.02568796131235267	0.9742533660500199	89.1891891891892
5.8597438788592715e-05	0.025559789135421975	0.974381613425789	89.2892892892893
5.852271089118598e-05	0.025432256389992174	0.9745092208991162	89.3893893893894
5.844845054093564e-05	0.025305359887712858	0.9746361916617458	89.4894894894895
5.8374654376868814e-05	0.025179096456193407	0.9747625288894293	89.5895895895896
5.830131907077891e-05	0.02505346293892812	0.9748882357420007	89.6896896896897
5.8228441327118864e-05	0.02492845619522215	0.9750133153634504	89.7897897897898
5.815601783022429e-05	0.024804073098973606	0.9751377708831958	89.8898898898899
5.8084044889025475e-05	0.02468031053088639	0.9752616054242241	89.98998998999
5.80125191456574e-05	0.024557165393788685	0.9753848220870652	90.0900900900901
5.7941437366219786e-05	0.024434634608018292	0.975507423954615	90.1901901901902
5.787079634555537e-05	0.02431271510928426	0.9756294140943698	90.2902902902903
5.780059290710035e-05	0.024191403848593897	0.9757507955584985	90.3903903903904
5.7730823902742815e-05	0.02407069779217998	0.9758715713839168	90.4904904904905
5.766148621268955e-05	0.023950593921428794	0.975991744592358	90.5905905905906
5.7592576745340797e-05	0.023831089232808376	0.9761113181904458	90.6906906906907
5.752409243717334e-05	0.023712180737797562	0.9762302951697648	90.7907907907908
5.745603025263168e-05	0.02359386546281525	0.9763486785069316	90.8908908908909
5.738838718402743e-05	0.023476140449150463	0.976466471163665	90.990990990991
5.732116025144677e-05	0.023359002752892634	0.9765836760868555	91.0910910910911
5.725434650266625e-05	0.023242449444862673	0.9767002962086342	91.1911911911912
5.718794301307654e-05	0.023126477610544306	0.9768163344464421	91.2912912912913
5.712194688561455e-05	0.02301108435001613	0.9769317937030978	91.3913913913914
5.705635525070357e-05	0.022896266777883967	0.9770466768668649	91.4914914914915
5.699116526620169e-05	0.022782022023213964	0.9771609868115194	91.5915915915916
5.692637411735823e-05	0.02266834722946594	0.9772747263964162	91.6916916916917
5.686197901677859e-05	0.02255523955442753	0.9773878984665553	91.7917917917918
5.679797720439696e-05	0.022442696170148515	0.9775005058526466	91.8918918918919
5.6734365947457486e-05	0.022330714262876014	0.9776125513711761	91.991991991992
5.667114254050334e-05	0.02221929103298984	0.9777240378244691	92.0920920920921
5.660830430537421e-05	0.022108423694938664	0.9778349680007555	92.1921921921922
5.654584859121173e-05	0.021998109477176443	0.9779453446742319	92.2922922922923
5.648377277447328e-05	0.021888345622099573	0.9780551706051255	92.3923923923924
5.642207425895374e-05	0.021779129385984333	0.9781644485397563	92.4924924924925
5.636075047581563e-05	0.02167045803892507	0.9782731812105987	92.5925925925926
5.629979888362723e-05	0.02156232886477267	0.9783813713363433	92.6926926926927
5.6239216968409034e-05	0.02145473916107373	0.9784890216219574	92.7927927927928
5.617900224368817e-05	0.021347686239010063	0.9785961347587457	92.8928928928929
5.611915225056123e-05	0.021241167423338914	0.9787027134244101	92.992992992993
5.605966455776502e-05	0.021135180052333443	0.9788087602831084	93.0930930930931
5.6000536761755695e-05	0.021029721477723976	0.9789142779855138	93.1931931931932
5.594176648679591e-05	0.020924789064639515	0.9790192691688733	93.2932932932933
5.588335138505019e-05	0.020820380191549998	0.9791237364570645	93.3933933933934
5.5825289136688484e-05	0.020716492250208825	0.9792276824606541	93.4934934934935
5.576757744999787e-05	0.020613122645596147	0.9793311097769534	93.5935935935936
5.571021406150241e-05	0.020510268795862405	0.9794340209900756	93.6936936936937
5.565319673158902e-05	0.020407928132157895	0.9795364186711101	93.7937937937938
5.5596522308488365e-05	0.02030609807471907	0.979638305402972	93.8938938938939
5.554018777826197e-05	0.02020477605956949	0.9797396837526519	93.993993993994
5.54841908079727e-05	0.0201039595523044	0.9798405562568872	94.0940940940941
5.542852908406068e-05	0.02000364603117126	0.9799409254397442	94.1941941941942
5.537320031224119e-05	0.01990383298700942	0.980040793812678	94.2942942942943
5.5318202217407676e-05	0.019804517923190497	0.9801401638745917	94.3943943943944
5.5263532543539265e-05	0.019705698355558937	0.980239038111897	94.4944944944945
5.5209189053613455e-05	0.019607371812373216	0.9803374189985727	94.5945945945946
5.515516952952334e-05	0.01950953583424724	0.9804353089962228	94.6946946946947
5.51014717719999e-05	0.019412187974092398	0.9805327105541352	94.7947947947948
5.5048093600538946e-05	0.019315325797059836	0.9806296261093392	94.8948948948949
5.4995032853333075e-05	0.01921894688048334	0.9807260580866629	94.994994994995
5.4942287387208266e-05	0.01912304881382245	0.9808220088987899	95.0950950950951
5.488985507756547e-05	0.01902762919860621	0.9809174809463158	95.1951951951952
5.483773381832696e-05	0.018932685648377114	0.9810124766178041	95.2952952952953
5.4785921521887544e-05	0.018838215788635718	0.9811069982898419	95.3953953953954
5.4734416119070545e-05	0.018744217256785434	0.9812010483270951	95.4954954954955
5.468321555908874e-05	0.018650687702077978	0.9812946290823625	95.5955955955956
5.4632317809509986e-05	0.01855762478555902	0.981387742896631	95.6956956956957
5.458172085622784e-05	0.018465026180014485	0.9814803920991289	95.7957957957958
5.4531422703436845e-05	0.01837288956991705	0.981572579007379	95.8958958958959
5.448142137361279e-05	0.01828121265137329	0.9816643059272526	95.995995995996
5.443171490749771e-05	0.018189993132071022	0.981755575153021	96.0960960960961
5.438230136408979e-05	0.018099228731227303	0.9818463889674082	96.1961961961962
5.4333178820638055e-05	0.018008917179536624	0.9819367496416423	96.2962962962963
5.4284345372641914e-05	0.017919056219119756	0.9820266594355072	96.3963963963964
5.423579913385551e-05	0.017829643603472792	0.982116120597393	96.4964964964965
5.4187538236297e-05	0.017740677097416842	0.9822051353643464	96.5965965965966
5.41395608302625e-05	0.017652154477047915	0.9822937059621214	96.6966966966967
5.409186508434505e-05	0.017564073529687474	0.9823818346052278	96.7967967967968
5.404444918545825e-05	0.017476432053833174	0.9824695234969809	96.8968968968969
5.39973113388649e-05	0.017389227859110238	0.9825567748295505	96.996996996997
5.395044976821027e-05	0.01730245876622307	0.9826435907840083	97.0970970970971
5.390386271556041e-05	0.017216122606907473	0.9827299735303765	97.1971971971972
5.385754844144513e-05	0.0171302172238831	0.982815925227675	97.2972972972973
5.381150522490593e-05	0.017044740470806525	0.9829014480239682	97.3973973973974
5.376573136354868e-05	0.016959690212224553	0.9829865440564115	97.4974974974975
5.372022517360122e-05	0.016875064323528137	0.9830712154512978	97.5975975975976
5.3674984989975686e-05	0.016790860690906524	0.9831554643241031	97.6976976976977
5.3630008911143667e-05	0.016707077201920557	0.9832392927891678	97.7977977977978
5.3585294585146176e-05	0.01662371173758825	0.9833227029678261	97.8978978978979
5.3540840262624236e-05	0.01654076221104947	0.9834056969486874	97.997997997998
5.34966442421771e-05	0.016458226547128862	0.9834882768086284	98.0980980980981
5.345270483573226e-05	0.016376102681016018	0.9835704446141478	98.1981981981982
5.340902036847621e-05	0.016294388558216293	0.9836522024214147	98.2982982982983
5.336558917878813e-05	0.01621308213450212	0.9837335522763185	98.3983983983984
5.332240961817634e-05	0.016132181375864547	0.9838144962145168	98.4984984984985
5.327948005121778e-05	0.01605168425846522	0.983895036261483	98.5985985985986
5.323679885550019e-05	0.015971588768588642	0.9839751744325553	98.6986986986987
5.319436442156733e-05	0.01589189290259488	0.9840549127329831	98.7987987987988
5.3152175152866923e-05	0.01581259466687249	0.9841342531579741	98.8988988988989
5.31102294657016e-05	0.015733692077791964	0.9842131976927418	98.998998998999
5.306852578918263e-05	0.015655183161659335	0.984291748312551	99.0990990990991
5.302706256518656e-05	0.015577065954670335	0.9843699069827639	99.1991991991992
5.298583824831473e-05	0.015499338502864722	0.9844476756588865	99.2992992992993
5.2944851305855663e-05	0.015421998862081118	0.9845250562866125	99.3993993993994
5.2904100217750304e-05	0.015345045097912045	0.9846020508018697	99.4994994994995
5.2863583476560164e-05	0.015268475285659477	0.9846786611308634	99.5995995995996
5.282329958743831e-05	0.015192287510290578	0.9847548891901214	99.6996996996997
5.278324706810325e-05	0.015116479866393959	0.9848307368865374	99.7997997997998
5.2743424448815694e-05	0.015041050458136111	0.9849062061174145	99.8998998998999
5.270383027235816e-05	0.014965997399218375	0.9849812987705088	100.0
