0.7989999999999999	0.001	0.2	0.0
0.7989592973698427	0.0010356083006613328	0.2000050943294958	0.1001001001001001
0.7989171480550112	0.0010724819459281534	0.20001036999906044	0.2002002002002002
0.7988735013093298	0.0011106653013890234	0.20001583338928106	0.3003003003003003
0.7988283074907813	0.0011502017657230212	0.20002149074349562	0.4004004004004004
0.7987815159770038	0.0011911355920543622	0.20002734843094186	0.5005005005005005
0.7987330598578166	0.001233525273978635	0.2000334148682047	0.6006006006006006
0.7986828763626318	0.001277425683549762	0.20003969795381835	0.7007007007007008
0.7986309082584876	0.0013228868460849262	0.20004620489542738	0.8008008008008008
0.7985770952228556	0.001369961490995808	0.20005294328614837	0.9009009009009009
0.7985213713930941	0.0014187071848853123	0.20005992142202036	1.001001001001001
0.7984636674974589	0.0014691844707519996	0.2000671480317889	1.1011011011011012
0.7984039128096123	0.001521455160935642	0.20007463202945192	1.2012012012012012
0.7983420440836174	0.0015755745379031955	0.20008238137847925	1.3013013013013013
0.7982779755448064	0.0016316175501464726	0.20009040690504698	1.4014014014014016
0.7982116356580774	0.0016896467156577238	0.20009871762626474	1.5015015015015016
0.798142942912391	0.001749733258031176	0.20010732382957777	1.6016016016016017
0.7980718141914689	0.0018119498024141594	0.2001162360061169	1.7017017017017018
0.7979981635022002	0.0018763714850661885	0.20012546501273346	1.8018018018018018
0.7979219012554207	0.0019430765803159448	0.20013502216426327	1.9019019019019021
0.7978429360000092	0.002012144981154261	0.20014491901883646	2.002002002002002
0.797761172460653	0.0020836599185345534	0.20015516762081234	2.1021021021021022
0.7976765116471376	0.0021577078656137083	0.2001657804872486	2.2022022022022023
0.7975888511617129	0.0022343782679521505	0.20017677057033484	2.3023023023023024
0.7974980854015367	0.0023137633584303686	0.2001881512400329	2.4024024024024024
0.7974041053573774	0.0023959583412843854	0.20019993630133812	2.5025025025025025
0.7973067985971035	0.0024810614072009476	0.20021213999569543	2.6026026026026026
0.7972060492189648	0.0025691737718953537	0.2002247770091398	2.702702702702703
0.797101735441856	0.002660401768327867	0.20023786278981595	2.802802802802803
0.7969937316428684	0.002754855077631657	0.20025141327949983	2.902902902902903
0.7968819089653091	0.0028526462012080636	0.20026544483348274	3.0030030030030033
0.7967661356591007	0.002953890166439053	0.2002799741744601	3.1031031031031033
0.7966462696368509	0.003058710980258514	0.20029501938289035	3.2032032032032034
0.7965221693371332	0.0031672322111493704	0.20031059845171736	3.3033033033033035
0.7963936867894523	0.0032795830015231206	0.20032673020902436	3.4034034034034035
0.7962606698329903	0.003395896144135032	0.20034343402287455	3.5035035035035036
0.7961229593056007	0.003516310514570481	0.2003607301798287	3.6036036036036037
0.7959803902997036	0.0036409699847981675	0.20037863971549813	3.7037037037037037
0.7958327938192246	0.0037700219897134016	0.20039718419106192	3.8038038038038042
0.7956799953232758	0.003903618787466784	0.20041638588925734	3.9039039039039043
0.795521814513153	0.004041917643998309	0.20043626784284863	4.004004004004004
0.7953580650299792	0.0041850810939039005	0.20045685387611678	4.104104104104104
0.7951885528843423	0.004333278284530215	0.20047816883112735	4.2042042042042045
0.7950130776728112	0.004486683939303792	0.20050023838788494	4.3043043043043046
0.794831432363349	0.004645478543617871	0.20052308909303299	4.404404404404405
0.7946434027421754	0.004809848819936283	0.20054674843788817	4.504504504504505
0.794448767168066	0.004979987940259835	0.20057124489167402	4.604604604604605
0.794247296639569	0.0051560954615555215	0.20059660789887543	4.704704704704705
0.7940387559485268	0.005338376299436289	0.20062286775203683	4.804804804804805
0.7938229013536972	0.00552704278273536	0.20065005586356732	4.904904904904905
0.7935994809255258	0.005722314343203649	0.2006782047312705	5.005005005005005
0.7933682344951056	0.005924417555636215	0.20070734794925807	5.105105105105105
0.7931288934456406	0.00613358631743671	0.20073752023692257	5.205205205205205
0.7928811800483944	0.00635006240338004	0.20076875754822537	5.305305305305305
0.7926248066995693	0.006574096101977351	0.20080109719845324	5.405405405405406
0.7923594770656268	0.0068059452798935735	0.20083457765447948	5.505505505505506
0.7920848852879111	0.007045876044880976	0.20086923866720774	5.605605605605606
0.791800715722877	0.007294162967544755	0.20090512130957802	5.705705705705706
0.7915066427072779	0.007551089282548522	0.2009422680101734	5.805805805805806
0.7912023291758711	0.007816948032079959	0.20098072279204873	5.9059059059059065
0.7908874267356786	0.008092042013260066	0.20102053125106112	6.0060060060060065
0.7905615765951589	0.008376683023537654	0.2010617403813032	6.106106106106107
0.7902244086111034	0.008671192651723223	0.20110439873717306	6.206206206206207
0.7898755410173326	0.008975902509159755	0.20114855647350738	6.306306306306307
0.7895145798951095	0.009291154662659363	0.20119426544223087	6.406406406406407
0.7891411186282657	0.009617302079382772	0.20124157929235126	6.506506506506507
0.7887547370122328	0.009954709342081692	0.2012905536456853	6.606606606606607
0.7883550026822423	0.01030375155264561	0.20134124576511184	6.706706706706707
0.787941469925629	0.010664815279143734	0.2013937147952271	6.806806806806807
0.7875136793958515	0.011038298798459358	0.2014480218056889	6.906906906906907
0.7870711576488423	0.011424612468687508	0.20150422988246997	7.007007007007007
0.7866134157618803	0.011824179770449923	0.20156240446766957	7.107107107107107
0.786139950454889	0.012237436524769947	0.20162261302034076	7.207207207207207
0.7856502434301692	0.012664831409596919	0.20168492516023367	7.307307307307307
0.7851437608566249	0.013106826371304883	0.20174941277207	7.407407407407407
0.7846199529953188	0.013563896933472791	0.2018161500712081	7.507507507507508
0.7840782538161912	0.014036532512383168	0.2018852136714254	7.6076076076076085
0.7835180808219766	0.014525236466272202	0.20195668271175107	7.7077077077077085
0.7829388346837174	0.015030526378188233	0.20203063893809425	7.807807807807809
0.7823398984996146	0.015552934810329612	0.20210716669005563	7.907907907907909
0.7817206375660025	0.016093009406850312	0.20218635302714696	8.008008008008009
0.7810803989673967	0.01665131322082672	0.20226828781177647	8.108108108108109
0.7804185111581611	0.01722842504736635	0.20235306379447238	8.208208208208209
0.7797342837671508	0.017824939555387463	0.20244077667746166	8.308308308308309
0.7790270095185376	0.01844146552219104	0.20253152495927126	8.408408408408409
0.7782959610893946	0.019078628601929076	0.20262541030867628	8.508508508508509
0.7775403910380219	0.019737071341802612	0.2027225376201755	8.608608608608609
0.7767595318898373	0.02041745305552274	0.20282301505463987	8.70870870870871
0.7759525957902029	0.02112045008310067	0.2029269541266963	8.80880880880881
0.7751187741568587	0.021846756049392676	0.20303446979374856	8.90890890890891
0.7742572385389699	0.02259708097519603	0.203145680485834	9.00900900900901
0.7733671412133177	0.023372150636343444	0.2032607081503388	9.10910910910911
0.7724476120241975	0.024172709488254382	0.2033796784875481	9.20920920920921
0.7714977594355101	0.0249995195888593	0.20350272097563057	9.30930930930931
0.7705166703301879	0.025853360709470648	0.2036299689603414	9.40940940940941
0.769503409785897	0.026735030466565415	0.20376155974753754	9.50950950950951
0.7684570210441554	0.027645344266525363	0.2038976346893192	9.60960960960961
0.7673765286150895	0.02858513224163812	0.20403833914327232	9.70970970970971
0.7662609348224086	0.02955524247561673	0.20418382270197455	9.80980980980981
0.7651092195273637	0.03055654117880957	0.2043342392938268	9.90990990990991
0.7639203408999382	0.031589911857526735	0.20448974724253502	10.01001001001001
0.7626932354039264	0.03265625523572998	0.20465050936034362	10.11011011011011
0.7614268177996919	0.03375648915821464	0.20481669304209343	10.21021021021021
0.760119982673651	0.03489154704853058	0.20498847027781836	10.31031031031031
0.758771607287054	0.036062375117754945	0.20516601759519107	10.41041041041041
0.7573805469118251	0.037269936674744784	0.20534951641343005	10.51051051051051
0.7559456370313892	0.038515209943955256	0.20553915302465545	10.61061061061061
0.7544656938929388	0.0397991874401328	0.20573511866692828	10.710710710710712
0.7529395150862231	0.04112287531948411	0.20593760959429275	10.810810810810812
0.7513658814840541	0.04248729148280225	0.20614682703314358	10.910910910910912
0.7497435565085157	0.04389346612030634	0.20636297737117795	11.011011011011012
0.7480712868277338	0.045342440945500294	0.20658627222676584	11.111111111111112
0.746347803379298	0.04683526812725555	0.20681692849344638	11.211211211211213
0.7445718221821138	0.048373009412161064	0.20705516840572508	11.311311311311313
0.742742047839264	0.04995673275018346	0.20730121941055246	11.411411411411413
0.7408571751514692	0.05158751066906285	0.20755531417946785	11.511511511511513
0.7389158865703742	0.053266422502147026	0.2078176909274786	11.611611611611613
0.7369168553599426	0.05499455132308863	0.2080885933169687	11.711711711711713
0.7348587470242586	0.05677298248486445	0.20836827049087686	11.811811811811813
0.7327402215318853	0.05860280143937178	0.20865697702874272	11.911911911911913
0.7305599383192858	0.06048508905874303	0.20895497262197107	12.012012012012013
0.7283165537182931	0.06242092374920092	0.20926252253250588	12.112112112112113
0.7260087240535039	0.06441137847286878	0.20957989747362724	12.212212212212213
0.7236351080856163	0.06645751835159316	0.20990737356279046	12.312312312312313
0.7211943692830655	0.06856039842126282	0.2102452322956716	12.412412412412413
0.7186851811953167	0.07072105866774904	0.21059376013693418	12.512512512512513
0.7161062282336721	0.07294052307001525	0.21095324869631252	12.612612612612613
0.7134562071001341	0.07521979806957206	0.2113239948302937	12.712712712712714
0.710733830686755	0.07755986887326803	0.21170630043997685	12.812812812812814
0.7079378310910708	0.07996169652154216	0.21210047238738694	12.912912912912914
0.7050669637779896	0.08242621403028516	0.21250682219172504	13.013013013013014
0.7021200125531456	0.08495432187197771	0.21292566557487647	13.113113113113114
0.699095789954001	0.08754688707366018	0.2133573229723386	13.213213213213214
0.6959931421440181	0.09020473872650563	0.21380211912947608	13.313313313313314
0.6928109528302236	0.09292866425272306	0.21426038291705304	13.413413413413414
0.6895481472658012	0.09571940563054075	0.21473244710365788	13.513513513513514
0.6862036965386388	0.09857765584564968	0.21521864761571133	13.613613613613614
0.682776621691373	0.10150405446487872	0.2157193238437481	13.713713713713714
0.6792659981464483	0.10449918348264187	0.21623481837090958	13.813813813813814
0.6756709602959478	0.10756356309939298	0.21676547660465897	13.913913913913914
0.6719907062045307	0.11069764730656186	0.2173116464889072	14.014014014014014
0.6682245001157467	0.11390182200784456	0.21787367787640852	14.114114114114114
0.664371677059908	0.11717640078197122	0.21845192215812062	14.214214214214214
0.6604316508014261	0.12052161687719282	0.21904673232138094	14.314314314314315
0.6564039173275216	0.12393762031814731	0.21965846235433098	14.414414414414415
0.6522880599572279	0.12742447320227884	0.22028746684049302	14.514514514514515
0.6480837531420963	0.13098214637831276	0.22093410047959072	14.614614614614615
0.643790760991447	0.13461052162830747	0.22159871738024528	14.714714714714715
0.6394089495623073	0.13830937957259923	0.2222816708650933	14.814814814814815
0.6349382898079204	0.1420783973024404	0.22298331288963893	14.914914914914915
0.6303788616703125	0.14591714483976095	0.22370399348992626	15.015015015015017
0.6257308553401658	0.14982508426623015	0.22444406039360382	15.115115115115117
0.6209945773720443	0.1538015642558972	0.22520385837205828	15.215215215215217
0.6161704562511827	0.1578458151500951	0.225983728598722	15.315315315315317
0.6112590457551508	0.16195694615001968	0.22678400809482935	15.415415415415417
0.606261025321778	0.16613394553725172	0.22760502914097014	15.515515515515517
0.601177198256227	0.17037568305831782	0.22844711868545506	15.615615615615617
0.596008504456394	0.17468089792153405	0.2293105976220718	15.715715715715717
0.5907560198459751	0.17904820000433205	0.2301957801496927	15.815815815815817
0.5854209581154879	0.1834760687519056	0.23110297313260633	15.915915915915917
0.5800046646288476	0.18796285954856007	0.23203247582259215	16.016016016016017
0.5745086259479071	0.19250679525815617	0.2329845787939366	16.116116116116117
0.5689344705642383	0.1971059661543553	0.23395956328140624	16.216216216216218
0.5632839687844103	0.2017583306816594	0.23495770053393003	16.316316316316318
0.5575590269883527	0.20646172153271905	0.23597925147892804	16.416416416416418
0.5517616877799603	0.21121384620530848	0.23702446601473104	16.516516516516518
0.5458941347881845	0.2160122832082844	0.23809358200353095	16.616616616616618
0.5399586886535345	0.2208544865960929	0.23918682475037242	16.716716716716718
0.533957803450509	0.22573779003788302	0.2403044065116078	16.816816816816818
0.5278940582633298	0.23065941529056783	0.24144652644610212	16.916916916916918
0.5217701620601313	0.2356164687527968	0.2426133691870718	17.017017017017018
0.5155889477131484	0.24060594782693118	0.24380510445992012	17.117117117117118
0.509353367329773	0.2456247461269505	0.2450218865432762	17.217217217217218
0.5030664838478957	0.25066966170199195	0.24626385445011215	17.31731731731732
0.4967314680970093	0.25573740102712866	0.24753113087586176	17.41741741741742
0.4903515934320023	0.26082458501068606	0.24882382155731136	17.51751751751752
0.4839302283967686	0.26592775665616786	0.2501420149470633	17.61761761761762
0.47747082999043494	0.2710433878215429	0.2514857821880218	17.71771771771772
0.470976936368422	0.276167886581648	0.2528551770499297	17.81781781781782
0.46445215812258644	0.2812976070846005	0.2542502347928127	17.91791791791792
0.4579001699741077	0.28642885785050803	0.255670972175384	18.01801801801802
0.4513247026290385	0.2915579100845164	0.25711738728644473	18.11811811811812
0.44472953914379293	0.2966810008302488	0.258589460025958	18.21821821821822
0.43811849934577307	0.30179434947149186	0.26008715118273473	18.31831831831832
0.4314954310107692	0.3068941665435928	0.26161040244563766	18.41841841841842
0.42486420024986793	0.3119766633531329	0.2631591363969988	18.51851851851852
0.4182286899795426	0.3170380530940142	0.2647332569264428	18.61861861861862
0.41159278658320014	0.32207456430832443	0.266332649108475	18.71871871871872
0.4049603646248673	0.32708245633612204	0.26795717903901034	18.81881881881882
0.3983352792635506	0.33205802662108086	0.26960669411536814	18.91891891891892
0.3917213604855869	0.3369976162130696	0.27128102330134307	19.01901901901902
0.38512241300644373	0.3418976094519451	0.2729799775416108	19.11911911911912
0.3785421908843015	0.34675445934692084	0.27470334976877725	19.21921921921922
0.37198439293587504	0.3515646917322384	0.27645091533188615	19.31931931931932
0.3654526541587225	0.35632491346157463	0.2782224323797024	19.41941941941942
0.35895054914070734	0.3610318086252635	0.2800176422340287	19.51951951951952
0.35248157556176146	0.365682154552251	0.2818362698859871	19.61961961961962
0.3460491456594688	0.37027282983420456	0.2836780245063261	19.71971971971972
0.33965658106066243	0.3748008190253368	0.28554259991400033	19.81981981981982
0.3333071066129639	0.37926321843156624	0.28742967495546945	19.91991991991992
0.3270038428287352	0.3836572428378655	0.2893389143333989	20.02002002002002
0.32074979982351015	0.3879802310070554	0.2912699691694341	20.12012012012012
0.3145478768994205	0.39222964561189483	0.2932224774886843	20.22022022022022
0.30840085769310105	0.396403077410579	0.2951960648963196	20.32032032032032
0.3023114019593804	0.40049825263413613	0.29719034540648315	20.42042042042042
0.29628204398959124	0.40451303393783256	0.2992049220725758	20.52052052052052
0.290315191381584	0.40844542128288663	0.301239387335529	20.62062062062062
0.2844131210907114	0.412293554850081	0.3032933240592073	20.72072072072072
0.27857797751336033	0.41605571621795	0.30536630626868927	20.82082082082082
0.2728117716577088	0.4197303286078446	0.3074578997344462	20.92092092092092
0.26711638104246493	0.42331595648446085	0.3095676624730739	21.02102102102102
0.2614935483836458	0.4268113057789583	0.3116951458373955	21.12112112112112
0.2559448821717805	0.4302152226736589	0.3138398951545602	21.22122122122122
0.2504718567228549	0.43352669310816994	0.3160014501689748	21.32132132132132
0.24507581350123211	0.4367448406578494	0.3181793458409181	21.421421421421424
0.23975796311466419	0.4398689236600075	0.3203731132253279	21.521521521521525
0.2345193869196322	0.4428983330194711	0.3225822800608962	21.621621621621625
0.22936103729176316	0.4458325915664844	0.324806371141752	21.721721721721725
0.22428374229667705	0.4486713484220077	0.3270449092813148	21.821821821821825
0.21928820859409842	0.4514143754675322	0.3292974159383689	21.921921921921925
0.2143750229964581	0.4540615653140031	0.3315634116895383	22.022022022022025
0.20954465433560582	0.4566129289660793	0.3338424166983144	22.122122122122125
0.20479746109123356	0.45906858727840555	0.3361339516303605	22.222222222222225
0.20013369431445618	0.46142876755812334	0.33843753812742	22.322322322322325
0.19555350027833998	0.4636938004655405	0.34075269925611906	22.422422422422425
0.19105691893325188	0.4658641214167574	0.3430789596499902	22.522522522522525
0.18664389642696463	0.4679402570427511	0.34541584653028373	22.622622622622625
0.18231428761112947	0.469922822347343	0.347762890041527	22.722722722722725
0.17806785985184384	0.4718125164835594	0.35011962366459626	22.822822822822825
0.17390429135990546	0.47361012421367626	0.35248558442641775	22.922922922922925
0.16982318238635585	0.4753165040918392	0.3548603135218045	23.023023023023026
0.16582405932431377	0.4769325840088445	0.35724335666684126	23.123123123123126
0.1619063787013161	0.47845935687282815	0.3596342644258553	23.223223223223226
0.15806952605583224	0.4798978815238142	0.3620325924203531	23.323323323323326
0.15431282450448483	0.481249273785234	0.3644379017102807	23.423423423423426
0.15063554054407174	0.4825147003610879	0.36684975909483986	23.523523523523526
0.14703688743334623	0.48369537522634676	0.3692677373403065	23.623623623623626
0.14351602583984974	0.48479255874787547	0.3716914154122743	23.723723723723726
0.1400720687093769	0.4858075526083627	0.37412037868225984	23.823823823823826
0.13670408829701014	0.4867416925930494	0.37655421910993997	23.923923923923926
0.13341111876340883	0.4875963458315068	0.3789925354050838	24.024024024024026
0.13019215833967052	0.4883729084440706	0.3814349332162584	24.124124124124126
0.12704617141094715	0.4890728032908562	0.3838810252981962	24.224224224224226
0.1239720955951873	0.48969747288211457	0.38633043152269764	24.324324324324326
0.12096884380437088	0.49024837719603476	0.38878277899959385	24.424424424424426
0.11803530691753507	0.4907269908972269	0.39123770218523757	24.524524524524526
0.11517035503568897	0.4911348019048167	0.39369484305949387	24.624624624624627
0.11237284293740844	0.4914733060655549	0.3961538509970362	24.724724724724727
0.10964161213909547	0.49174400502310406	0.3986143828378	24.824824824824827
0.10697549333500098	0.49194840374292226	0.40107610292207624	24.924924924924927
0.10437330782795455	0.4920880089054834	0.40353868326656156	25.025025025025027
0.10183387095793349	0.4921643256749618	0.40600180336710423	25.125125125125127
0.0993559941455484	0.4921788556582394	0.4084651501962117	25.225225225225227
0.09693848683394866	0.49213309497803953	0.4109284181880113	25.325325325325327
0.09458015822678692	0.49202853239952293	0.4133913093736897	25.425425425425427
0.09227981920408662	0.4918666475980435	0.41585353319786944	25.525525525525527
0.09003628400318021	0.49164890957349366	0.41831480642332564	25.625625625625627
0.08784837170217415	0.49137677520686684	0.4207748530909586	25.725725725725727
0.08571490796994577	0.4910516874454611	0.4232334045845927	25.825825825825827
0.08363472628545658	0.49067507420134343	0.42569019951319953	25.925925925925927
0.08160666888374034	0.49024834759626407	0.42814498351999514	26.026026026026027
0.07962958793994789	0.4897729028241584	0.43059750923589324	26.126126126126128
0.07770234718958259	0.48925011650366973	0.4330475363067472	26.226226226226228
0.07582382307707494	0.48868134558173537	0.4354948313411892	26.326326326326328
0.07399290427208757	0.48806792818090733	0.4379391675470046	26.426426426426428
0.07220849287579113	0.4874111824038899	0.4403803247203185	26.526526526526528
0.07046950494672977	0.48671240593962983	0.44281808911363996	26.626626626626628
0.06877487105863182	0.4859728756217848	0.4452522533195829	26.726726726726728
0.06712354029968506	0.48519384297140417	0.44768261672891035	26.826826826826828
0.06551447752046098	0.4843765375862141	0.4501089848933245	26.926926926926928
0.06394666294319828	0.4835221677711418	0.4525311692856595	27.027027027027028
0.062419093292708505	0.4826319193873619	0.4549489873199292	27.127127127127128
0.060930781892616505	0.48170695589487245	0.45736226221251064	27.227227227227228
0.059480759643680464	0.480748417408156	0.4597708229481631	27.32732732732733
0.0580680785457607	0.47975741691637835	0.4621745045378606	27.42742742742743
0.056691806481492225	0.478735046219635	0.46457314729887245	27.52752752752753
0.05535102869278308	0.47768237441364925	0.4669665968935673	27.62762762762763
0.05404484798321851	0.4766004477863647	0.4693547042304165	27.72772772772773
0.05277238454140513	0.47549029013067795	0.47173732532791657	27.82782782782783
0.0515327782007668	0.4743529003936268	0.474114321405606	27.92792792792793
0.05032518861789516	0.47318925259365585	0.4764855587884486	28.02802802802803
0.049148791505912004	0.4720003000401574	0.4788509084539302	28.12812812812813
0.04800278017923559	0.4707869737512411	0.4812102460695229	28.22822822822823
0.04688636528811329	0.46955018284353295	0.4835634518683534	28.32832832832833
0.045798774688041485	0.46829081477383666	0.4859104105381215	28.42842842842843
0.04473925636779786	0.46700973228779885	0.48825101134440296	28.52852852852853
0.043707075119907166	0.46570777709623834	0.49058514778385415	28.62862862862863
0.04270151200540327	0.46438577054278285	0.49291271745181353	28.72872872872873
0.041721864761111775	0.46304451325461754	0.49523362198427034	28.82882882882883
0.04076744745109052	0.4616847856031382	0.49754776694577096	28.92892892892893
0.039837590807827374	0.46030734743184754	0.49985506176032474	29.02902902902903
0.038931643921865114	0.4589129363541174	0.5021554197240171	29.12912912912913
0.03804897062209389	0.45750227166983887	0.5044487577080669	29.22922922922923
0.03718895020155126	0.45607605367872467	0.5067349961197237	29.32932932932933
0.036350977213749525	0.45463496397524433	0.5090140588110058	29.42942942942943
0.03553446109924117	0.4531796659208369	0.5112858729799215	29.52952952952953
0.03473882715998517	0.4517108037026316	0.5135503691373828	29.62962962962963
0.033963516063112334	0.4502290029298708	0.5158074810070165	29.72972972972973
0.033207982004700626	0.44873487263127143	0.5180571453640275	29.82982982982983
0.032471693168580514	0.4472290048470348	0.5202993019843842	29.929929929929934
0.03175413137666456	0.44571197506523724	0.5225338935580978	30.030030030030034
0.031054791831935977	0.444184342560774	0.5247608656072896	30.130130130130134
0.030373184097323244	0.44264664945881993	0.5269801664438565	30.230230230230234
0.029708830405373667	0.44109942254680395	0.529191747047822	30.330330330330334
0.02906126536244415	0.439543173647438	0.5313955609901174	30.430430430430434
0.02843003588115265	0.4379783997545688	0.5335915643642781	30.530530530530534
0.027814700852726724	0.43640558343508806	0.5357797157121849	30.630630630630634
0.027214831109380264	0.4348251929360277	0.5379599759545917	30.730730730730734
0.026630009752512528	0.43323768192027695	0.5401323083272103	30.830830830830834
0.0260598307178976	0.4316434909813757	0.5422966783007264	30.930930930930934
0.025503898880181876	0.43004304760152473	0.5444530535182931	31.031031031031034
0.02496182979712417	0.42843676647167095	0.5466014037312046	31.131131131131134
0.024433249416171803	0.42682504984783654	0.5487417007359914	31.231231231231234
0.023917794220558043	0.4252082874746836	0.5508739183047581	31.331331331331334
0.023415110816635262	0.4235868570551617	0.5529980321282028	31.431431431431434
0.02292485530122352	0.42196112493405535	0.5551140197647207	31.531531531531535
0.02244669321382086	0.4203314462062577	0.5572218605799212	31.631631631631635
0.021980299277177363	0.4186981650307574	0.5593215356920649	31.731731731731735
0.021525357180775313	0.4170616149029885	0.5614130279162359	31.831831831831835
0.021081559708546735	0.4154221186064081	0.5634963216850449	31.931931931931935
0.02064860802968629	0.4137799889374345	0.5655714030328789	32.032032032032035
0.020226211519850962	0.41213552893717764	0.5676382595429711	32.132132132132135
0.019814087595230383	0.41048903210935406	0.5696968802954153	32.232232232232235
0.019411961481922365	0.408840782696238	0.5717472558218394	32.332332332332335
0.019019565988154286	0.4071910559500842	0.5737893780617613	32.432432432432435
0.01863664148258616	0.40554011822236524	0.5758232402950483	32.532532532532535
0.018262935924520645	0.403888227005595	0.5778488370698841	32.632632632632635
0.017898204050576932	0.40223563171047433	0.5798661642389484	32.732732732732735
0.017542207432094722	0.40058257367986017	0.5818752188880448	32.832832832832835
0.01719471429543541	0.3989292864079534	0.5838759992966109	32.932932932932935
0.016855499335021774	0.39727599576379263	0.5858685049011854	33.033033033033036
0.01652434353198506	0.39562292020875484	0.5878527362592598	33.133133133133136
0.01620103404673112	0.39397027099726933	0.5898286949559992	33.233233233233236
0.015885363994123748	0.39231825239096957	0.5917963836149064	33.333333333333336
0.015577132247873266	0.390667061863123	0.5937558058890033	33.433433433433436
0.015276143304302346	0.38901689028857256	0.5957069664071248	33.533533533533536
0.014982207124779302	0.38736792213194005	0.5976498707432804	33.633633633633636
0.014695138982665891	0.3857203356300096	0.5995845253873242	33.733733733733736
0.014414759310143832	0.3840743029850452	0.6015109377048106	33.833833833833836
0.014140893532154024	0.3824299906151871	0.6034291158526586	33.933933933933936
0.013873371958462406	0.38078755920524543	0.6053390688362918	34.034034034034036
0.013612029639250978	0.3791471638998296	0.607240806460919	34.134134134134136
0.013356706230965663	0.3775089544699008	0.6091343392991332	34.234234234234236
0.01310724586918014	0.37587307546446197	0.6110196786663575	34.334334334334336
0.012863497045902337	0.3742396663566867	0.6128968365974106	34.434434434434436
0.012625312418484854	0.37260886179146485	0.6147658257900499	34.53453453453454
0.012392548676653299	0.3709807917485543	0.616626659574792	34.63463463463464
0.012165066555255632	0.3693555814926769	0.618479351952067	34.73473473473474
0.011942730661460484	0.367733351797096	0.6203239175414431	34.83483483483484
0.011725409368157667	0.3661142190709269	0.622160371560915	34.93493493493494
0.011512974711820598	0.3644982954808578	0.6239887298073211	35.03503503503504
0.011305302285131477	0.3628856890802159	0.6258090086346523	35.13513513513514
0.011102270979496672	0.36127650413776696	0.627621224882736	35.23523523523524
0.010903763057580859	0.3596708410286455	0.6294253959137733	35.33533533533534
0.010709664070619955	0.35806879633180605	0.6312215395975737	35.43543543543544
0.010519862729585563	0.3564704629891494	0.6330096742812646	35.53553553553554
0.010334250819589098	0.35487593040761717	0.6347898187727934	35.63563563563564
0.010152723117869134	0.3532852845569179	0.6365619923252126	35.73573573573574
0.009975177268929781	0.3516986081217656	0.6383262146093042	35.83583583583584
0.00980151357023097	0.35011598076772377	0.6400825056620448	35.93593593593594
0.009631635150698351	0.34853747890908826	0.641830885940213	36.03603603603604
0.009465447789102686	0.3469631759336292	0.6435713762772677	36.13613613613614
0.009302859844139621	0.3453931422858605	0.6453039978699995	36.23623623623624
0.009143782185438496	0.3438274455493066	0.6470287722652545	36.33633633633634
0.008988128127317885	0.3422661505254452	0.6487457213472365	36.43643643643644
0.008835813164417568	0.3407093195581188	0.6504548672774632	36.53653653653654
0.008686755039239274	0.33915701244693774	0.6521562325138226	36.63663663663664
0.008540873842650449	0.3376092863199403	0.6538498398374089	36.73673673673674
0.008398091835310205	0.33606619585199593	0.6555357123126935	36.83683683683684
0.008258333391407116	0.3345277933318052	0.6572138732767872	36.93693693693694
0.008121524944794836	0.3329941287260215	0.6588843463291831	37.03703703703704
0.00798759493743532	0.33146524974060676	0.6605471553219574	37.13713713713714
0.007856473770059524	0.32994120187953657	0.6622023243504035	37.23723723723724
0.007728093754955361	0.3284220285009673	0.6638498777440769	37.33733733733734
0.007602389070792741	0.3269077708709804	0.6654898400582264	37.43743743743744
0.007479295469288152	0.32539846852136783	0.6671222360093435	37.53753753753754
0.007358750000204459	0.32389415958503864	0.6687470904147564	37.63763763763764
0.007240691745601913	0.32239487989529364	0.670364428359104	37.73773773773774
0.007125061409040233	0.320900663487735	0.6719742751032243	37.83783783783784
0.007011801250177479	0.31941154267919425	0.6735766560706278	37.93793793793794
0.006900855035297733	0.3179275481272412	0.6751715968374606	38.03803803803804
0.006792167988136593	0.31644870888942417	0.6767591231224388	38.13813813813814
0.006685686740876708	0.31497505248240054	0.6783392607767222	38.23823823823824
0.006581359285185552	0.31350660494111804	0.679912035773696	38.33833833833834
0.006479134923167682	0.31204339087820665	0.6814774741986251	38.43843843843844
0.00637896431690334	0.31058543341566325	0.6830356022674329	38.53853853853854
0.0062807999261303045	0.3091327536134608	0.6845864464604083	38.63863863863864
0.0061845951467232405	0.3076853715824425	0.6861300332708338	38.73873873873874
0.006090304501756245	0.3062433062327915	0.6876663892654518	38.83883883883884
0.005997883676866623	0.3048065752244098	0.689195541098723	38.93893893893894
0.005907289481691441	0.3033751950131968	0.6907175155051113	39.03903903903904
0.00581847981137198	0.30194918089729966	0.6922323392913279	39.13913913913914
0.005731413608034231	0.3005285470634485	0.6937400393285168	39.23923923923924
0.005646050822153522	0.29911330663349006	0.6952406425443559	39.33933933933934
0.005562352373711385	0.2977034717112334	0.6967341759150547	39.43943943943944
0.005480280137821173	0.2962990533984476	0.6982206664637307	39.53953953953954
0.005399797514844222	0.2949000610729202	0.699700141412235	39.63963963963964
0.005320868714746612	0.29350650328997047	0.7011726279952825	39.73973973973974
0.005243458658255471	0.2921183879052239	0.7026381534365201	39.83983983983984
0.005167533149770528	0.29073572185430263	0.7040967449959263	39.93993993993994
0.005093058850783796	0.28935851118442985	0.7055484299647858	40.04004004004004
0.005020003253644208	0.2879867610856298	0.7069932356607255	40.14014014014014
0.004948334655616618	0.2866204759215847	0.7084311894227983	40.24024024024024
0.004878022133184665	0.28525965926020985	0.709862318606605	40.34034034034034
0.004809035516546926	0.2839043139040081	0.7112866505794444	40.44044044044044
0.004741345364255836	0.2825544419202644	0.7127042127154792	40.54054054054054
0.004674923100929529	0.28121004447465653	0.7141150324244135	40.64064064064064
0.004609740948044054	0.2798711219143368	0.7155191371376187	40.74074074074074
0.004545771682716222	0.27853767405839636	0.716916554258887	40.84084084084084
0.004482988751088075	0.2772097000608451	0.7183073111880663	40.94094094094094
0.004421366248721063	0.2758871984339347	0.7196914353173438	41.04104104104104
0.0043608789011845535	0.2745701670712616	0.7210689540275534	41.14114114114114
0.004301502044896025	0.273258603270581	0.7224398946845225	41.24124124124124
0.0042432116081780194	0.2719525037563745	0.7238042846354471	41.34134134134134
0.004185984092496913	0.27065186470221314	0.7251621512052895	41.44144144144144
0.0041297965538485614	0.2693566817529588	0.7265135216931922	41.54154154154154
0.004074626648377941	0.26806694996422425	0.7278584233873973	41.64164164164164
0.004020452727014042	0.2667826636786992	0.7291968835942862	41.74174174174174
0.003967253545432958	0.26550381689814734	0.7305289295564192	41.84184184184184
0.0039150083620157605	0.2642304031554873	0.7318545884824964	41.94194194194194
0.003863696933632228	0.26296241551853927	0.733173887547828	42.04204204204204
0.0038132995019106684	0.2616998466060421	0.7344868538920467	42.14214214214214
0.003763796779770114	0.2604426886033413	0.735793514616888	42.24224224224224
0.0037151699381922088	0.25919093327777465	0.7370938967840327	42.34234234234234
0.003667400593210093	0.2579445719937816	0.7383880274130078	42.44244244244244
0.003620470793091614	0.2567035957277641	0.7396759334791438	42.54254254254254
0.0035743630130244974	0.25546799507531726	0.7409576419116578	42.64264264264264
0.003529060198840393	0.254237760208871	0.7422331795922881	42.74274274274275
0.0034845456717409675	0.25301288097572183	0.7435025733525367	42.84284284284285
0.0034408031341264756	0.25179334689387917	0.7447658499719939	42.94294294294295
0.0033978166696319143	0.25057914715373114	0.7460230361766365	43.04304304304305
0.0033555707324607713	0.24937027063049122	0.7472741586370475	43.14314314314315
0.0033140501368666055	0.24816670589646816	0.7485192439666647	43.24324324324325
0.003273240046763638	0.2469684412331827	0.7497583187200532	43.34334334334335
0.0032331259654475196	0.24577546464335256	0.7509914093911995	43.44344344344345
0.0031936937254074607	0.24458776386276893	0.7522185424118231	43.54354354354355
0.0031549294796027662	0.24340532637040502	0.7534397441499916	43.64364364364365
0.003116819767796168	0.2422281393078029	0.7546550409244003	43.74374374374375
0.003079351436244153	0.24105618957571362	0.7558644589880417	43.84384384384385
0.003042511600978554	0.2398894638780492	0.7570680245209717	43.94394394394395
0.003006287672024462	0.23872794869218072	0.7582657636357942	44.04404404404405
0.0029706673453968584	0.23757163027818476	0.7594577023764177	44.14414414414415
0.002935638595214762	0.23642049468794904	0.7606438667168356	44.24424424424425
0.002901189665919527	0.235274527774154	0.7618242825599258	44.34434434434435
0.0028673090645839595	0.2341337151991458	0.7629989757362696	44.44444444444445
0.0028339855532988787	0.23299804244371705	0.7641679720029835	44.54454454454455
0.002801208141623803	0.23186749481581137	0.7653312970425642	44.64464464464465
0.002768966123397815	0.23074205740422632	0.7664889764723753	44.74474474474475
0.0027372490735107754	0.22962171508196613	0.7676410358445226	44.84484484484485
0.0027060467495491755	0.22850645262754601	0.7687875006229042	44.94494494494495
0.0026753491359108447	0.22739625466964464	0.769928396194444	45.04504504504505
0.0026451464381251483	0.22629110569349975	0.7710637478683745	45.14514514514515
0.0026154290766408376	0.2251909900479643	0.7721935808753942	45.24524524524525
0.002586187680665389	0.22409589195249896	0.7733179203668351	45.34534534534535
0.0025574130820448537	0.22300579550411348	0.7744367914138411	45.44544544544545
0.002529096309173263	0.22192068468427079	0.7755502190065554	45.54554554554555
0.0025012285809206006	0.2208405433657663	0.7766582280533125	45.64564564564565
0.00247380130056838	0.21976535531959607	0.777760843379835	45.74574574574575
0.002446806049741863	0.21869510422182653	0.7788580897284311	45.84584584584585
0.0024202346477460207	0.21762977358262128	0.7799499917696321	45.94594594594595
0.002394079165561904	0.21656934672922723	0.7810365741052102	46.04604604604605
0.0023683317641564777	0.21551380699805323	0.7821178612377897	46.14614614614615
0.002342984772263285	0.2144631376417388	0.7831938775859973	46.24624624624625
0.002318030683583919	0.2134173218321228	0.7842646474842927	46.34634634634635
0.002293462152437665	0.21237634266505725	0.7853301951825045	46.44644644644645
0.002269271989460153	0.21134018316516096	0.7863905448453783	46.54654654654655
0.0022454531573438603	0.21030882629052197	0.7874457205521336	46.64664664664665
0.002221998766613294	0.20928225493735672	0.7884957462960294	46.74674674674675
0.002198902071427694	0.20826045194463536	0.7895406459839364	46.84684684684685
0.0021761564654040875	0.20724340009868086	0.7905804434359145	46.94694694694695
0.0021537554774535353	0.20623108213775163	0.7916151623847942	47.04704704704705
0.0021316927983585	0.205223480720252	0.7926448264813889	47.14714714714715
0.0021099622932426094	0.2042205784096329	0.7936694592971238	47.24724724724725
0.0020885579134292454	0.20322235777832515	0.794689084308245	47.34734734734735
0.0020674737355400362	0.2022288013611332	0.7957037249033262	47.44744744744745
0.002046703959470088	0.20123989165728107	0.7967134043832482	47.54754754754755
0.0020262429051556272	0.2002556111338865	0.7977181459609572	47.64764764764765
0.0020060850093705745	0.19927594222940007	0.7987179727612288	47.74774774774775
0.0019862248225468236	0.19830086735701574	0.7997129078204368	47.84784784784785
0.0019666570056130067	0.19733036890805947	0.800702974086327	47.94794794794795
0.001947376326846521	0.19636442925536135	0.8016881944177915	48.04804804804805
0.0019283776587336022	0.1954030307566186	0.8026685915846472	48.14814814814815
0.0019096559748322168	0.1944461557577548	0.8036441882674124	48.24824824824825
0.0018912063722039403	0.1934937865655312	0.8046150070622643	48.34834834834835
0.0018730240887258405	0.19254590542631483	0.8055810704849588	48.44844844844845
0.0018551044201689062	0.19160249462538428	0.8065424009544463	48.54854854854855
0.0018374427563171483	0.19066353644308132	0.807499020800601	48.64864864864865
0.001820034580200633	0.18972901315532043	0.8084509522644784	48.74874874874875
0.0018028754657733413	0.1887989070359691	0.809398217498257	48.84884884884885
0.001785961075617018	0.18787320035919652	0.8103408385651859	48.94894894894895
0.0017692871586675505	0.18695187540179578	0.8112788374395361	49.04904904904905
0.0017528495479604187	0.18603491444548317	0.8122122360065559	49.14914914914915
0.0017366441583917612	0.18512229977917902	0.8131410560624287	49.24924924924925
0.0017206669844915925	0.18421401370127422	0.8140653193142336	49.34934934934935
0.0017049140982057203	0.18331003852188638	0.8149850473799073	49.44944944944945
0.0016893816603829766	0.18241035654846754	0.8159002617911489	49.54954954954955
0.0016740659334774993	0.18151495006993615	0.8168109839965858	49.64964964964965
0.0016589632307921133	0.1806238014178983	0.817717235351309	49.74974974974975
0.0016440699371250292	0.17973689294112957	0.8186190371217449	49.84984984984985
0.001629382508282248	0.17885420700573085	0.8195164104859863	49.94994994994995
0.001614897469370008	0.17797572599676623	0.8204093765338633	50.050050050050054
0.0016006114131066958	0.17710143231987766	0.8212979562670151	50.150150150150154
0.0015865209981517929	0.17623130840287912	0.8221821705989685	50.250250250250254
0.0015726229474494354	0.17536533669733304	0.823062040355217	50.350350350350354
0.001558914046584159	0.17450349968011236	0.8239375862733029	50.450450450450454
0.0015453911421464091	0.17364577985495078	0.8248088290029022	50.550550550550554
0.0015320511401053856	0.17279215975398407	0.82567578910591	50.650650650650654
0.001518891012541236	0.17194262192968437	0.8265384870577739	50.750750750750754
0.0015059078078176467	0.1710971489428403	0.8273969432493415	50.850850850850854
0.0014930986154588492	0.17025572340259368	0.8282511779819469	50.950950950950954
0.0014804605795999868	0.16941832795065287	0.8291012114697466	51.051051051051054
0.001467990898763179	0.168584945261222	0.8299470638400143	51.151151151151154
0.0014556868245783803	0.1677555580421432	0.8307887551332779	51.251251251251254
0.001443545660518004	0.16693014903602357	0.8316263053034579	51.351351351351354
0.0014315647606435854	0.16610870102134928	0.8324597342180066	51.451451451451454
0.001419741528362741	0.1652911968135886	0.8332890616580481	51.551551551551555
0.0014080734151947034	0.164477619266286	0.8341143073185188	51.651651651651655
0.0013965579195426901	0.16366795127214978	0.834935490808307	51.751751751751755
0.0013851925854713773	0.1628621757641349	0.8357526316503932	51.851851851851855
0.0013739750075797785	0.1620602757087821	0.8365657492836376	51.951951951951955
0.0013629028405977084	0.16126223409355608	0.8373748630658457	52.052052052052055
0.001351973770591561	0.16046803396297069	0.8381799922664372	52.152152152152155
0.0013411855255717785	0.1596776584046457	0.838981156069782	52.252252252252255
0.0013305358756131105	0.158891090548692	0.8397783735756944	52.352352352352355
0.0013200226319112001	0.15810831356844962	0.8405716637996387	52.452452452452455
0.001309643645850952	0.15732931068121264	0.8413610456729359	52.552552552552555
0.001299396808085512	0.15655406514894146	0.8421465380429726	52.652652652652655
0.0012892800476246762	0.1557825602789647	0.8429281596734101	52.752752752752755
0.0012792913309315577	0.15501477942467165	0.8437059292443962	52.852852852852855
0.0012694286610263354	0.15425070598619683	0.8444798653527763	52.952952952952955
0.0012596900765959075	0.15349032341109806	0.8452499865123055	53.053053053053056
0.001250073650091024	0.1527336151965406	0.846016311153368	53.153153153153156
0.0012405775124827826	0.1519805648589788	0.846778857628538	53.253253253253256
0.0012311998043140879	0.151231155992662	0.8475376442030235	53.353353353353356
0.0012219387061752692	0.1504853722322511	0.8482926890615732	53.453453453453456
0.001212792431234279	0.14974319726167243	0.8490440103070929	53.553553553553556
0.0012037592245546238	0.14900461481455693	0.849791625960888	53.653653653653656
0.0011948373624146278	0.14826960867467964	0.8505355539629053	53.753753753753756
0.001186025151628027	0.14753816267639877	0.8512758121719728	53.853853853853856
0.0011773209288658973	0.1468102607050948	0.8520124183660388	53.953953953953956
0.001168723059979914	0.14608588669760933	0.8527453902424104	54.054054054054056
0.0011602299393269437	0.14536502464268372	0.8534747454179888	54.154154154154156
0.0011518399890949685	0.14464765858139791	0.8542005014295067	54.254254254254256
0.001143551662472652	0.14393377260282209	0.8549226757347049	54.354354354354356
0.001135363452212918	0.14322335083295032	0.8556412857148363	54.454454454454456
0.001127273867203692	0.14251637746349166	0.8563563486693042	54.55455455455456
0.0011192814410116833	0.14181283674083145	0.8570678818181565	54.65465465465466
0.001111384732542669	0.1411127129648152	0.8577759023026418	54.75475475475476
0.0011035823254346227	0.1404159904891126	0.8584804271854524	54.85485485485486
0.0010958728274539516	0.13972265372157933	0.8591814734509663	54.95495495495496
0.001088254869894838	0.13903268712461625	0.8598790580054886	55.05505505505506
0.0010807271069816855	0.1383460752155265	0.8605731976774914	55.15515515515516
0.0010732882152746691	0.13766280256687008	0.8612639092178549	55.25525525525526
0.0010659368930783916	0.1369828538068162	0.861951209300105	55.35535535535536
0.0010586718598536438	0.1363062136194933	0.8626351145206527	55.45545545545546
0.0010514918556322704	0.13563286674533648	0.8633156413990308	55.55555555555556
0.0010443956404351399	0.13496279798143296	0.8639928063781315	55.65565565565566
0.0010373819936932193	0.13429599218186494	0.8646666258244414	55.75575575575576
0.0010304497199005403	0.13363243425028495	0.8653371160298141	55.85585585585586
0.0010235976809715526	0.13297210909920143	0.8660042932198266	55.95595595595596
0.0010168247336002733	0.13231500172769647	0.8666681735387028	56.05605605605606
0.0010101297473089532	0.13166109719855273	0.867328773054138	56.15615615615616
0.0010035116105049954	0.13101038063033107	0.8679861077591636	56.25625625625626
0.0009969692300817808	0.13036283719749875	0.8686401935724192	56.35635635635636
0.0009905015310274433	0.12971845213054894	0.8692910463384232	56.45645645645646
0.0009841074560415935	0.129077210716112	0.8699386818278461	56.55655655655656
0.0009777859651599883	0.12843909829705827	0.8705831157377814	56.65665665665666
0.0009715360353871537	0.12780410027259256	0.8712243636920199	56.75675675675676
0.000965356660336951	0.12717220209834032	0.8718624412413224	56.85685685685686
0.0009592468498810956	0.12654338928642517	0.8724973638636934	56.95695695695696
0.0009532056298056215	0.12591764740553832	0.8731291469646557	57.05705705705706
0.0009472320414752962	0.12529496208099955	0.8737578058775248	57.15715715715716
0.0009413251415059821	0.12467531899480966	0.874383355863684	57.25725725725726
0.000935484002418976	0.12405870388450631	0.8750058121130744	57.35735735735736
0.0009297077237605852	0.12344510252925267	0.8756251897469864	57.45745745745746
0.0009239954141973049	0.1228345007713395	0.8762415038144629	57.55755755755756
0.0009183461938459172	0.1222268845130003	0.8768547692931534	57.65765765765766
0.0009127591972783901	0.1216222397124044	0.8774650010903169	57.75775775775776
0.0009072335732923504	0.12102055238359782	0.8780722140431095	57.85785785785786
0.0009017684846910257	0.12042180859643369	0.8786764229188749	57.95795795795796
0.000896363108072659	0.11982599447649252	0.8792776424154345	58.05805805805806
0.0008910166336293922	0.11923309620499224	0.879875887161378	58.15815815815816
0.0008857282649556215	0.11864310001868798	0.880471171716356	58.25825825825826
0.000880497218865822	0.1180559922097616	0.8810635105713722	58.35835835835836
0.0008753227252218448	0.11747175912570094	0.8816529181490769	58.45845845845846
0.0008702040267696825	0.116890387169169	0.882239408804061	58.55855855855856
0.0008651403789857071	0.1163118627978626	0.8828229968231514	58.65865865865866
0.0008601310499323778	0.1157361725243611	0.8834036964257062	58.75875875875876
0.0008551753196485804	0.11516330291654839	0.8839815217638027	58.85885885885886
0.0008502724641722547	0.11459324061692851	0.8845564869188989	58.95895895895896
0.0008454217750481616	0.11402597231831937	0.8851286059066321	59.05905905905906
0.0008406225616419613	0.11346148476068489	0.8856978926776728	59.15915915915916
0.0008358741443150702	0.11289976473920346	0.8862643611164811	59.25925925925926
0.0008311758542663164	0.11234079910414235	0.886828025041591	59.35935935935936
0.0008265270333809166	0.11178457476072427	0.8873888982058945	59.45945945945946
0.0008219270340867755	0.11123107866898653	0.8879469942969264	59.55955955955956
0.0008173752192181064	0.11068029784363242	0.8885023269371491	59.65965965965966
0.0008128709618863741	0.1101322193538752	0.8890549096842381	59.75975975975976
0.0008084136453585587	0.10958683032327422	0.8896047560313669	59.85985985985987
0.0008040026629427433	0.10904411792956387	0.8901518794074931	59.95995995995997
0.0007996374178810202	0.10850406940447431	0.8906962931776443	60.06006006006007
0.0007953173232497216	0.10796667203354521	0.8912380106432047	60.16016016016017
0.0007910418018669714	0.10743191315593152	0.8917770450422012	60.26026026026027
0.0007868102861633133	0.10689978016425424	0.8923134095495822	60.36036036036037
0.0007826222044547141	0.10637026052055523	0.8928471172749898	60.46046046046047
0.0007784769926881594	0.10584334174208715	0.8933781812652244	60.56056056056057
0.0007743741043142844	0.10531901138932206	0.8939066145063633	60.66066066066067
0.0007703130011843373	0.10479725707643385	0.8944324299223815	60.76076076076077
0.00076629315343196	0.10427806647114088	0.8949556403754269	60.86086086086087
0.0007623140393601703	0.10376142729454382	0.8954762586660957	60.96096096096097
0.0007583751453335413	0.10324732732095838	0.8959942975337077	61.06106106106107
0.0007544759656755817	0.10273575437774275	0.8965097696565814	61.16116116116117
0.0007506160025713163	0.10222669634512022	0.8970226876523082	61.26126126126127
0.0007467947659750643	0.10172014115599652	0.8975330640780281	61.36136136136137
0.0007430117735234185	0.1012160767957722	0.8980409114307041	61.46146146146147
0.000739266550453424	0.10071449130214982	0.8985462421473964	61.56156156156157
0.0007355586295259559	0.10021537276493615	0.8990490686055376	61.66166166166167
0.0007318875509542969	0.09971870932583922	0.8995494031232062	61.76176176176177
0.0007282528623379148	0.09922448917826031	0.9000472579594014	61.86186186186187
0.0007246541111292763	0.09873270057626	0.9005426453126104	61.96196196196197
0.0007210908464671937	0.0982433318320192	0.9010355773215133	62.06206206206207
0.0007175626323402029	0.09775637129938329	0.9015260660682761	62.16216216216217
0.0007140690392492632	0.09727180738381981	0.9020141235769306	62.26226226226227
0.0007106096440690396	0.09678962854230606	0.9024997618136246	62.36236236236237
0.0007071840299610789	0.09630982328315418	0.9029829926868844	62.46246246246247
0.0007037917862906485	0.09583238016583308	0.903463828047876	62.56256256256257
0.0007004325085472386	0.09535728780078712	0.9039422796906653	62.66266266266267
0.0006971057982687256	0.09488453484925165	0.9044183593524793	62.76276276276277
0.0006938112629691996	0.09441411002306536	0.904892078713965	62.86286286286287
0.000690548516070454	0.09394600208447937	0.9053634493994498	62.96296296296297
0.0006873171768371375	0.09348019984596309	0.9058324829771994	63.06306306306307
0.0006841168703155697	0.09301669217000709	0.906299190959677	63.16316316316317
0.000680947227276218	0.09255546796892251	0.9067635848038009	63.26326326326327
0.0006778078841598385	0.09209651620463746	0.9072256759112023	63.36336336336337
0.0006746984794318069	0.0916398258928044	0.9076854756277635	63.46346346346347
0.0006716186511033558	0.09118538610550846	0.9081429952433879	63.56356356356357
0.0006685680485051425	0.09073318595687563	0.9085982459946189	63.66366366366367
0.0006655463262381273	0.09028321461006758	0.909051239063694	63.76376376376377
0.000662553143849266	0.0898354612774085	0.909501985578742	63.86386386386387
0.0006595881657646591	0.08938991522020426	0.9099504966140307	63.96396396396397
0.000656651061225319	0.08894656574855951	0.9103967831902149	64.06406406406407
0.0006537415042255608	0.08850540222119296	0.9108408562745811	64.16416416416416
0.0006508591734540105	0.08806641404525052	0.9112827267812952	64.26426426426427
0.0006480037522372387	0.08762959067611692	0.9117224055716455	64.36436436436436
0.0006451749284860091	0.08719492161722463	0.9121599034542891	64.46446446446447
0.0006423723946441546	0.08676239641986179	0.9125952311854938	64.56456456456456
0.0006395958476400673	0.08633200468297722	0.9130283994693824	64.66466466466467
0.0006368449888408156	0.08590373605298443	0.9134594189581744	64.76476476476476
0.0006341195240088764	0.08547758022356268	0.9138883002524282	64.86486486486487
0.0006314191600206335	0.08505352693910662	0.9143150539008724	64.96496496496496
0.0006287435985464297	0.08463156600159741	0.9147396903998558	65.06506506506507
0.0006260925543666895	0.0842116872497337	0.9151622201958992	65.16516516516516
0.0006234657472008511	0.08379388056788933	0.9155826536849094	65.26526526526527
0.0006208629007126828	0.08337813588699176	0.9160010012122952	65.36536536536536
0.0006182837424701349	0.08296444318432568	0.9164172730732039	65.46546546546547
0.000615728003907568	0.08255279248333595	0.9168314795127561	65.56556556556556
0.0006131954202903435	0.08214317385342791	0.9172436307262813	65.66566566566567
0.0006106857306817877	0.08173557740976689	0.917653736859551	65.76576576576576
0.0006081986779125192	0.0813299933130753	0.9180618080090118	65.86586586586587
0.0006057340085521515	0.08092641176942876	0.9184678542220187	65.96596596596596
0.0006032914728833563	0.08052482303004985	0.9188718854970664	66.06606606606607
0.0006008708248783031	0.080125217391101	0.9192739117840203	66.16616616616616
0.0005984718221774606	0.07972758519347481	0.9196739429843473	66.26626626626627
0.0005960942260707722	0.07933191682258366	0.9200719889513452	66.36636636636636
0.0005937378014811951	0.0789382027081467	0.9204680594903717	66.46646646646647
0.0005914023169506132	0.07854643332397619	0.9208621643590729	66.56656656656656
0.0005890875446281125	0.07815659918776105	0.9212543132676104	66.66666666666667
0.0005867932602606316	0.07776869086084993	0.9216445158788891	66.76676676676676
0.0005845192431859738	0.0773826989480315	0.9220327818087821	66.86686686686687
0.0005822652763281951	0.07699861409731408	0.9224191206263573	66.96696696696696
0.0005800311461953536	0.0766164269997027	0.9228035418541016	67.06706706706707
0.0005778166428796333	0.07623612838897531	0.9231860549681447	67.16716716716716
0.0005756215587402804	0.07585770904295655	0.9235666693983028	67.26726726726727
0.0005734456551972194	0.07548115982104203	0.9239453945237605	67.36736736736736
0.0005712887100150296	0.075106471610229	0.9243222396797557	67.46746746746747
0.0005691505175554619	0.07473363532460982	0.9246972141578343	67.56756756756756
0.0005670308749327935	0.07436264192088994	0.9250703272041769	67.66766766766767
0.0005649295819878364	0.07399348239820006	0.9254415880198118	67.76776776776777
0.0005628464412634938	0.07362614779790658	0.9258110057608296	67.86786786786787
0.0005607812579818773	0.0732606292034223	0.9261785895385954	67.96796796796797
0.0005587338400229733	0.0728969177400155	0.9265443484199613	68.06806806806807
0.0005567039979048701	0.07253500457461898	0.9269082914274758	68.16816816816817
0.0005546915447655336	0.07217488091563781	0.9272704275395963	68.26826826826827
0.0005526962963461423	0.07181653801275686	0.9276307656908966	68.36836836836838
0.0005507180709759753	0.07145996715674716	0.9279893147722765	68.46846846846847
0.0005487566895588532	0.0711051596792716	0.9283460836311692	68.56856856856858
0.0005468119755611385	0.07075210695269031	0.9287010810717482	68.66866866866867
0.0005448837550012846	0.07040080038986456	0.9290543158551339	68.76876876876878
0.0005429718564409457	0.07005123144396076	0.929405796699598	68.86886886886887
0.000541076110977635	0.06970339160825288	0.9297555322807691	68.96896896896898
0.0005391963522389446	0.06935727241592497	0.9301035312318358	69.06906906906907
0.0005373324163783132	0.0690128654398721	0.9304498021437493	69.16916916916918
0.0005354841420723543	0.06867016229250143	0.9307943535654258	69.26926926926927
0.0005336513705197345	0.06832915462553163	0.9311371940039483	69.36936936936938
0.0005318339454416105	0.0679898341297925	0.9314783319247656	69.46946946946947
0.0005300317130836174	0.06765219253502293	0.9318177757518932	69.56956956956958
0.000528244509992141	0.0673162216226938	0.9321555338673136	69.66966966966967
0.000526472160292228	0.06698191322870957	0.9324916146109978	69.76976976976978
0.0005247145103449397	0.06664925920629411	0.9328260262833605	69.86986986986987
0.0005229714090126104	0.06631825144681643	0.9331587771441706	69.96996996996998
0.0005212427070832167	0.06598888188020939	0.933489875412707	70.07007007007007
0.0005195282572527574	0.0656611424747941	0.9338193292679527	70.17017017017018
0.0005178279141086128	0.06533502523710502	0.934147146848786	70.27027027027027
0.0005161415341138793	0.06501052221171412	0.9344733362541716	70.37037037037038
0.0005144689755926851	0.06468762548105571	0.9347979055433512	70.47047047047047
0.0005128100987164792	0.06436632716525036	0.9351208627360328	70.57057057057058
0.0005111647654913019	0.0640466194219295	0.9354422158125788	70.67067067067067
0.0005095328397460299	0.06372849444605914	0.9357619727141945	70.77077077077078
0.0005079141871216017	0.06341194446976411	0.9360801413431139	70.87087087087087
0.0005063086750612174	0.06309696176215161	0.9363967295627867	70.97097097097098
0.0005047161728015203	0.06278353862913522	0.9367117451980629	71.07107107107107
0.0005031365513647507	0.062471667413258096	0.9370251960353768	71.17117117117118
0.0005015696835518833	0.06216134049351688	0.9373370898229308	71.27127127127127
0.000500015443936737	0.061852550285184604	0.9376474342708783	71.37137137137138
0.0004984737088610658	0.06154528923963425	0.9379562370515043	71.47147147147147
0.000496944356430625	0.06123954984416154	0.9382635057994074	71.57157157157158
0.000495427266512217	0.06093532462180819	0.9385692481116792	71.67167167167167
0.0004939223207317127	0.06063260613118446	0.9388734715480834	71.77177177177178
0.0004924294024730529	0.06033138696629217	0.9391761836312345	71.87187187187187
0.0004909483950194921	0.060031659758141655	0.9394773918468384	71.97197197197198
0.0004894791674436079	0.05973341718819915	0.9397771036443568	72.07207207207207
0.00048802160055613645	0.05943665196315619	0.9400753264362872	72.17217217217218
0.0004865755802235505	0.059141356821207115	0.9403720675985688	72.27227227227228
0.0004851409936915609	0.058847524535424384	0.9406673344708836	72.37237237237238
0.0004837177295720111	0.05855514791359817	0.9409611343568294	72.47247247247248
0.000482305677830385	0.05826421979807568	0.9412534745240935	72.57257257257258
0.0004809047297739343	0.05797473306560119	0.9415443622046245	72.67267267267268
0.0004795147780404182	0.057686680627155804	0.9418338045948034	72.77277277277278
0.00047813571658746295	0.05740005542779793	0.9421218088556141	72.87287287287288
0.00047676744068253485	0.0571148504465035	0.9424083821128135	72.97297297297298
0.00047540984689353153	0.056831058696006936	0.9426935314570991	73.07307307307308
0.0004740628330799872	0.05654867322264177	0.9429772639442778	73.17317317317318
0.00047272629838489695	0.05626768710618205	0.9432595865954326	73.27327327327328
0.00047140014322715417	0.055988093459683475	0.943540506397089	73.37337337337338
0.0004700842692946069	0.055709885429325236	0.9438200303013797	73.47347347347348
0.00046877857953772807	0.055433056194251526	0.9440981652262103	73.57357357357358
0.0004674829781639042	0.055157598966413944	0.9443749180554217	73.67367367367368
0.0004661973706323379	0.0548835069904134	0.9446502956389539	73.77377377377378
0.00046492166364956914	0.05461077354334295	0.944924304793007	73.87387387387388
0.00046365576516560985	0.0543393919346302	0.9451969523002037	73.97397397397398
0.00046239958437069805	0.05406935550588056	0.9454682449097483	74.07407407407408
0.00046115303169266456	0.05380065763072013	0.9457381893375868	74.17417417417418
0.00045991601879491944	0.05353329171463937	0.9460067922665653	74.27427427427428
0.000458688451608259	0.05326725120107239	0.9462740603473189	74.37437437437438
0.0004574702355671359	0.05300252956655345	0.946540000197879	74.47447447447448
0.0004562612833587846	0.05273912031362436	0.9468046184030164	74.57457457457458
0.00045506150867247197	0.05247701697627451	0.9470679215150526	74.67467467467468
0.0004538708261896992	0.05221621311979482	0.9473299160540151	74.77477477477478
0.00045268915157483286	0.0519567023406327	0.947590608507792	74.87487487487488
0.00045151640146613015	0.05169847826624682	0.9478500053322866	74.97497497497498
0.00045035249346716356	0.051441534554962885	0.9481081129515695	75.07507507507508
0.00044919734613863905	0.051185864895829256	0.9483649377580317	75.17517517517518
0.00044805087899061377	0.05093146300847359	0.9486204861125354	75.27527527527528
0.0004469130124751076	0.050678322642959316	0.9488747643445651	75.37537537537538
0.00044578366797911375	0.05042643757964309	0.9491277787523773	75.47547547547548
0.0004446627678180037	0.05017580162903212	0.9493795356031495	75.57557557557558
0.0004435502352293306	0.049926408631642466	0.9496300411331278	75.67567567567568
0.0004424459943670277	0.04967825245785725	0.9498793015477752	75.77577577577578
0.0004413499702960047	0.049431327007785755	0.9501273230219178	75.87587587587588
0.00044026208898713924	0.04918562621112246	0.95037411169989	75.97597597597598
0.00043918227731266674	0.04894114402700706	0.9506196736956798	76.07607607607608
0.00043811046304196454	0.0486978744438843	0.9508640150930733	76.17617617617618
0.00043704657483773515	0.04845581147936481	0.951107141945797	76.27627627627628
0.0004359905422525837	0.04821494918008585	0.9513490602776611	76.37637637637638
0.0004349422957259939	0.04797528162157295	0.9515897760827006	76.47647647647648
0.0004339017665816989	0.04773680290810149	0.9518292953253163	76.57657657657658
0.0004328688855979608	0.04749950717328456	0.952067623941117	76.67667667667668
0.000431843579078799	0.04726338858193068	0.9523047678389901	76.77677677677679
0.0004308257787538124	0.04702844132487622	0.9525407328963695	76.87687687687688
0.0004298154177590216	0.04679465962089026	0.9527755249613503	76.97697697697699
0.00042881242996306975	0.046562037716880875	0.9530091498531557	77.07707707707708
0.0004278167499603205	0.04633056988776262	0.9532416133622766	77.17717717717719
0.00042682831306422225	0.04610025043632502	0.9534729212506103	77.27727727727728
0.00042584705530093346	0.045871073693101026	0.9537030792515976	77.37737737737739
0.0004248729134032131	0.045643034016236504	0.9539320930703599	77.47747747747748
0.0004239058248045723	0.04541612579135965	0.9541599683838353	77.57757757757759
0.00042294572763369194	0.045190343431451514	0.9543867108409143	77.67767767767768
0.00042199256070910046	0.044965681376716325	0.9546123260625742	77.77777777777779
0.0004210462635341181	0.044742134094453025	0.9548368196420124	77.87787787787788
0.0004201067762920618	0.04451969607892662	0.9550601971447809	77.97797797797799
0.00041917403984171524	0.0442983618512406	0.9552824641089173	78.07807807807808
0.0004182479957130609	0.04407812595920934	0.9555036260450771	78.17817817817819
0.00041732858610327655	0.043858982977231495	0.9557236884366648	78.27827827827828
0.00041641575387299376	0.04364092750616336	0.9559426567399631	78.37837837837839
0.00041550944254282134	0.04342395417319325	0.9561605363842635	78.47847847847848
0.0004146095962901299	0.043208057631715854	0.9563773327719935	78.57857857857859
0.0004137161599461023	0.04299323256120757	0.9565930512788459	78.67867867867868
0.00041282907899304493	0.04277947366710187	0.9568076972539047	78.77877877877879
0.00041194829956196424	0.04256677568066561	0.9570212760197719	78.87887887887888
0.00041107376834823825	0.04235513335890389	0.9572337928727475	78.97897897897899
0.00041020542912686877	0.04214454148564801	0.9574452530852247	79.07907907907908
0.0004093432272707073	0.041934994869861686	0.9576556619028672	79.17917917917919
0.00040848711040428665	0.04172648834529159	0.9578650245443037	79.27927927927928
0.0004076370266996321	0.04151901677093762	0.9580733462023623	79.37937937937939
0.000406792924871088	0.04131257503093365	0.9582806320441948	79.47947947947948
0.0004059547541703179	0.041107158034428354	0.9584868872114009	79.57957957957959
0.0004051224643814834	0.040902760715467	0.9586921168201511	79.67967967967968
0.0004042960058165956	0.04069937803287331	0.9588963259613097	79.77977977977979
0.00040347532931104516	0.04049700497013228	0.9590995197005563	79.87987987987988
0.0004026603862193061	0.04029563653527309	0.9593017030785072	79.97997997997999
0.00040185112841081735	0.040095267760752985	0.9595028811108357	80.08008008008008
0.0004010475082660378	0.039895893703341206	0.9597030587883923	80.18018018018019
0.00040024947867267976	0.03969750944400391	0.959902241077323	80.28028028028028
0.0003994569930221158	0.039500110087789156	0.9601004329191883	80.38038038038039
0.00039867000520596354	0.039303690763712845	0.9602976392310808	80.48048048048048
0.0003978884696128444	0.03910824662464479	0.960493864905742	80.58058058058059
0.00039711234112531964	0.038913772847195646	0.9606891148116786	80.68068068068068
0.00039634157511700136	0.03872026463160404	0.9608833937932785	80.78078078078079
0.00039557612744983977	0.03852771720162456	0.9610767066709252	80.88088088088088
0.00039481595447158566	0.03833612580441591	0.9612690582411121	80.98098098098099
0.00039406101301342976	0.038145485710429944	0.9614604532765562	81.08108108108108
0.0003933112603878166	0.03795579221330085	0.9616508965263109	81.18118118118119
0.0003925666543864356	0.03776704062973524	0.9618403927158778	81.28128128128128
0.000391827151759557	0.03757922629925789	0.9620289465489822	81.38138138138139
0.0003910927073500079	0.03739234458402064	0.962216562708629	81.48148148148148
0.0003903632794902149	0.037206390869207205	0.9624032458513022	81.58158158158159
0.00038963882707181374	0.03702136056264674	0.9625890006102811	81.68168168168168
0.00038891930940564476	0.03683724909469289	0.9627738315959011	81.78178178178179
0.0003882046862189127	0.03665405191811685	0.9629577433956639	81.88188188188188
0.0003874949176524918	0.036471764508000534	0.9631407405743466	81.98198198198199
0.0003867899642583783	0.0362903823616306	0.9633228276741107	82.08208208208208
0.00038608978699728797	0.03610990099839273	0.9635040092146097	82.18218218218219
0.0003853943472364019	0.03593031595966663	0.9636842896930966	82.28228228228228
0.0003847036067472563	0.03575162280872136	0.9638636735845311	82.38238238238239
0.00038401752770378096	0.03557381713061142	0.9640421653416844	82.48248248248248
0.0003833360726804821	0.03539689453207303	0.9642197693952461	82.58258258258259
0.00038265920465077325	0.03522085064142132	0.9643964901539276	82.68268268268268
0.00038198688698545087	0.035045681108447614	0.9645723320045666	82.78278278278279
0.000381319083451318	0.03487138160431768	0.9647472993122307	82.88288288288288
0.00038065575820995254	0.03469794782147001	0.9649213964203197	82.98298298298299
0.0003799968758166236	0.03452537547351512	0.9650946276506679	83.08308308308308
0.00037934240121935257	0.034353660295134925	0.9652669973036454	83.18318318318319
0.00037869229975812205	0.03418279804198297	0.9654385096582586	83.28328328328328
0.0003780465371642297	0.03401278449058492	0.9656091689722505	83.38338338338339
0.0003774050795597899	0.0338436154382398	0.9657789794822	83.48348348348348
0.00037676789345738026	0.03367528670292151	0.9659479454036207	83.58358358358359
0.00037613494575983603	0.033507794123181125	0.9661160709310587	83.68368368368368
0.00037550620376018923	0.03334113355804943	0.9662833602381901	83.78378378378379
0.00037488163514175584	0.033175300886940255	0.9664498174779177	83.88388388388388
0.0003742612079783677	0.03301029200955404	0.9666154467824672	83.98398398398399
0.0003736448907347523	0.03284610284578225	0.9667802522634826	84.08408408408408
0.00037303265226705734	0.03268272933561191	0.9669442380121207	84.18418418418419
0.0003724244618235234	0.03252016743903107	0.9671074080991451	84.28428428428428
0.0003718202882456091	0.0323584131356484	0.9672697665761056	84.38438438438439
0.00037122009352635546	0.03219746242229535	0.9674313174841779	84.48448448448448
0.00037062384483218445	0.03203731131723219	0.9675920648379353	84.58458458458459
0.00037003151141910384	0.03187795585895213	0.9677520126296284	84.68468468468468
0.0003694430628364023	0.031719392105446	0.9679111648317172	84.78478478478479
0.00036885846892443223	0.03156161613410944	0.9680695253969658	84.88488488488488
0.00036827769981247785	0.03140462404165028	0.9682270982585368	84.98498498498499
0.0003677007259167124	0.031248411943996707	0.9683838873300862	85.08508508508508
0.00036712751793824104	0.031092975976205615	0.9685398965058558	85.18518518518519
0.0003665580468612315	0.0309383122923718	0.9686951296607665	85.28528528528528
0.00036599228395113153	0.03078441706553728	0.9688495906505112	85.38538538538539
0.00036543020075297444	0.03063128648760146	0.9690032833116452	85.4854854854855
0.0003648717690897703	0.030478916769231576	0.9691562114616783	85.58558558558559
0.00036431696106098524	0.030327304139773623	0.969308378899165	85.6856856856857
0.00036376574904110816	0.030176444847164	0.9694597894037945	85.78578578578579
0.0003632181056783035	0.030026335157841328	0.96961044673648	85.8858858858859
0.0003626740038931523	0.02987697135665912	0.9697603546394473	85.98598598598599
0.0003621334168774795	0.02972834974679859	0.9699095168363235	86.0860860860861
0.00036159631809326906	0.029580466649682308	0.970057937032224	86.18618618618619
0.0003610626812716657	0.029433318404888005	0.9702056189138399	86.2862862862863
0.0003605324804120643	0.02928690137006322	0.9703525661495244	86.38638638638639
0.0003600056897812857	0.029141211920840102	0.9704987823893783	86.4864864864865
0.0003594822839128407	0.028996246450751058	0.9706442712653357	86.58658658658659
0.0003589622376062801	0.02885200137114453	0.9707890363912488	86.6866866866867
0.0003584455259266326	0.02870847311110164	0.9709330813629713	86.78678678678679
0.0003579321242039295	0.028565658117352982	0.9710764097584427	86.8868868868869
0.0003574220080328172	0.028423552854196232	0.9712190251377706	86.98698698698699
0.0003569151532722552	0.028282153803413944	0.9713609310433134	87.0870870870871
0.0003564115360453038	0.02814145746419217	0.9715021309997621	87.18718718718719
0.00035591113273899605	0.028001460353039215	0.9716426285142215	87.2872872872873
0.0003554139200027038	0.027862159003703174	0.9717824270762938	87.38738738738739
0.0003549198719035217	0.02772354996335543	0.9719215301647407	87.4874874874875
0.00035442896252532415	0.027585629795924736	0.9720599412415496	87.58758758758759
0.0003539411685227129	0.02744839508537216	0.9721976637461047	87.6876876876877
0.00035345646676193145	0.027311842432513764	0.972334701100724	87.78778778778779
0.00035297483431933263	0.02717596845493982	0.9724710567107405	87.8878878878879
0.00035249624847990424	0.02704076978693484	0.9726067339645849	87.98798798798799
0.00035202068673584997	0.0269062430793977	0.9727417362338661	88.0880880880881
0.0003515481267852281	0.02677238499976258	0.9728760668734519	88.18818818818819
0.0003510785465306461	0.026639192231920024	0.9730097292215489	88.2882882882883
0.0003506119240780123	0.02650666147613875	0.9731427265997828	88.38838838838839
0.00035014823773534405	0.026374789448987662	0.9732750623132767	88.4884884884885
0.00034968746601163277	0.026243572883258563	0.9734067396507294	88.58858858858859
0.0003492295876157653	0.026113008527889066	0.9735377618844948	88.6886886886887
0.0003487745814555023	0.02598309314788623	0.973668132270658	88.78878878878879
0.000348322426636513	0.02585382352425039	0.9737978540491128	88.8888888888889
0.00034787310246146705	0.025725196453899705	0.9739269304436384	88.988988988989
0.0003474265884291823	0.025597208749594893	0.9740553646619756	89.0890890890891
0.00034698286423383014	0.025469857239864693	0.9741831598959011	89.1891891891892
0.0003465419097641966	0.025343138768931517	0.974310319321304	89.2892892892893
0.00034610370510300127	0.025217050196637832	0.9744368460982588	89.3893893893894
0.00034566823052627134	0.02509158839837271	0.9745627433711006	89.4894894894895
0.000345235466502774	0.024966750264999137	0.9746880142684977	89.5895895895896
0.0003448053936935039	0.024842532702781465	0.9748126619035247	89.6896896896897
0.00034437799295122877	0.02471893263331364	0.9749366893737348	89.7897897897898
0.00034395324532009045	0.024595946993447578	0.975060099761232	89.8898898898899
0.0003435311320352634	0.02447357273522228	0.9751828961327421	89.98998998999
0.0003431116345226695	0.024351806825793146	0.9753050815396839	90.0900900900901
0.0003426947343987497	0.024230646247361983	0.9754266590182389	90.1901901901902
0.0003422804134702921	0.024110087997107253	0.9755476315894221	90.2902902902903
0.00034186865373431717	0.023990129087114984	0.9756680022591503	90.3903903903904
0.00034145943658661724	0.023870766542598676	0.9757877740208144	90.4904904904905
0.0003410527414901309	0.02375199739895179	0.9759069498595577	90.5905905905906
0.00034064855027018416	0.02363381871096724	0.9760255327387622	90.6906906906907
0.00034024684511657475	0.02351622754844985	0.9761435256064332	90.7907907907908
0.0003398476083721328	0.02339922099569174	0.9762609313959357	90.8908908908909
0.0003394508225316001	0.023282796151403103	0.9763777530260649	90.990990990991
0.0003390564702405447	0.023166950128643136	0.976493993401116	91.0910910910911
0.00033866453429431113	0.023051680054751597	0.9766096554109537	91.1911911911912
0.00033827499763700595	0.022936983071280573	0.976724741931082	91.2912912912913
0.00033788784336051964	0.022822856333926885	0.9768392558227122	91.3913913913914
0.0003375030547035832	0.022709297012464644	0.9769531999328314	91.4914914914915
0.0003371206150508612	0.022596302290678483	0.9770665770942702	91.5915915915916
0.00033674050793207935	0.022483869366296955	0.9771793901257706	91.6916916916917
0.0003363627170211892	0.022371995450926576	0.9772916418320519	91.7917917917918
0.0003359872261355668	0.02226067776998604	0.977403335003878	91.8918918918919
0.0003356140192352482	0.022149913562641083	0.9775144724181233	91.991991991992
0.00033524308042219987	0.022039700081739527	0.977625056837838	92.0920920920921
0.0003348743939396252	0.021930034593746976	0.977735091012313	92.1921921921922
0.00033450794417130586	0.021820914378682662	0.9778445776771457	92.2922922922923
0.0003341437156409799	0.02171233673005597	0.9779535195543027	92.3923923923924
0.0003337816930117543	0.021604298954803106	0.9780619193521848	92.4924924924925
0.00033342186108555375	0.021496798373224452	0.9781697797656896	92.5925925925926
0.000333064204802605	0.021389832318922053	0.978277103476275	92.6926926926927
0.0003327087092409568	0.021283398138737777	0.9783838931520209	92.7927927927928
0.00033235535961603503	0.021177493192691656	0.9784901514476919	92.8928928928929
0.0003320041412802342	0.02107211485392084	0.9785958810047986	92.992992992993
0.00033165503972254365	0.020967260508618767	0.9787010844516584	93.0930930930931
0.00033130804056821024	0.020862927555974953	0.9788057644034565	93.1931931931932
0.00033096312957843607	0.020759113408114965	0.9789099234623062	93.2932932932933
0.0003306202926501119	0.020655815490041047	0.9790135642173085	93.3933933933934
0.00033027951573040847	0.02055303123924899	0.9791166892450203	93.4934934934935
0.00032994078342705205	0.020450758100385526	0.979219301116187	93.5935935935936
0.0003296040812283678	0.020348993533632856	0.9793214023851384	93.6936936936937
0.00032926939525088197	0.020247735013691596	0.9794229955910572	93.7937937937938
0.0003289367117245954	0.020146980027766166	0.9795240832605089	93.8938938938939
0.0003286060169921556	0.020046726075504912	0.9796246679075026	93.993993993994
0.00032827729750805246	0.019946970668940387	0.9797247520335512	94.0940940940941
0.0003279505398378373	0.01984771133243021	0.9798243381277316	94.1941941941942
0.0003276257306573651	0.01974894560259808	0.9799234286667442	94.2942942942943
0.0003273028567520606	0.019650671028275356	0.9800220261149722	94.3943943943944
0.00032698190501620743	0.019552885170442805	0.9801201329245406	94.4944944944945
0.0003266628624522607	0.019455585602172903	0.9802177515353745	94.5945945945946
0.0003263457161701829	0.019358769908572323	0.9803148843752572	94.6946946946947
0.00032603045338680395	0.019262435686724966	0.9804115338598879	94.7947947947948
0.00032571706142520314	0.019166580545635165	0.9805077023929393	94.8948948948949
0.00032540552771411624	0.01907120210617146	0.980603392366114	94.994994994995
0.0003250958397873646	0.018976298001010517	0.9806986061592018	95.0950950950951
0.00032478798528330866	0.01888186587458165	0.9807933461401347	95.1951951951952
0.0003244819519443238	0.01878790338301146	0.9808876146650438	95.2952952952953
0.0003241777276163011	0.018694408194069076	0.9809814140783143	95.3953953953954
0.0003238753002481698	0.01860137798711154	0.98107474671264	95.4954954954955
0.00032357465789144437	0.018508810453029767	0.9811676148890784	95.5955955955956
0.00032327578869979453	0.018416703294194675	0.9812600209171052	95.6956956956957
0.000322978680928639	0.01832505422440385	0.9813519670946671	95.7957957957958
0.0003226833229347619	0.018233860968828418	0.9814434557082364	95.8958958958959
0.0003223897031759536	0.018143121263960445	0.9815344890328632	95.995995995996
0.00032209781021067376	0.018052832857560527	0.9816250693322285	96.0960960960961
0.0003218076326977393	0.01796299350860594	0.981715198858696	96.1961961961962
0.0003215191593960343	0.017873600987238922	0.9818048798533647	96.2962962962963
0.000321232379164244	0.017784653074715582	0.9818941145461199	96.3963963963964
0.0003209472809606124	0.017696147563354917	0.9819829051556841	96.4964964964965
0.00032066385326631573	0.017608082253177056	0.9820712538935562	96.5965965965966
0.0003203820843249473	0.017520454953229965	0.9821591629624447	96.6966966966967
0.00032010196318773757	0.017433263487545373	0.9822466345492665	96.7967967967968
0.0003198234789960835	0.01734650569096837	0.9823336708300352	96.8968968968969
0.00031954662097612646	0.01726017940907807	0.9824202739699455	96.996996996997
0.0003192713784381511	0.017174282498135938	0.9825064461234255	97.0970970970971
0.0003189977407760009	0.0170888128250347	0.9825921894341889	97.1971971971972
0.0003187256974665079	0.01700376826724733	0.9826775060352858	97.2972972972973
0.00031845523806893966	0.016919146712776587	0.9827623980491541	97.3973973973974
0.0003181863522244603	0.016834946060104647	0.9828468675876705	97.4974974974975
0.0003179190296556086	0.016751164218143263	0.9829309167522008	97.5975975975976
0.0003176532601657905	0.016667799106184066	0.9830145476336498	97.6976976976977
0.0003173890336387882	0.01658484865384935	0.9830977623125114	97.7977977977978
0.0003171263400382843	0.016502310801043002	0.9831805628589183	97.8978978978979
0.00031686516940740173	0.016420183497901943	0.9832629513326903	97.997997997998
0.00031660551186825944	0.0163384647047477	0.9833449297833836	98.0980980980981
0.00031634735762154373	0.01625715239203848	0.9834265002503396	98.1981981981982
0.00031609069694609485	0.01617624454032137	0.9835076647627321	98.2982982982983
0.00031583552019850974	0.01609573914018507	0.983588425339616	98.3983983983984
0.00031558181781276	0.016015634192212736	0.9836687839899741	98.4984984984985
0.00031532958029982587	0.015935927706935332	0.9837487427127645	98.5985985985986
0.00031507879824734533	0.015856617704785133	0.9838283034969671	98.6986986986987
0.00031482946231927946	0.015777702216049704	0.9839074683216307	98.7987987987988
0.00031458156325559286	0.015699179280826044	0.983986239155918	98.8988988988989
0.0003143350918719502	0.015621046948975214	0.9840646179591525	98.998998998999
0.0003140900390594279	0.015543303280077119	0.9841426066808631	99.0990990990991
0.00031384639578424186	0.015465946343385769	0.9842202072608296	99.1991991991992
0.0003136041530874908	0.015388974217784705	0.9842974216291274	99.2992992992993
0.0003133633020849148	0.015312384991742903	0.9843742517061718	99.3993993993994
0.0003131238339666699	0.01523617676327083	0.9844506994027621	99.4994994994995
0.00031288573986659507	0.015160347638836044	0.9845267666212969	99.5995995995996
0.00031264901041585977	0.015084895729761637	0.984602455259822	99.6996996996997
0.00031241363681284615	0.015009819160717482	0.9846777672024692	99.7997997997998
0.00031217961040824396	0.014935116066369875	0.9847527043232214	99.8998998998999
0.0003119469226173203	0.014860784590640861	0.9848272684867414	100.0
