0.9	0.1	0.0	0.0
0.8956280693185827	0.09463285068558842	0.009739079995828707	0.1001001001001001
0.8915107793166429	0.08953474348410136	0.018954477199255776	0.2002002002002002
0.8876331088927263	0.08469434205501955	0.027672549052254206	0.3003003003003003
0.8839809370397905	0.08010052992864816	0.035918533031561485	0.4004004004004004
0.8805409933448757	0.07574244629252883	0.04371656036259566	0.5005005005005005
0.8773007939086662	0.07160950740176146	0.051089698689572416	0.6006006006006006
0.8742486021632638	0.06769142873015335	0.05805996910658285	0.7007007007007008
0.8713733862515494	0.06397823760231608	0.06464837614613454	0.8008008008008008
0.8686647782212351	0.060460282830518366	0.07087493894824658	0.9009009009009009
0.8661130111193948	0.05712825170389414	0.07675873717671115	1.001001001001001
0.8637089111034344	0.053973160320931864	0.08231792857563378	1.1011011011011012
0.8614438473927947	0.05098636349386986	0.08756978911333552	1.2012012012012012
0.8593097028656678	0.04815955091887905	0.09253074621545326	1.3013013013013013
0.8572988407038844	0.04548474698546946	0.0972164123106463	1.4014014014014016
0.8554040760795515	0.04295430589411252	0.10164161802633609	1.5015015015015016
0.8536186497231183	0.04056090543425071	0.10582044484263109	1.6016016016016017
0.8519362014815332	0.03829754131902299	0.10976625719944401	1.7017017017017018
0.850350747317892	0.03615751909836123	0.11349173358374705	1.8018018018018018
0.8488566498831265	0.03413445030732517	0.11700889980954858	1.9019019019019021
0.8474486110658797	0.032222235398086274	0.12032915353603435	2.002002002002002
0.8461216384705279	0.030415062080783362	0.123463299448689	2.1021021021021022
0.8448710353670431	0.028707392442514808	0.12642157219044237	2.2022022022022023
0.8436923803108307	0.027093953948252904	0.12921366574091664	2.3023023023023024
0.8425815078279767	0.02556973110416115	0.1318487610678625	2.4024024024024024
0.8415345007947106	0.02412995354866609	0.13433554565662364	2.5025025025025025
0.8405476656325918	0.02277008834487274	0.13668224602253579	2.6026026026026026
0.8396175288455349	0.021485829244279317	0.1388966419101861	2.702702702702703
0.8387408162628619	0.020273087385414515	0.14098609635172388	2.802802802802803
0.8379144453264705	0.019127982342483384	0.1429575723310464	2.902902902902903
0.8371355139310743	0.018046832741584484	0.14481765332734142	3.0030030030030033
0.8364012859006209	0.017026147023663004	0.1465725670757163	3.1031031031031033
0.8357091871152119	0.016062615894445745	0.14822819699034254	3.2032032032032034
0.8350567907225932	0.015153102369925099	0.14979010690748198	3.3033033033033035
0.8344418102758364	0.014294634734969372	0.1512635549891945	3.4034034034034035
0.8338620929491501	0.013484398715360843	0.15265350833548924	3.5035035035035036
0.833315612953137	0.012719729491305131	0.15396465755555805	3.6036036036036037
0.8328004575789405	0.01199810426617202	0.1552014381548877	3.7037037037037037
0.8323148262136847	0.011317135483114709	0.15636803830320087	3.8038038038038042
0.8318570230986817	0.01067456407061475	0.1574684128307037	3.9039039039039043
0.8314254488321045	0.010068252953284588	0.15850629821461115	4.004004004004004
0.8310185973520094	0.00949618087761915	0.15948522177037158	4.104104104104104
0.8306350491950798	0.00895643646492383	0.16040851433999656	4.2042042042042045
0.8302734666592935	0.008447212581260096	0.16127932075944662	4.3043043043043046
0.829932589480065	0.007966800965431587	0.16210060955450362	4.404404404404405
0.8296112295832393	0.007513586920528837	0.16287518349623206	4.504504504504505
0.8293082675179853	0.007086044556139451	0.16360568792587551	4.604604604604605
0.8290226483263139	0.006682732059809077	0.16429461961387723	4.704704704704705
0.8287533774807175	0.006302287150162757	0.16494433536911984	4.804804804804805
0.8284995179430474	0.005943423032218233	0.16555705902473444	4.904904904904905
0.8282601863417828	0.005604924138873186	0.1661348895193441	5.005005005005005
0.8280345500814836	0.005285642414893928	0.16667980750362257	5.105105105105105
0.8278218246703045	0.004984493812219076	0.16719368151747652	5.205205205205205
0.8276212703468454	0.004700454488123276	0.16767827516503148	5.305305305305305
0.8274321899150509	0.0044325577867871165	0.16813525229816215	5.405405405405406
0.8272539263678779	0.004179891173687217	0.16856618245843502	5.505505505505506
0.8270858601398207	0.003941592982518344	0.1689725468776611	5.605605605605606
0.8269274073716183	0.0037168499348391865	0.16935574269354264	5.705705705705706
0.8267780177753442	0.0035048944240024843	0.1697170878006534	5.805805805805806
0.8266371723891587	0.0033050017545460755	0.1700578258562954	5.9059059059059065
0.8265043821912361	0.0031164881144988355	0.17037912969426514	6.0060060060060065
0.8263791861924585	0.0029387081577835024	0.170682105649758	6.106106106106107
0.826261149678551	0.0027710527451501564	0.1709677975762989	6.206206206206207
0.8261498630136963	0.0026129472194301997	0.1712371897668735	6.306306306306307
0.8260449399681291	0.002463849271484187	0.1714912107603867	6.406406406406407
0.825946016379776	0.0023232471467616676	0.17173073647346226	6.506506506506507
0.825852749074267	0.0021906581250810036	0.17195659280065198	6.606606606606607
0.8257648144341909	0.0020656266692982463	0.1721695588965107	6.706706706706707
0.8256819073759851	0.0019477230094021194	0.17237036961461266	6.806806806806807
0.8256037403551497	0.0018365417712241784	0.1725597178736261	6.906906906906907
0.8255300420458109	0.0017317002688240384	0.17273825768536502	7.007007007007007
0.8254605567951911	0.0016328376514592974	0.17290660555334955	7.107107107107107
0.8253950437880084	0.0015396137478189218	0.17306534246417268	7.207207207207207
0.8253332762765366	0.0014517079944708724	0.17321501572899253	7.307307307307307
0.8252750399371652	0.0013688173935127938	0.17335614266932195	7.407407407407407
0.8252201324534245	0.0012906558561871127	0.17348921169038836	7.507507507507508
0.8251683635309021	0.0012169540412387038	0.1736146824278592	7.6076076076076085
0.8251195539748396	0.0011474581522558519	0.17373298787290456	7.7077077077077085
0.8250735348057857	0.0010819287686005192	0.1738445364256138	7.807807807807809
0.8250301459911759	0.0010201392329089803	0.1739497147759152	7.907907907907909
0.824989237109083	0.000961876311737553	0.1740488865791794	8.008008008008009
0.8249506665027755	0.0009069390931966966	0.17414239440402787	8.108108108108109
0.8249143007711184	0.0008551382817212466	0.17423056094716044	8.208208208208209
0.8248800135784764	0.0008062946633467671	0.17431369175817685	8.308308308308309
0.8248476859699223	0.0007602394172042351	0.1743920746128735	8.408408408408409
0.8248172059975026	0.0007168135886095189	0.1744659804138879	8.508508508508509
0.8247884682777394	0.0006758674824657261	0.17453566423979489	8.608608608608609
0.8247613731939979	0.0006372595960120072	0.17460136720999014	8.70870870870871
0.8247358266118384	0.000600856212229849	0.1746633171759318	8.80880880880881
0.8247117400344104	0.0005665315602762001	0.17472172840531347	8.90890890890891
0.8246890301147577	0.0005341671526058737	0.17477680273263654	9.00900900900901
0.8246676182793514	0.0005036512647776314	0.17482873045587097	9.10910910910911
0.8246474301180711	0.0004748781133424775	0.17487769176858645	9.20920920920921
0.8246283956678769	0.00044774819721428346	0.17492385613490885	9.30930930930931
0.8246104490445759	0.000422167793268983	0.17496738316215507	9.40940940940941
0.8245935282093544	0.0003980486279829992	0.17500842316266263	9.50950950950951
0.8245775744165053	0.00037530712413162085	0.1750471184593632	9.60960960960961
0.8245625323236533	0.0003538645320642009	0.17508360314428256	9.70970970970971
0.8245483498523951	0.0003336467289959069	0.175118003418609	9.80980980980981
0.824534977970948	0.0003145839151917685	0.17515043811386022	9.90990990990991
0.824522370358723	0.00029661014901176885	0.17518101949226528	10.01001001001001
0.8245104832185031	0.00027966308271558594	0.1752098536987814	10.11011011011011
0.8244992753797186	0.0002636840936911977	0.17523704052659034	10.21021021021021
0.8244887080660799	0.0002486179608584579	0.17526267397306172	10.31031031031031
0.824478744732412	0.00023441263488420674	0.17528684263270386	10.41041041041041
0.8244693507625739	0.00022101881877024964	0.17530963041865585	10.51051051051051
0.8244604936030966	0.00020839014473201216	0.17533111625217146	10.61061061061061
0.8244521426014934	0.00019648294752629228	0.17535137445098042	10.710710710710712
0.8244442688978312	0.00018525611086403412	0.1753704749913047	10.810810810810812
0.8244368451698474	0.00017467071105288707	0.17538848411909969	10.910910910910912
0.8244298456609246	0.0001646900524033188	0.17540546428667203	11.011011011011012
0.8244232461381046	0.00015527960596832397	0.17542147425592705	11.111111111111112
0.8244170237832495	0.00014640685592457177	0.17543656936082586	11.211211211211213
0.8244111570553287	0.00013804110555759052	0.17545080183911363	11.311311311311313
0.8244056255729169	0.0001301533115125765	0.17546422111557047	11.411411411411413
0.824400410178829	0.00012271617180418493	0.17547687364936673	11.511511511511513
0.8243954928297509	0.00011570397023915411	0.17548880320000987	11.611611611611613
0.82439085652574	0.00010909247635007736	0.17550005099790986	11.711711711711713
0.8243864851624145	0.00010285873719135087	0.17551065610039407	11.811811811811813
0.8243823635895583	9.698115812055579e-05	0.1755206552523211	11.911911911911913
0.8243784775434	9.14394068431839e-05	0.17553008304975673	12.012012012012013
0.8243748135949278	8.621433996394961e-05	0.17553897206510816	12.112112112112113
0.8243713590369891	8.128784340796769e-05	0.1755473531196029	12.212212212212213
0.824368101881094	7.664282720143917e-05	0.17555525529170457	12.312312312312313
0.8243650308502712	7.226321473923504e-05	0.17556270593498943	12.412412412412413
0.8243621353249644	6.813386603514067e-05	0.17556973080900048	12.512512512512513
0.8243594052780224	6.424048547362729e-05	0.17557635423650392	12.612612612612613
0.824356831247123	6.0569582795237114e-05	0.1755825991700817	12.712712712712714
0.8243544042968756	5.710841854762037e-05	0.17558848728457677	12.812812812812814
0.8243521160356581	5.384502803554696e-05	0.17559403893630637	12.912912912912914
0.8243499585520317	5.076813096111529e-05	0.1755992733170071	13.013013013013014
0.8243479243294844	4.786701062586357e-05	0.17560420865988965	13.113113113113114
0.8243460063140424	4.5131609241624515e-05	0.1756088620767159	13.213213213213214
0.8243441978786844	4.2552477351295666e-05	0.17561324964396427	13.313313313313314
0.824342492793835	4.012073184492465e-05	0.17561738647432007	13.413413413413414
0.8243408852074032	3.782802746860615e-05	0.17562128676512814	13.513513513513514
0.8243393695566159	3.5666432131133245e-05	0.17562496401125285	13.613613613613614
0.8243379405517026	3.362840355638144e-05	0.17562843104474085	13.713713713713714
0.8243365932409585	3.170688071906119e-05	0.17563169987832225	13.813813813813814
0.8243353229423916	2.989518709849109e-05	0.17563478187050968	13.913913913913914
0.8243341252210203	2.8186998321541853e-05	0.17563768778065797	14.014014014014014
0.8243329958885266	2.6576341698608987e-05	0.17564042776977473	14.114114114114114
0.8243319311153169	2.5057756120920955e-05	0.1756430111285621	14.214214214214214
0.824330927229532	2.3626005356851183e-05	0.17564544676511107	14.314314314314315
0.8243299807353995	2.227610426484104e-05	0.17564774316033555	14.414414414414415
0.8243290883120585	2.1003317146749206e-05	0.17564990837079467	14.514514514514515
0.8243282467947434	1.980313093520314e-05	0.1756519500743214	14.614614614614615
0.8243274532963125	1.8671428261948854e-05	0.17565387527542545	14.714714714714715
0.8243267051629863	1.760442440340874e-05	0.17565569041261025	14.814814814814815
0.8243259998048302	1.6598425840078856e-05	0.17565740176932962	14.914914914914915
0.8243253347670706	1.5649931808971493e-05	0.17565901530112046	15.015015015015017
0.8243247077165683	1.4755615026361148e-05	0.17566053666840528	15.115115115115117
0.8243241164493943	1.3912332463800122e-05	0.17566197121814192	15.215215215215217
0.8243235589893286	1.3117265635579539e-05	0.1756633237450358	15.315315315315317
0.8243230334205373	1.2367682256156696e-05	0.1756645988972066	15.415415415415417
0.8243225379130956	1.166097258287537e-05	0.17566580111432145	15.515515515515517
0.8243220707262626	1.099465406633797e-05	0.17566693461967103	15.615615615615617
0.8243216299099912	1.0365945778528827e-05	0.17566800414423017	15.715715715715717
0.8243212147161215	9.773780387352415e-06	0.175669011503491	15.815815815815817
0.8243208231735767	9.215346983250657e-06	0.17566996147943995	15.915915915915917
0.8243204539790986	8.68878686351957e-06	0.17567085723403786	16.016016016016017
0.8243201058736063	8.192304341745845e-06	0.1756717018220519	16.116116116116117
0.8243197776421967	7.724166747806856e-06	0.17567249819105546	16.216216216216218
0.8243194681328083	7.282731031537746e-06	0.17567324913616006	16.316316316316318
0.8243191763328503	6.866552986057417e-06	0.17567395711416353	16.416416416416418
0.8243189012319869	6.474191666310208e-06	0.1756746245763467	16.516516516516518
0.8243186418620627	6.1042662970260075e-06	0.17567525387164024	16.616616616616618
0.8243183973074482	5.7554710189056535e-06	0.1756758472215329	16.716716716716718
0.8243181667050399	5.426574888620933e-06	0.17567640672007145	16.816816816816818
0.8243179492441004	5.116421649021857e-06	0.17567693433425047	16.916916916916918
0.8243177441612841	4.8239225802760055e-06	0.17567743191613555	17.017017017017018
0.8243175507459123	4.548064081551843e-06	0.1756779011900061	17.117117117117118
0.8243173683410889	4.287909273687628e-06	0.1756783437496373	17.217217217217218
0.8243171963419601	4.042595498211571e-06	0.17567876106254166	17.31731731731732
0.8243170341957139	3.811334317341828e-06	0.17567915446996865	17.41741741741742
0.824316881401581	3.593411513986511e-06	0.17567952518690497	17.51751751751752
0.8243167374170329	3.3880533205841333e-06	0.17567987452964637	17.61761761761762
0.8243166016350287	3.1943939684581673e-06	0.17568020397100265	17.71771771771772
0.8243164735882382	3.0117669360474703e-06	0.17568051464482554	17.81781781781782
0.8243163528470704	2.83955952451495e-06	0.17568080759340493	17.91791791791792
0.8243162390182637	2.6772108476901714e-06	0.1756810837708885	18.01801801801802
0.8243161317448862	2.524211832069355e-06	0.17568134404328165	18.11811811811812
0.8243160306812858	2.380069492395648e-06	0.1756815892492217	18.21821821821822
0.8243159353869216	2.2441555212468783e-06	0.17568182045755698	18.31831831831832
0.8243158455145859	2.1159747183985253e-06	0.17568203851069547	18.41841841841842
0.8243157607565239	1.9950881505854393e-06	0.17568224415532535	18.51851851851852
0.8243156808298417	1.8810923416777874e-06	0.17568243807781644	18.61861861861862
0.824315605476507	1.773619272681054e-06	0.17568262090422027	18.71871871871872
0.8243155344612197	1.6723333463536607e-06	0.17568279320543387	18.81881881881882
0.8243154675014961	1.5768316744391248e-06	0.17568295566682945	18.91891891891892
0.8243154043408758	1.4867484839246492e-06	0.1756831089106402	19.01901901901902
0.8243153447658468	1.4017792535892115e-06	0.17568325345489955	19.11911911911912
0.8243152885809332	1.3216451860828923e-06	0.17568338977388068	19.21921921921922
0.8243152356086954	1.2460932079268764e-06	0.17568351829809664	19.31931931931932
0.8243151856897303	1.1748959695134513e-06	0.17568363941430018	19.41941941941942
0.8243151386417218	1.107793443328528e-06	0.17568375356483482	19.51951951951952
0.8243150942526274	1.0444832060030415e-06	0.17568386126416655	19.61961961961962
0.8243150523722257	9.847510042778438e-07	0.17568396287677002	19.71971971971972
0.8243150128641298	9.284023160501098e-07	0.1756840587335541	19.81981981981982
0.8243149756050783	8.752613390601096e-07	0.1756841491335826	19.91991991991992
0.824314940484935	8.251709908912099e-07	0.17568423434407396	20.02002002002002
0.8243149074066894	7.77992908969873e-07	0.17568431460040151	20.12012012012012
0.8243148762830369	7.336025741447715e-07	0.1756843901143888	20.22022022022022
0.8243148469566063	6.91775536832012e-07	0.17568446126785675	20.32032032032032
0.8243148192970676	6.52325914487214e-07	0.17568452837701784	20.42042042042042
0.824314793208688	6.151171677751363e-07	0.1756845916741442	20.52052052052052
0.8243147686033971	5.800236861870431e-07	0.1756846513729166	20.62062062062062
0.8243147454007876	5.469307880407026e-07	0.17568470766842417	20.72072072072072
0.8243147235281149	5.157347204803881e-07	0.17568476073716457	20.82082082082082
0.8243147029202964	4.863426594768772e-07	0.17568481073704403	20.92092092092092
0.8243146835097312	4.5865818835628217e-07	0.1756848578320804	21.02102102102102
0.8243146651991287	4.3254254670694874e-07	0.17568490225832464	21.12112112112112
0.8243146479212674	4.078998598183339e-07	0.17568494417887282	21.22122122122122
0.8243146316173646	3.846462884625094e-07	0.1756849837363469	21.32132132132132
0.8243146162338029	3.6270536013009087e-07	0.175685021060837	21.421421421421424
0.8243146017221294	3.420079690302405e-07	0.17568505626990147	21.521521521521525
0.8243145880390571	3.2249237609066277e-07	0.17568508946856679	21.621621621621625
0.8243145751464633	3.0410420895760743e-07	0.17568512074932766	21.721721721721725
0.824314562992894	2.8677008072873076e-07	0.17568515023702527	21.821821821821825
0.8243145515223397	2.704101080480611e-07	0.17568517806755227	21.921921921921925
0.8243145406967131	2.5496996857862674e-07	0.17568520433331833	22.022022022022025
0.8243145304813976	2.4040029013132447e-07	0.17568522911831225	22.122122122122125
0.824314520845247	2.2665665029361864e-07	0.1756852524981026	22.222222222222225
0.8243145117605859	2.1369957642954106e-07	0.17568527453983768	22.322322322322325
0.8243145032032089	2.014945456796911e-07	0.17568529530224547	22.422422422422425
0.8243144949197493	1.8968019257690445e-07	0.1756853154000582	22.522522522522525
0.8243144874315435	1.7900007528748056e-07	0.17568533356838134	22.622622622622625
0.824314480334069	1.6887724203207207e-07	0.17568535078868902	22.722722722722725
0.824314473614468	1.5929335401840214e-07	0.17568536709217802	22.822822822822825
0.8243144672598826	1.502300724541939e-07	0.17568538251004504	22.922922922922925
0.8243144612574547	1.4166905854717041e-07	0.17568539707348682	23.023023023023026
0.8243144555943264	1.335919735050548e-07	0.17568541081370015	23.123123123123126
0.8243144502576397	1.2598047853557018e-07	0.17568542376188176	23.223223223223226
0.824314445231528	1.1881194370363813e-07	0.17568543595652825	23.323323323323326
0.8243144404944545	1.120556517981164e-07	0.17568544744989376	23.423423423423426
0.8243144360310012	1.0568961323569278e-07	0.1756854582793856	23.523523523523526
0.8243144318260895	9.969232184180522e-08	0.17568546848158859	23.623623623623626
0.8243144278646408	9.404227144189158e-08	0.17568547809308774	23.723723723723726
0.8243144241315762	8.871795586138978e-08	0.1756854871504679	23.823823823823826
0.824314420611817	8.369786892573772e-08	0.17568549569031403	23.923923923923926
0.8243144172902845	7.896050446037331e-08	0.17568550374921096	24.024024024024026
0.8243144141519	7.448435629073447e-08	0.1756855113637437	24.124124124124126
0.8243144111832267	7.025026015542418e-08	0.17568551856651318	24.224224224224226
0.824314408386149	6.626090376509496e-08	0.1756855253529473	24.324324324324326
0.8243144057535458	6.250613056399776e-08	0.17568553174032367	24.424424424424426
0.8243144032747155	5.897067724067098e-08	0.1756855377546073	24.524524524524526
0.8243144009389564	5.5639280483653016e-08	0.17568554342176312	24.624624624624627
0.8243143987355669	5.249667698148227e-08	0.1756855487677561	24.724724724724727
0.8243143966538453	4.9527603422697136e-08	0.17568555381855122	24.824824824824827
0.8243143946830901	4.671679649583602e-08	0.17568555860011342	24.924924924924927
0.8243143928125994	4.404899288943731e-08	0.17568556313840764	25.025025025025027
0.8243143910317003	4.1508969948824667e-08	0.1756855674593297	25.125125125125127
0.8243143893440247	3.910190769086994e-08	0.1756855715540677	25.225225225225227
0.8243143877544052	3.6834699075792004e-08	0.17568557541089572	25.325325325325327
0.8243143862573656	3.4699533181507553e-08	0.17568557904310125	25.425425425425427
0.8243143848474292	3.268859908593326e-08	0.1756855824639717	25.525525525525527
0.8243143835191197	3.0794085866985836e-08	0.17568558568679454	25.625625625625627
0.8243143822669603	2.9008182602581954e-08	0.17568558872485715	25.725725725725727
0.8243143810854746	2.732307837063831e-08	0.175685591591447	25.825825825825827
0.8243143799691862	2.5730962249071585e-08	0.1756855942998515	25.925925925925927
0.8243143789126186	2.4224023315798473e-08	0.17568559686335813	26.026026026026027
0.8243143775550688	2.2287806050849894e-08	0.1756856001571252	26.126126126126128
0.8243143767256086	2.1104781243692096e-08	0.17568560216961013	26.226226226226228
0.8243143759277711	1.9966858542406895e-08	0.1756856041053703	26.326326326326328
0.8243143751615564	1.887403794699428e-08	0.17568560596440566	26.426426426426428
0.8243143744269643	1.7826319457454248e-08	0.1756856077467163	26.526526526526528
0.8243143737239949	1.6823703073786814e-08	0.17568560945230213	26.626626626626628
0.824314373052648	1.5866188795991964e-08	0.1756856110811632	26.726726726726728
0.8243143724129238	1.4953776624069703e-08	0.17568561263329951	26.826826826826828
0.8243143718048224	1.4086466558020032e-08	0.17568561410871103	26.926926926926928
0.8243143712280863	1.3263891533368362e-08	0.1756856155080222	27.027027027027028
0.824314370679729	1.2481792184299757e-08	0.1756856168384788	27.127127127127128
0.8243143701588967	1.1738950641348219e-08	0.17568561810215258	27.227227227227228
0.8243143696655896	1.103536690451375e-08	0.1756856192990435	27.32732732732733
0.8243143691998074	1.0371040973796348e-08	0.17568562042915162	27.42742742742743
0.8243143687615503	9.745972849196016e-09	0.17568562149247688	27.52752752752753
0.8243143683508182	9.16016253071275e-09	0.17568562248901934	27.62762762762763
0.824314367967611	8.613610018346553e-09	0.17568562341877897	27.72772772772773
0.8243143676119289	8.106315312097427e-09	0.17568562428175574	27.82782782782783
0.8243143672837718	7.638278411965366e-09	0.17568562507794971	27.92792792792793
0.8243143669809518	7.206378686156721e-09	0.17568562581266944	28.02802802802803
0.8243143666938902	6.796954528829147e-09	0.1756856265091552	28.12812812812813
0.8243143664214646	6.408405160716665e-09	0.17568562717013014	28.22822822822823
0.8243143661636751	6.040730581819276e-09	0.17568562779559424	28.32832832832833
0.8243143659205217	5.693930792136977e-09	0.17568562838554752	28.42842842842843
0.8243143656920042	5.36800579166977e-09	0.17568562893998996	28.52852852852853
0.8243143654781228	5.062955580417655e-09	0.17568562945892155	28.62862862862863
0.8243143652788775	4.778780158380631e-09	0.1756856299423423	28.72872872872873
0.8243143650942681	4.515479525558699e-09	0.17568563039025223	28.82882882882883
0.8243143649242949	4.273053681951859e-09	0.17568563080265132	28.92892892892893
0.8243143647663969	4.047850247710147e-09	0.17568563118575276	29.02902902902903
0.8243143646154859	3.83261212462403e-09	0.17568563155190187	29.12912912912913
0.8243143644714227	3.6271407764468847e-09	0.17568563190143638	29.22922922922923
0.8243143643342074	3.43143620317871e-09	0.1756856322343563	29.32932932932933
0.8243143642038399	3.2454984048195057e-09	0.17568563255066158	29.42942942942943
0.8243143640803202	3.0693273813692727e-09	0.17568563285035227	29.52952952952953
0.8243143639636483	2.9029231328280104e-09	0.17568563313342836	29.62962962962963
0.8243143638538244	2.7462856591957188e-09	0.17568563339988985	29.72972972972973
0.8243143637508482	2.5994149604723983e-09	0.17568563364973674	29.82982982982983
0.8243143636547176	2.4623077209393605e-09	0.17568563388297467	29.929929929929934
0.8243143635638045	2.3326422777605708e-09	0.1756856341035531	30.030030030030034
0.8243143634767117	2.2084254616446274e-09	0.17568563431486267	30.130130130130134
0.8243143633934392	2.089657272591531e-09	0.1756856345169034	30.230230230230234
0.8243143633139869	1.9763377106012815e-09	0.17568563470967527	30.330330330330334
0.8243143632383548	1.8684667756738785e-09	0.1756856348931783	30.430430430430434
0.8243143631665429	1.7660444678093227e-09	0.17568563506741247	30.530530530530534
0.8243143630985513	1.6690707870076137e-09	0.1756856352323778	30.630630630630634
0.8243143630343799	1.5775457332687516e-09	0.17568563538807425	30.730730730730734
0.8243143629740287	1.4914693065927362e-09	0.1756856355345019	30.830830830830834
0.8243143629174469	1.4107689818516352e-09	0.17568563567178402	30.930930930930934
0.8243143628636449	1.334033485856153e-09	0.17568563580232144	31.031031031031034
0.8243143628122414	1.260718685588559e-09	0.1756856359270398	31.131131131131134
0.8243143627632361	1.190824581048853e-09	0.17568563604593912	31.231231231231234
0.8243143627166293	1.124351172237035e-09	0.1756856361590194	31.331331331331334
0.8243143626724209	1.0612984591531052e-09	0.17568563626628056	31.431431431431434
0.8243143626306108	1.0016664417970633e-09	0.17568563636772266	31.531531531531535
0.8243143625911991	9.454551201689094e-10	0.1756856364633457	31.631631631631635
0.8243143625541857	8.926644942686438e-10	0.1756856365531497	31.731731731731735
0.8243143625195707	8.432945640962661e-10	0.1756856366371346	31.831831831831835
0.8243143624872352	7.971758165566081e-10	0.17568563671558882	31.931931931931935
0.8243143624564537	7.532734746167511e-10	0.17568563679027263	32.032032032032035
0.8243143624271033	7.114120916717531e-10	0.1756856368614845	32.132132132132135
0.8243143623991838	6.715916677216142e-10	0.1756856369292244	32.232232232232235
0.8243143623726953	6.338122027663343e-10	0.17568563699349238	32.332332332332335
0.8243143623476378	5.980736968059135e-10	0.1756856370542884	32.432432432432435
0.8243143623240112	5.643761498403518e-10	0.17568563711161247	32.532532532532535
0.8243143623018157	5.327195618696492e-10	0.17568563716546462	32.632632632632635
0.8243143622810511	5.031039328938056e-10	0.1756856372158448	32.732732732732735
0.8243143622617176	4.755292629128211e-10	0.17568563726275302	32.832832832832835
0.8243143622334892	4.3526829866268714e-10	0.17568563733124237	32.932932932932935
0.8243143622022718	3.907443163634496e-10	0.17568563740698367	33.033033033033036
0.8243143621719256	3.474625926638815e-10	0.17568563748061172	33.133133133133136
0.8243143621424501	3.0542312756398313e-10	0.17568563755212652	33.233233233233236
0.8243143621138458	2.6462592106375465e-10	0.17568563762152808	33.333333333333336
0.8243143620861124	2.2507097316319606e-10	0.1756856376888164	33.433433433433436
0.8243143620592501	1.8675828386230726e-10	0.17568563775399146	33.533533533533536
0.8243143620332587	1.496878531610882e-10	0.17568563781705326	33.633633633633636
0.8243143620081383	1.1385968105953873e-10	0.17568563787800182	33.733733733733736
0.824314361983889	7.927376755765925e-11	0.1756856379368371	33.833833833833836
0.8243143619605106	4.5930112655449675e-11	0.17568563799355918	33.933933933933936
0.8243143619380031	1.3828716352909785e-11	0.17568563804816797	34.034034034034036
0.8243143619163666	-1.7030421349960312e-11	0.17568563810066354	34.134134134134136
0.8243143618956013	-4.664730045316075e-11	0.17568563815104585	34.234234234234236
0.8243143618757068	-7.502192095669105e-11	0.1756856381993149	34.334334334334336
0.8243143618566834	-1.021542828605519e-10	0.17568563824547073	34.434434434434436
0.8243143618385309	-1.280443861647428e-10	0.17568563828951328	34.53453453453454
0.8243143618212494	-1.5269223086926392e-10	0.1756856383314426	34.63463463463464
0.824314361804839	-1.760978169741152e-10	0.17568563837125867	34.73473473473474
0.8243143617892995	-1.9826114447929674e-10	0.17568563840896148	34.83483483483484
0.824314361774631	-2.1918221338480852e-10	0.17568563844455104	34.93493493493494
0.8243143617608335	-2.388610236906505e-10	0.17568563847802735	35.03503503503504
0.824314361747907	-2.5729757539682256e-10	0.17568563850939042	35.13513513513514
0.8243143617358515	-2.7449186850332495e-10	0.17568563853864022	35.23523523523524
0.8243143617246669	-2.9044390301015754e-10	0.1756856385657768	35.33533533533534
0.8243143617143533	-3.051536789173203e-10	0.1756856385908001	35.43543543543544
0.8243143617049108	-3.186211962248133e-10	0.17568563861371017	35.53553553553554
0.8243143616963393	-3.3084645493263646e-10	0.17568563863450698	35.63563563563564
0.8243143616886387	-3.4182945504078983e-10	0.17568563865319053	35.73573573573574
0.8243143616818092	-3.515701965492734e-10	0.17568563866976086	35.83583583583584
0.8243143616758506	-3.600686794580872e-10	0.17568563868421794	35.93593593593594
0.824314361670763	-3.673249037672312e-10	0.17568563869656176	36.03603603603604
0.8243143616665464	-3.733388694767054e-10	0.17568563870679232	36.13613613613614
0.8243143616632007	-3.781105765865098e-10	0.17568563871490964	36.23623623623624
0.8243143616607261	-3.816400250966444e-10	0.1756856387209137	36.33633633633634
0.8243143616591225	-3.8392721500710924e-10	0.17568563872480453	36.43643643643644
0.8243143616583899	-3.849721463179043e-10	0.17568563872658208	36.53653653653654
0.8243143616585282	-3.847748190290295e-10	0.1756856387262464	36.63663663663664
0.8243143616595375	-3.833352331404849e-10	0.17568563872379747	36.73673673673674
0.8243143616614179	-3.8065338865227057e-10	0.1756856387192353	36.83683683683684
0.8243143616641693	-3.767292855643864e-10	0.17568563871255988	36.93693693693694
0.8243143616677916	-3.7156292387683246e-10	0.17568563870377119	37.03703703703704
0.8243143616722849	-3.6515430358960874e-10	0.17568563869286927	37.13713713713714
0.8243143616776492	-3.5750342470271523e-10	0.17568563867985407	37.23723723723724
0.8243143616838845	-3.4861028721615187e-10	0.17568563866472564	37.33733733733734
0.8243143616909907	-3.3847489112991873e-10	0.17568563864748396	37.43743743743744
0.824314361698968	-3.2709723644401584e-10	0.17568563862812905	37.53753753753754
0.8243143617078162	-3.144773231584431e-10	0.17568563860666087	37.63763763763764
0.8243143617175355	-3.006151512732006e-10	0.17568563858307945	37.73773773773774
0.8243143617281258	-2.8551072078828827e-10	0.17568563855738475	37.83783783783784
0.8243143617313933	-2.8085038000232805e-10	0.1756856385494569	37.93793793793794
0.8243143617271244	-2.8693901040942626e-10	0.17568563855981448	38.03803803803804
0.8243143617230907	-2.9269200998287954e-10	0.17568563856960112	38.13813813813814
0.8243143617192924	-2.981093787226878e-10	0.17568563857881678	38.23823823823824
0.8243143617157295	-3.0319111662885115e-10	0.1756856385874615	38.33833833833834
0.8243143617124018	-3.0793722370136947e-10	0.17568563859553527	38.43843843843844
0.8243143617093094	-3.1234769994024287e-10	0.1756856386030381	38.53853853853854
0.8243143617064524	-3.1642254534547136e-10	0.17568563860996994	38.63863863863864
0.8243143617038308	-3.201617599170548e-10	0.17568563861633085	38.73873873873874
0.8243143617014443	-3.2356534365499326e-10	0.1756856386221208	38.83883883883884
0.8243143616992933	-3.2663329655928683e-10	0.17568563862733982	38.93893893893894
0.8243143616973776	-3.293656186299354e-10	0.17568563863198786	39.03903903903904
0.8243143616956972	-3.31762309866939e-10	0.17568563863606496	39.13913913913914
0.8243143616942521	-3.3382337027029766e-10	0.1756856386395711	39.23923923923924
0.8243143616930423	-3.355487998400113e-10	0.17568563864250628	39.33933933933934
0.824314361692068	-3.3693859857608e-10	0.17568563864487052	39.43943943943944
0.8243143616913288	-3.3799276647850376e-10	0.1756856386466638	39.53953953953954
0.824314361690825	-3.3871130354728254e-10	0.17568563864788614	39.63963963963964
0.8243143616905565	-3.390942097824163e-10	0.1756856386485375	39.73973973973974
0.8243143616905234	-3.391414851839052e-10	0.17568563864861794	39.83983983983984
0.8243143616907256	-3.3885312975174904e-10	0.1756856386481274	39.93993993993994
0.824314361691163	-3.3822914348594794e-10	0.1756856386470659	40.04004004004004
0.8243143616918359	-3.372695263865019e-10	0.17568563864543346	40.14014014014014
0.8243143616927441	-3.3597427845341086e-10	0.17568563864323009	40.24024024024024
0.8243143616938875	-3.343433996866749e-10	0.17568563864045572	40.34034034034034
0.8243143616952663	-3.323768900862939e-10	0.17568563863711043	40.44044044044044
0.8243143616968804	-3.30074749652268e-10	0.1756856386331942	40.54054054054054
0.8243143616987298	-3.2743697838459707e-10	0.17568563862870698	40.64064064064064
0.8243143617008146	-3.244635762832812e-10	0.1756856386236488	40.74074074074074
0.8243143617031347	-3.2115454334832045e-10	0.1756856386180197	40.84084084084084
0.8243143617056901	-3.1750987957971465e-10	0.17568563861181963	40.94094094094094
0.8243143617084808	-3.1352958497746384e-10	0.17568563860504863	41.04104104104104
0.8243143617115068	-3.0921365954156816e-10	0.17568563859770664	41.14114114114114
0.8243143617147682	-3.0456210327202745e-10	0.17568563858979372	41.24124124124124
0.8243143617182649	-2.995749161688418e-10	0.17568563858130984	41.34134134134134
0.8243143617219969	-2.942520982320112e-10	0.175685638572255	41.44144144144144
0.8243143617259643	-2.8859364946153557e-10	0.17568563856262923	41.54154154154154
0.8243143617301669	-2.8259956985741504e-10	0.1756856385524325	41.64164164164164
0.8243143617346049	-2.7626985941964953e-10	0.1756856385416648	41.74174174174174
0.8243143617392782	-2.69604518148239e-10	0.17568563853032615	41.84184184184184
0.8243143617441868	-2.626035460431836e-10	0.17568563851841654	41.94194194194194
0.8243143617493308	-2.552669431044832e-10	0.175685638505936	42.04204204204204
0.8243143617547101	-2.4759470933213775e-10	0.1756856384928845	42.14214214214214
0.8243143617603247	-2.3958684472614744e-10	0.17568563847926202	42.24224224224224
0.8243143617661746	-2.312433492865121e-10	0.17568563846506863	42.34234234234234
0.8243143617722598	-2.2256422301323183e-10	0.17568563845030424	42.44244244244244
0.8243143617785804	-2.1354946590630659e-10	0.17568563843496893	42.54254254254254
0.8243143617851363	-2.0419907796573634e-10	0.17568563841906265	42.64264264264264
0.8243143617919274	-1.9451305919152049e-10	0.17568563840258544	42.74274274274275
0.824314361798954	-1.844914095836603e-10	0.17568563838553725	42.84284284284285
0.8243143617947033	-1.9055402657618055e-10	0.1756856383958506	42.94294294294295
0.8243143617966998	-1.8770643185633064e-10	0.17568563839100645	43.04304304304305
0.8243143617986963	-1.8485883713648073e-10	0.1756856383861623	43.14314314314315
0.824314361800693	-1.8201124241663085e-10	0.17568563838131818	43.24324324324325
0.8243143618026895	-1.7916364769678096e-10	0.17568563837647402	43.34334334334335
0.824314361804686	-1.7631605297693105e-10	0.17568563837162987	43.44344344344345
0.8243143618066825	-1.7346845825708114e-10	0.17568563836678575	43.54354354354355
0.8243143618086791	-1.7062086353723123e-10	0.1756856383619416	43.64364364364365
0.8243143618106756	-1.6777326881738135e-10	0.17568563835709747	43.74374374374375
0.8243143618126721	-1.6492567409753143e-10	0.17568563835225331	43.84384384384385
0.8243143618146688	-1.6207807937768152e-10	0.17568563834740916	43.94394394394395
0.8243143618166653	-1.5923048465783164e-10	0.17568563834256504	44.04404404404405
0.8243143618186618	-1.5638288993798173e-10	0.17568563833772088	44.14414414414415
0.8243143618206584	-1.5353529521813182e-10	0.17568563833287673	44.24424424424425
0.8243143618226549	-1.5068770049828193e-10	0.1756856383280326	44.34434434434435
0.8243143618246515	-1.4784010577843202e-10	0.17568563832318845	44.44444444444445
0.8243143618266481	-1.4499251105858214e-10	0.1756856383183443	44.54454454454455
0.8243143618286446	-1.4214491633873223e-10	0.17568563831350018	44.64464464464465
0.8243143618306411	-1.3929732161888234e-10	0.17568563830865602	44.74474474474475
0.8243143618326376	-1.364497268990324e-10	0.17568563830381187	44.84484484484485
0.8243143618346342	-1.3360213217918252e-10	0.17568563829896774	44.94494494494495
0.8243143618366308	-1.307545374593326e-10	0.1756856382941236	45.04504504504505
0.8243143618386273	-1.279069427394827e-10	0.17568563828927944	45.14514514514515
0.8243143618406239	-1.250593480196328e-10	0.1756856382844353	45.24524524524525
0.8243143618426204	-1.222117532997829e-10	0.17568563827959116	45.34534534534535
0.8243143618446169	-1.19364158579933e-10	0.175685638274747	45.44544544544545
0.8243143618466136	-1.165165638600831e-10	0.17568563826990288	45.54554554554555
0.8243143618486101	-1.136689691402332e-10	0.17568563826505873	45.64564564564565
0.8243143618506066	-1.108213744203833e-10	0.17568563826021458	45.74574574574575
0.8243143618526032	-1.079737797005334e-10	0.17568563825537045	45.84584584584585
0.8243143618545997	-1.0512618498068349e-10	0.1756856382505263	45.94594594594595
0.8243143618565962	-1.022785902608336e-10	0.17568563824568215	46.04604604604605
0.8243143618585929	-9.943099554098369e-11	0.17568563824083802	46.14614614614615
0.8243143618605894	-9.658340082113378e-11	0.17568563823599387	46.24624624624625
0.8243143618625859	-9.373580610128388e-11	0.17568563823114972	46.34634634634635
0.8243143618645824	-9.088821138143399e-11	0.1756856382263056	46.44644644644645
0.824314361866579	-8.804061666158408e-11	0.17568563822146144	46.54654654654655
0.8243143618685755	-8.519302194173418e-11	0.17568563821661728	46.64664664664665
0.824314361870572	-8.234542722188428e-11	0.17568563821177316	46.74674674674675
0.8243143618725687	-7.949783250203437e-11	0.175685638206929	46.84684684684685
0.8243143618745652	-7.665023778218447e-11	0.17568563820208485	46.94694694694695
0.8243143618765617	-7.380264306233457e-11	0.17568563819724073	47.04704704704705
0.8243143618785583	-7.095504834248468e-11	0.17568563819239658	47.14714714714715
0.8243143618805548	-6.810745362263478e-11	0.17568563818755242	47.24724724724725
0.8243143618825514	-6.525985890278487e-11	0.1756856381827083	47.34734734734735
0.824314361884548	-6.241226418293497e-11	0.17568563817786415	47.44744744744745
0.8243143618865445	-5.956466946308507e-11	0.17568563817302	47.54754754754755
0.824314361888541	-5.671707474323516e-11	0.17568563816817587	47.64764764764765
0.8243143618905376	-5.386948002338526e-11	0.17568563816333171	47.74774774774775
0.8243143618925342	-5.102188530353536e-11	0.1756856381584876	47.84784784784785
0.8243143618943825	-4.83858325171665e-11	0.1756856381540033	47.94794794794795
0.8243143618944477	-4.829261697110471e-11	0.1756856381538447	48.04804804804805
0.8243143618945131	-4.8199401425042915e-11	0.17568563815368612	48.14814814814815
0.8243143618945785	-4.810618587898112e-11	0.17568563815352756	48.24824824824825
0.8243143618946438	-4.801297033291933e-11	0.175685638153369	48.34834834834835
0.8243143618947092	-4.7919754786857536e-11	0.17568563815321042	48.44844844844845
0.8243143618947746	-4.782653924079574e-11	0.17568563815305183	48.54854854854855
0.8243143618948399	-4.773332369473394e-11	0.17568563815289326	48.64864864864865
0.8243143618949053	-4.7640108148672145e-11	0.1756856381527347	48.74874874874875
0.8243143618949706	-4.754689260261035e-11	0.17568563815257612	48.84884884884885
0.8243143618950359	-4.745367705654856e-11	0.17568563815241756	48.94894894894895
0.8243143618951013	-4.7360461510486766e-11	0.175685638152259	49.04904904904905
0.8243143618951667	-4.726724596442497e-11	0.1756856381521004	49.14914914914915
0.824314361895232	-4.7174030418363174e-11	0.17568563815194183	49.24924924924925
0.8243143618952974	-4.7080814872301375e-11	0.17568563815178326	49.34934934934935
0.8243143618953628	-4.698759932623958e-11	0.1756856381516247	49.44944944944945
0.8243143618954282	-4.689438378017779e-11	0.17568563815146612	49.54954954954955
0.8243143618954935	-4.680116823411599e-11	0.17568563815130753	49.64964964964965
0.8243143618955588	-4.67079526880542e-11	0.17568563815114896	49.74974974974975
0.8243143618956242	-4.6614737141992404e-11	0.1756856381509904	49.84984984984985
0.8243143618956895	-4.652152159593061e-11	0.17568563815083182	49.94994994994995
0.8243143618957549	-4.642830604986881e-11	0.17568563815067326	50.050050050050054
0.8243143618958203	-4.633509050380702e-11	0.1756856381505147	50.150150150150154
0.8243143618958856	-4.624187495774522e-11	0.1756856381503561	50.250250250250254
0.824314361895951	-4.614865941168343e-11	0.17568563815019753	50.350350350350354
0.8243143618960164	-4.6055443865621634e-11	0.17568563815003896	50.450450450450454
0.8243143618960816	-4.596222831955984e-11	0.1756856381498804	50.550550550550554
0.824314361896147	-4.586901277349805e-11	0.17568563814972182	50.650650650650654
0.8243143618962124	-4.577579722743625e-11	0.17568563814956323	50.750750750750754
0.8243143618962777	-4.5682581681374457e-11	0.17568563814940466	50.850850850850854
0.8243143618963431	-4.558936613531266e-11	0.1756856381492461	50.950950950950954
0.8243143618964085	-4.5496150589250864e-11	0.17568563814908753	51.051051051051054
0.8243143618964738	-4.540293504318907e-11	0.17568563814892896	51.151151151151154
0.8243143618965392	-4.530971949712728e-11	0.17568563814877036	51.251251251251254
0.8243143618966046	-4.521650395106548e-11	0.1756856381486118	51.351351351351354
0.82431436189667	-4.5123288405003687e-11	0.17568563814845323	51.451451451451454
0.8243143618967352	-4.5030072858941894e-11	0.17568563814829466	51.551551551551555
0.8243143618968006	-4.4936857312880094e-11	0.1756856381481361	51.651651651651655
0.824314361896866	-4.48436417668183e-11	0.17568563814797752	51.751751751751755
0.8243143618969313	-4.475042622075651e-11	0.17568563814781893	51.851851851851855
0.8243143618969967	-4.465721067469471e-11	0.17568563814766036	51.951951951951955
0.8243143618970621	-4.4563995128632917e-11	0.1756856381475018	52.052052052052055
0.8243143618971274	-4.4470779582571124e-11	0.17568563814734323	52.152152152152155
0.8243143618971928	-4.437756403650933e-11	0.17568563814718466	52.252252252252255
0.8243143618972582	-4.428434849044753e-11	0.17568563814702606	52.352352352352355
0.8243143618973234	-4.419113294438573e-11	0.1756856381468675	52.452452452452455
0.8243143618973888	-4.409791739832394e-11	0.17568563814670893	52.552552552552555
0.8243143618974542	-4.4004701852262147e-11	0.17568563814655036	52.652652652652655
0.8243143618975195	-4.3911486306200354e-11	0.1756856381463918	52.752752752752755
0.8243143618975849	-4.381827076013856e-11	0.1756856381462332	52.852852852852855
0.8243143618976503	-4.372505521407677e-11	0.17568563814607463	52.952952952952955
0.8243143618977157	-4.363183966801497e-11	0.17568563814591606	53.053053053053056
0.824314361897781	-4.353862412195317e-11	0.1756856381457575	53.153153153153156
0.8243143618978463	-4.3445408575891377e-11	0.17568563814559893	53.253253253253256
0.8243143618979117	-4.3352193029829584e-11	0.17568563814544036	53.353353353353356
0.824314361897977	-4.325897748376779e-11	0.17568563814528176	53.453453453453456
0.8243143618980424	-4.3165761937706e-11	0.1756856381451232	53.553553553553556
0.8243143618981078	-4.30725463916442e-11	0.17568563814496463	53.653653653653656
0.8243143618981731	-4.2979330845582406e-11	0.17568563814480606	53.753753753753756
0.8243143618982385	-4.288611529952061e-11	0.1756856381446475	53.853853853853856
0.8243143618983039	-4.2792899753458814e-11	0.1756856381444889	53.953953953953956
0.8243143618983692	-4.269968420739702e-11	0.17568563814433033	54.054054054054056
0.8243143618984345	-4.260646866133522e-11	0.17568563814417176	54.154154154154156
0.8243143618984999	-4.251325311527343e-11	0.1756856381440132	54.254254254254256
0.8243143618985652	-4.2420037569211636e-11	0.17568563814385463	54.354354354354356
0.8243143618986306	-4.2326822023149843e-11	0.17568563814369606	54.454454454454456
0.824314361898696	-4.2233606477088044e-11	0.17568563814353746	54.55455455455456
0.8243143618987613	-4.214039093102625e-11	0.1756856381433789	54.65465465465466
0.8243143618988267	-4.204717538496445e-11	0.17568563814322033	54.75475475475476
0.8243143618988921	-4.195395983890266e-11	0.17568563814306176	54.85485485485486
0.8243143618989575	-4.1860744292840866e-11	0.1756856381429032	54.95495495495496
0.8243143618990227	-4.1767528746779073e-11	0.1756856381427446	55.05505505505506
0.8243143618990881	-4.167431320071728e-11	0.17568563814258603	55.15515515515516
0.8243143618991535	-4.158109765465548e-11	0.17568563814242746	55.25525525525526
0.8243143618992188	-4.148788210859368e-11	0.1756856381422689	55.35535535535536
0.8243143618992842	-4.139466656253189e-11	0.17568563814211033	55.45545545545546
0.8243143618993496	-4.1301451016470096e-11	0.17568563814195173	55.55555555555556
0.8243143618994149	-4.1208235470408303e-11	0.17568563814179317	55.65565565565566
0.8243143618994803	-4.111501992434651e-11	0.1756856381416346	55.75575575575576
0.8243143618995457	-4.102180437828471e-11	0.17568563814147603	55.85585585585586
0.8243143618996109	-4.092858883222292e-11	0.17568563814131746	55.95595595595596
0.8243143618996763	-4.083537328616112e-11	0.1756856381411589	56.05605605605606
0.8243143618997417	-4.0742157740099326e-11	0.1756856381410003	56.15615615615616
0.824314361899807	-4.0648942194037533e-11	0.17568563814084173	56.25625625625626
0.8243143618998724	-4.055572664797574e-11	0.17568563814068316	56.35635635635636
0.8243143618999378	-4.046251110191394e-11	0.1756856381405246	56.45645645645646
0.8243143619000032	-4.036929555585215e-11	0.17568563814036603	56.55655655655656
0.8243143619000685	-4.0276080009790356e-11	0.17568563814020743	56.65665665665666
0.8243143619001339	-4.0182864463728556e-11	0.17568563814004887	56.75675675675676
0.8243143619001992	-4.0089648917666763e-11	0.1756856381398903	56.85685685685686
0.8243143619002645	-3.999643337160497e-11	0.17568563813973173	56.95695695695696
0.8243143619003299	-3.990321782554317e-11	0.17568563813957316	57.05705705705706
0.8243143619003953	-3.981000227948138e-11	0.17568563813941457	57.15715715715716
0.8243143619004606	-3.9716786733419586e-11	0.175685638139256	57.25725725725726
0.824314361900526	-3.962357118735779e-11	0.17568563813909743	57.35735735735736
0.8243143619005914	-3.9530355641295994e-11	0.17568563813893887	57.45745745745746
0.8243143619006567	-3.9437140095234194e-11	0.1756856381387803	57.55755755755756
0.824314361900722	-3.93439245491724e-11	0.17568563813862173	57.65765765765766
0.8243143619007874	-3.925070900311061e-11	0.17568563813846313	57.75775775775776
0.8243143619008527	-3.9157493457048816e-11	0.17568563813830457	57.85785785785786
0.8243143619009181	-3.906427791098702e-11	0.175685638138146	57.95795795795796
0.8243143619009835	-3.897106236492523e-11	0.17568563813798743	58.05805805805806
0.8243143619010488	-3.887784681886343e-11	0.17568563813782886	58.15815815815816
0.8243143619011142	-3.878463127280163e-11	0.17568563813767027	58.25825825825826
0.8243143619011796	-3.869141572673984e-11	0.1756856381375117	58.35835835835836
0.824314361901245	-3.8598200180678046e-11	0.17568563813735313	58.45845845845846
0.8243143619013102	-3.850498463461625e-11	0.17568563813719457	58.55855855855856
0.8243143619013756	-3.841176908855446e-11	0.175685638137036	58.65865865865866
0.824314361901441	-3.831855354249266e-11	0.17568563813687743	58.75875875875876
0.8243143619015063	-3.822533799643087e-11	0.17568563813671884	58.85885885885886
0.8243143619015717	-3.813212245036907e-11	0.17568563813656027	58.95895895895896
0.8243143619016371	-3.8038906904307276e-11	0.1756856381364017	59.05905905905906
0.8243143619017024	-3.794569135824548e-11	0.17568563813624313	59.15915915915916
0.8243143619017678	-3.7852475812183684e-11	0.17568563813608457	59.25925925925926
0.8243143619018332	-3.775926026612189e-11	0.17568563813592597	59.35935935935936
0.8243143619018984	-3.76660447200601e-11	0.1756856381357674	59.45945945945946
0.8243143619019638	-3.7572829173998305e-11	0.17568563813560883	59.55955955955956
0.8243143619020292	-3.7479613627936506e-11	0.17568563813545027	59.65965965965966
0.8243143619020945	-3.738639808187471e-11	0.1756856381352917	59.75975975975976
0.8243143619021599	-3.729318253581291e-11	0.1756856381351331	59.85985985985987
0.8243143619022253	-3.7199966989751114e-11	0.17568563813497454	59.95995995995997
0.8243143619022907	-3.710675144368932e-11	0.17568563813481597	60.06006006006007
0.824314361902356	-3.701353589762753e-11	0.1756856381346574	60.16016016016017
0.8243143619024214	-3.692032035156573e-11	0.17568563813449883	60.26026026026027
0.8243143619024867	-3.6827104805503937e-11	0.17568563813434027	60.36036036036037
0.824314361902552	-3.6733889259442144e-11	0.17568563813418167	60.46046046046047
0.8243143619026174	-3.6640673713380344e-11	0.1756856381340231	60.56056056056057
0.8243143619026828	-3.654745816731855e-11	0.17568563813386454	60.66066066066067
0.8243143619027481	-3.645424262125676e-11	0.17568563813370597	60.76076076076077
0.8243143619028135	-3.636102707519496e-11	0.1756856381335474	60.86086086086087
0.8243143619028789	-3.6267811529133167e-11	0.1756856381333888	60.96096096096097
0.8243143619029442	-3.6174595983071374e-11	0.17568563813323024	61.06106106106107
0.8243143619030096	-3.608138043700958e-11	0.17568563813307167	61.16116116116117
0.8243143619030749	-3.598816489094778e-11	0.1756856381329131	61.26126126126127
0.8243143619031402	-3.589494934488598e-11	0.17568563813275453	61.36136136136137
0.8243143619032056	-3.580173379882419e-11	0.17568563813259594	61.46146146146147
0.824314361903271	-3.5708518252762397e-11	0.17568563813243737	61.56156156156157
0.8243143619033363	-3.5615302706700604e-11	0.1756856381322788	61.66166166166167
0.8243143619034017	-3.552208716063881e-11	0.17568563813212024	61.76176176176177
0.8243143619034671	-3.542887161457702e-11	0.17568563813196167	61.86186186186187
0.8243143619035325	-3.533565606851522e-11	0.1756856381318031	61.96196196196197
0.8243143619035977	-3.5242440522453426e-11	0.1756856381316445	62.06206206206207
0.8243143619036631	-3.5149224976391627e-11	0.17568563813148594	62.16216216216217
0.8243143619037285	-3.5056009430329834e-11	0.17568563813132737	62.26226226226227
0.8243143619037938	-3.496279388426804e-11	0.1756856381311688	62.36236236236237
0.8243143619038592	-3.486957833820625e-11	0.17568563813101024	62.46246246246247
0.8243143619039246	-3.477636279214445e-11	0.17568563813085164	62.56256256256257
0.8243143619039899	-3.4683147246082656e-11	0.17568563813069307	62.66266266266267
0.8243143619040553	-3.4589931700020863e-11	0.1756856381305345	62.76276276276277
0.8243143619041207	-3.4496716153959064e-11	0.17568563813037594	62.86286286286287
0.8243143619041859	-3.440350060789727e-11	0.17568563813021737	62.96296296296297
0.8243143619042513	-3.431028506183547e-11	0.1756856381300588	63.06306306306307
0.8243143619043167	-3.421706951577368e-11	0.1756856381299002	63.16316316316317
0.824314361904382	-3.4123853969711886e-11	0.17568563812974164	63.26326326326327
0.8243143619044474	-3.4030638423650093e-11	0.17568563812958307	63.36336336336337
0.8243143619045128	-3.39374228775883e-11	0.1756856381294245	63.46346346346347
0.8243143619045781	-3.38442073315265e-11	0.17568563812926594	63.56356356356357
0.8243143619046435	-3.37509917854647e-11	0.17568563812910734	63.66366366366367
0.8243143619047089	-3.365777623940291e-11	0.17568563812894877	63.76376376376377
0.8243143619047743	-3.3564560693341116e-11	0.1756856381287902	63.86386386386387
0.8243143619048395	-3.3471345147279323e-11	0.17568563812863164	63.96396396396397
0.8243143619049049	-3.337812960121753e-11	0.17568563812847307	64.06406406406407
0.8243143619049703	-3.328491405515574e-11	0.17568563812831448	64.16416416416416
0.8243143619050356	-3.319169850909394e-11	0.1756856381281559	64.26426426426427
0.824314361905101	-3.3098482963032146e-11	0.17568563812799734	64.36436436436436
0.8243143619051664	-3.3005267416970346e-11	0.17568563812783877	64.46446446446447
0.8243143619052317	-3.291205187090856e-11	0.1756856381276802	64.56456456456456
0.824314361905297	-3.281883632484676e-11	0.17568563812752164	64.66466466466467
0.8243143619053624	-3.272562077878497e-11	0.17568563812736304	64.76476476476476
0.8243143619054277	-3.263240523272317e-11	0.17568563812720447	64.86486486486487
0.8243143619054931	-3.2539189686661376e-11	0.1756856381270459	64.96496496496496
0.8243143619055585	-3.2445974140599576e-11	0.17568563812688734	65.06506506506507
0.8243143619056238	-3.235275859453779e-11	0.17568563812672877	65.16516516516516
0.8243143619056892	-3.225954304847599e-11	0.17568563812657018	65.26526526526527
0.8243143619057546	-3.2166327502414204e-11	0.1756856381264116	65.36536536536536
0.82431436190582	-3.20731119563524e-11	0.17568563812625304	65.46546546546547
0.8243143619058853	-3.197989641029061e-11	0.17568563812609447	65.56556556556556
0.8243143619059506	-3.188668086422881e-11	0.1756856381259359	65.66566566566567
0.824314361906016	-3.179346531816702e-11	0.1756856381257773	65.76576576576576
0.8243143619060813	-3.170024977210522e-11	0.17568563812561874	65.86586586586587
0.8243143619061467	-3.1607034226043434e-11	0.17568563812546018	65.96596596596596
0.8243143619062121	-3.151381867998163e-11	0.1756856381253016	66.06606606606607
0.8243143619062774	-3.142060313391984e-11	0.17568563812514304	66.16616616616616
0.8243143619063428	-3.132738758785804e-11	0.17568563812498447	66.26626626626627
0.8243143619064082	-3.123417204179625e-11	0.17568563812482588	66.36636636636636
0.8243143619064734	-3.114095649573445e-11	0.1756856381246673	66.46646646646647
0.8243143619065388	-3.1047740949672664e-11	0.17568563812450874	66.56656656656656
0.8243143619066042	-3.095452540361086e-11	0.17568563812435017	66.66666666666667
0.8243143619066695	-3.086130985754907e-11	0.1756856381241916	66.76676676676676
0.8243143619067349	-3.076809431148727e-11	0.175685638124033	66.86686686686687
0.8243143619068003	-3.0674878765425487e-11	0.17568563812387444	66.96696696696696
0.8243143619068656	-3.058166321936368e-11	0.17568563812371588	67.06706706706707
0.824314361906931	-3.048844767330189e-11	0.1756856381235573	67.16716716716716
0.8243143619069964	-3.0395232127240095e-11	0.17568563812339874	67.26726726726727
0.8243143619070618	-3.03020165811783e-11	0.17568563812324017	67.36736736736736
0.824314361907127	-3.02088010351165e-11	0.17568563812308158	67.46746746746747
0.8243143619071924	-3.0115585489054717e-11	0.175685638122923	67.56756756756756
0.8243143619072578	-3.002236994299291e-11	0.17568563812276444	67.66766766766767
0.8243143619073231	-2.992915439693112e-11	0.17568563812260587	67.76776776776777
0.8243143619073885	-2.9835938850869325e-11	0.1756856381224473	67.86786786786787
0.8243143619074539	-2.974272330480753e-11	0.1756856381222887	67.96796796796797
0.8243143619075192	-2.964950775874573e-11	0.17568563812213014	68.06806806806807
0.8243143619075846	-2.9556292212683947e-11	0.17568563812197158	68.16816816816817
0.82431436190765	-2.946307666662214e-11	0.175685638121813	68.26826826826827
0.8243143619077152	-2.936986112056034e-11	0.17568563812165444	68.36836836836838
0.8243143619077806	-2.9276645574498555e-11	0.17568563812149585	68.46846846846847
0.824314361907846	-2.918343002843675e-11	0.17568563812133728	68.56856856856858
0.8243143619079113	-2.9090214482374966e-11	0.1756856381211787	68.66866866866867
0.8243143619079767	-2.899699893631316e-11	0.17568563812102014	68.76876876876878
0.8243143619080421	-2.890378339025137e-11	0.17568563812086158	68.86886886886887
0.8243143619081075	-2.8810567844189575e-11	0.175685638120703	68.96896896896898
0.8243143619081728	-2.8717352298127785e-11	0.1756856381205444	69.06906906906907
0.8243143619082381	-2.862413675206598e-11	0.17568563812038585	69.16916916916918
0.8243143619083035	-2.8530921206004196e-11	0.17568563812022728	69.26926926926927
0.8243143619083688	-2.8437705659942394e-11	0.1756856381200687	69.36936936936938
0.8243143619084342	-2.8344490113880604e-11	0.17568563811991014	69.46946946946947
0.8243143619084996	-2.8251274567818805e-11	0.17568563811975155	69.56956956956958
0.8243143619085649	-2.8158059021757015e-11	0.17568563811959298	69.66966966966967
0.8243143619086303	-2.8064843475695213e-11	0.1756856381194344	69.76976976976978
0.8243143619086957	-2.7971627929633423e-11	0.17568563811927584	69.86986986986987
0.824314361908761	-2.7878412383571624e-11	0.17568563811911728	69.96996996996998
0.8243143619088263	-2.7785196837509834e-11	0.17568563811895868	70.07007007007007
0.8243143619088917	-2.7691981291448035e-11	0.1756856381188001	70.17017017017018
0.824314361908957	-2.7598765745386245e-11	0.17568563811864155	70.27027027027027
0.8243143619090224	-2.7505550199324443e-11	0.17568563811848298	70.37037037037038
0.8243143619090878	-2.7412334653262653e-11	0.1756856381183244	70.47047047047047
0.8243143619091531	-2.7319119107200854e-11	0.17568563811816584	70.57057057057058
0.8243143619092185	-2.7225903561139068e-11	0.17568563811800725	70.67067067067067
0.8243143619092839	-2.7132688015077268e-11	0.17568563811784868	70.77077077077078
0.8243143619093493	-2.703947246901548e-11	0.1756856381176901	70.87087087087087
0.8243143619094145	-2.6946256922953673e-11	0.17568563811753155	70.97097097097098
0.8243143619094799	-2.6853041376891886e-11	0.17568563811737298	71.07107107107107
0.8243143619095453	-2.6759825830830087e-11	0.17568563811721438	71.17117117117118
0.8243143619096106	-2.6666610284768298e-11	0.17568563811705581	71.27127127127127
0.824314361909676	-2.6573394738706498e-11	0.17568563811689725	71.37137137137138
0.8243143619097414	-2.648017919264471e-11	0.17568563811673868	71.47147147147147
0.8243143619098067	-2.6386963646582906e-11	0.1756856381165801	71.57157157157158
0.8243143619098721	-2.6293748100521117e-11	0.17568563811642154	71.67167167167167
0.8243143619099375	-2.6200532554459317e-11	0.17568563811626295	71.77177177177178
0.8243143619100027	-2.6107317008397528e-11	0.17568563811610438	71.87187187187187
0.8243143619100681	-2.6014101462335725e-11	0.1756856381159458	71.97197197197198
0.8243143619101335	-2.5920885916273942e-11	0.17568563811578725	72.07207207207207
0.8243143619101988	-2.5827670370212136e-11	0.17568563811562868	72.17217217217218
0.8243143619102642	-2.5734454824150347e-11	0.17568563811547008	72.27227227227228
0.8243143619103296	-2.5641239278088547e-11	0.17568563811531152	72.37237237237238
0.824314361910395	-2.554802373202676e-11	0.17568563811515295	72.47247247247248
0.8243143619104603	-2.5454808185964955e-11	0.17568563811499438	72.57257257257258
0.8243143619105257	-2.5361592639903166e-11	0.1756856381148358	72.67267267267268
0.824314361910591	-2.5268377093841366e-11	0.17568563811467722	72.77277277277278
0.8243143619106563	-2.517516154777958e-11	0.17568563811451865	72.87287287287288
0.8243143619107217	-2.508194600171778e-11	0.17568563811436008	72.97297297297298
0.8243143619107871	-2.498873045565599e-11	0.17568563811420151	73.07307307307308
0.8243143619108524	-2.489551490959419e-11	0.17568563811404295	73.17317317317318
0.8243143619109178	-2.48022993635324e-11	0.17568563811388438	73.27327327327328
0.8243143619109832	-2.47090838174706e-11	0.17568563811372578	73.37337337337338
0.8243143619110485	-2.461586827140881e-11	0.17568563811356722	73.47347347347348
0.8243143619111138	-2.4522652725347007e-11	0.17568563811340865	73.57357357357358
0.8243143619111792	-2.4429437179285218e-11	0.17568563811325008	73.67367367367368
0.8243143619112445	-2.433622163322342e-11	0.1756856381130915	73.77377377377378
0.8243143619113099	-2.4243006087161632e-11	0.17568563811293292	73.87387387387388
0.8243143619113753	-2.414979054109983e-11	0.17568563811277435	73.97397397397398
0.8243143619114406	-2.405657499503804e-11	0.17568563811261578	74.07407407407408
0.824314361911506	-2.396335944897624e-11	0.17568563811245722	74.17417417417418
0.8243143619115714	-2.387014390291445e-11	0.17568563811229865	74.27427427427428
0.8243143619116368	-2.377692835685265e-11	0.17568563811214005	74.37437437437438
0.824314361911702	-2.3683712810790862e-11	0.17568563811198148	74.47447447447448
0.8243143619117674	-2.359049726472906e-11	0.17568563811182292	74.57457457457458
0.8243143619118328	-2.3497281718667273e-11	0.17568563811166435	74.67467467467468
0.8243143619118981	-2.340406617260547e-11	0.17568563811150578	74.77477477477478
0.8243143619119635	-2.331085062654368e-11	0.17568563811134721	74.87487487487488
0.8243143619120289	-2.321763508048188e-11	0.17568563811118862	74.97497497497498
0.8243143619120942	-2.3124419534420092e-11	0.17568563811103005	75.07507507507508
0.8243143619121596	-2.3031203988358293e-11	0.17568563811087148	75.17517517517518
0.824314361912225	-2.2937988442296503e-11	0.17568563811071292	75.27527527527528
0.8243143619122902	-2.28447728962347e-11	0.17568563811055435	75.37537537537538
0.8243143619123556	-2.275155735017291e-11	0.17568563811039575	75.47547547547548
0.824314361912421	-2.2658341804111112e-11	0.17568563811023719	75.57557557557558
0.8243143619124863	-2.2565126258049322e-11	0.17568563811007862	75.67567567567568
0.8243143619125517	-2.247191071198752e-11	0.17568563810992005	75.77577577577578
0.8243143619126171	-2.2378695165925733e-11	0.17568563810976148	75.87587587587588
0.8243143619126824	-2.2285479619863934e-11	0.17568563810960292	75.97597597597598
0.8243143619127478	-2.2192264073802144e-11	0.17568563810944432	76.07607607607608
0.8243143619128132	-2.2099048527740342e-11	0.17568563810928575	76.17617617617618
0.8243143619128785	-2.2005832981678552e-11	0.17568563810912718	76.27627627627628
0.8243143619129438	-2.1912617435616753e-11	0.17568563810896862	76.37637637637638
0.8243143619130092	-2.1819401889554967e-11	0.17568563810881005	76.47647647647648
0.8243143619130746	-2.1726186343493164e-11	0.17568563810865145	76.57657657657658
0.8243143619131399	-2.1632970797431374e-11	0.1756856381084929	76.67667667667668
0.8243143619132053	-2.1539755251369572e-11	0.17568563810833432	76.77677677677679
0.8243143619132707	-2.1446539705307786e-11	0.17568563810817575	76.87687687687688
0.824314361913336	-2.1353324159245983e-11	0.17568563810801718	76.97697697697699
0.8243143619134014	-2.1260108613184193e-11	0.1756856381078586	77.07707707707708
0.8243143619134667	-2.1166893067122394e-11	0.17568563810770002	77.17717717717719
0.824314361913532	-2.1073677521060608e-11	0.17568563810754145	77.27727727727728
0.8243143619135974	-2.0980461974998805e-11	0.17568563810738289	77.37737737737739
0.8243143619136628	-2.0887246428937016e-11	0.17568563810722432	77.47747747747748
0.8243143619137281	-2.0794030882875213e-11	0.17568563810706575	77.57757757757759
0.8243143619137935	-2.0700815336813427e-11	0.17568563810690715	77.67767767767768
0.8243143619138589	-2.0607599790751624e-11	0.1756856381067486	77.77777777777779
0.8243143619139243	-2.0514384244689838e-11	0.17568563810659002	77.87787787787788
0.8243143619139895	-2.0421168698628035e-11	0.17568563810643145	77.97797797797799
0.8243143619140549	-2.0327953152566246e-11	0.17568563810627288	78.07807807807808
0.8243143619141203	-2.0234737606504446e-11	0.1756856381061143	78.17817817817819
0.8243143619141856	-2.0141522060442657e-11	0.17568563810595572	78.27827827827828
0.824314361914251	-2.0048306514380854e-11	0.17568563810579715	78.37837837837839
0.8243143619143164	-1.9955090968319065e-11	0.1756856381056386	78.47847847847848
0.8243143619143817	-1.9861875422257265e-11	0.17568563810548002	78.57857857857859
0.8243143619144471	-1.976865987619548e-11	0.17568563810532142	78.67867867867868
0.8243143619145125	-1.9675444330133676e-11	0.17568563810516286	78.77877877877879
0.8243143619145777	-1.9582228784071887e-11	0.1756856381050043	78.87887887887888
0.8243143619146431	-1.9489013238010084e-11	0.17568563810484572	78.97897897897899
0.8243143619147085	-1.9395797691948298e-11	0.17568563810468715	79.07907907907908
0.8243143619147738	-1.9302582145886495e-11	0.17568563810452859	79.17917917917919
0.8243143619148392	-1.920936659982471e-11	0.17568563810437	79.27927927927928
0.8243143619149046	-1.9116151053762906e-11	0.17568563810421142	79.37937937937939
0.8243143619149699	-1.902293550770112e-11	0.17568563810405285	79.47947947947948
0.8243143619150353	-1.8929719961639318e-11	0.1756856381038943	79.57957957957959
0.8243143619151007	-1.8836504415577528e-11	0.17568563810373572	79.67967967967968
0.824314361915166	-1.8743288869515725e-11	0.17568563810357712	79.77977977977979
0.8243143619152313	-1.865007332345394e-11	0.17568563810341856	79.87987987987988
0.8243143619152967	-1.855685777739214e-11	0.17568563810326	79.97997997997999
0.8243143619153621	-1.846364223133035e-11	0.17568563810310142	80.08008008008008
0.8243143619154274	-1.8370426685268548e-11	0.17568563810294285	80.18018018018019
0.8243143619154928	-1.8277211139206758e-11	0.1756856381027843	80.28028028028028
0.8243143619155582	-1.818399559314496e-11	0.1756856381026257	80.38038038038039
0.8243143619156235	-1.809078004708317e-11	0.17568563810246712	80.48048048048048
0.8243143619156889	-1.799756450102137e-11	0.17568563810230856	80.58058058058059
0.8243143619157542	-1.790434895495958e-11	0.17568563810215	80.68068068068068
0.8243143619158195	-1.7811133408897778e-11	0.17568563810199142	80.78078078078079
0.8243143619158849	-1.771791786283599e-11	0.17568563810183283	80.88088088088088
0.8243143619159503	-1.762470231677419e-11	0.17568563810167426	80.98098098098099
0.8243143619160156	-1.75314867707124e-11	0.1756856381015157	81.08108108108108
0.824314361916081	-1.74382712246506e-11	0.17568563810135712	81.18118118118119
0.8243143619161464	-1.7345055678588813e-11	0.17568563810119855	81.28128128128128
0.8243143619162118	-1.725184013252701e-11	0.17568563810103996	81.38138138138139
0.824314361916277	-1.715862458646522e-11	0.1756856381008814	81.48148148148148
0.8243143619163424	-1.706540904040342e-11	0.17568563810072282	81.58158158158159
0.8243143619164078	-1.6972193494341632e-11	0.17568563810056426	81.68168168168168
0.8243143619164731	-1.687897794827983e-11	0.1756856381004057	81.78178178178179
0.8243143619165385	-1.678576240221804e-11	0.17568563810024712	81.88188188188188
0.8243143619166039	-1.669254685615624e-11	0.17568563810008853	81.98198198198199
0.8243143619166692	-1.659933131009445e-11	0.17568563809992996	82.08208208208208
0.8243143619167346	-1.6506115764032652e-11	0.1756856380997714	82.18218218218219
0.8243143619168	-1.6412900217970862e-11	0.17568563809961282	82.28228228228228
0.8243143619168652	-1.631968467190906e-11	0.17568563809945426	82.38238238238239
0.8243143619169306	-1.622646912584727e-11	0.17568563809929566	82.48248248248248
0.824314361916996	-1.6133253579785468e-11	0.1756856380991371	82.58258258258259
0.8243143619170613	-1.6040038033723685e-11	0.17568563809897852	82.68268268268268
0.8243143619171267	-1.5946822487661882e-11	0.17568563809881996	82.78278278278279
0.8243143619171921	-1.5853606941600096e-11	0.1756856380986614	82.88288288288288
0.8243143619172574	-1.576039139553829e-11	0.1756856380985028	82.98298298298299
0.8243143619173228	-1.5667175849476504e-11	0.17568563809834423	83.08308308308308
0.8243143619173882	-1.55739603034147e-11	0.17568563809818566	83.18318318318319
0.8243143619174536	-1.5480744757352915e-11	0.1756856380980271	83.28328328328328
0.8243143619175188	-1.5387529211291112e-11	0.17568563809786852	83.38338338338339
0.8243143619175842	-1.5294313665229326e-11	0.17568563809770996	83.48348348348348
0.8243143619176496	-1.5201098119167523e-11	0.17568563809755136	83.58358358358359
0.8243143619177149	-1.5107882573105734e-11	0.1756856380973928	83.68368368368368
0.8243143619177803	-1.5014667027043934e-11	0.17568563809723423	83.78378378378379
0.8243143619178457	-1.492145148098214e-11	0.17568563809707566	83.88388388388388
0.824314361917911	-1.4828235934920342e-11	0.1756856380969171	83.98398398398399
0.8243143619179764	-1.4735020388858556e-11	0.1756856380967585	84.08408408408408
0.8243143619180417	-1.4641804842796753e-11	0.17568563809659993	84.18418418418419
0.824314361918107	-1.4548589296734965e-11	0.17568563809644136	84.28428428428428
0.8243143619181724	-1.4455373750673164e-11	0.1756856380962828	84.38438438438439
0.8243143619182378	-1.4362158204611375e-11	0.17568563809612422	84.48448448448448
0.8243143619183031	-1.4268942658549574e-11	0.17568563809596566	84.58458458458459
0.8243143619183685	-1.4175727112487788e-11	0.17568563809580706	84.68468468468468
0.8243143619184339	-1.4082511566425985e-11	0.1756856380956485	84.78478478478479
0.8243143619184993	-1.3989296020364197e-11	0.17568563809548993	84.88488488488488
0.8243143619185646	-1.3896080474302394e-11	0.17568563809533136	84.98498498498499
0.82431436191863	-1.3802864928240607e-11	0.1756856380951728	85.08508508508508
0.8243143619186953	-1.3709649382178804e-11	0.1756856380950142	85.18518518518519
0.8243143619187606	-1.3616433836117016e-11	0.17568563809485563	85.28528528528528
0.824314361918826	-1.3523218290055217e-11	0.17568563809469706	85.38538538538539
0.8243143619188914	-1.3430002743993414e-11	0.1756856380945385	85.4854854854855
0.8243143619189567	-1.3336787197931626e-11	0.17568563809437993	85.58558558558559
0.8243143619190221	-1.3243571651869824e-11	0.17568563809422133	85.6856856856857
0.8243143619190875	-1.3150356105808036e-11	0.17568563809406276	85.78578578578579
0.8243143619191527	-1.3057140559746233e-11	0.1756856380939042	85.8858858858859
0.8243143619192181	-1.2963925013684447e-11	0.17568563809374563	85.98598598598599
0.8243143619192835	-1.2870709467622644e-11	0.17568563809358706	86.0860860860861
0.8243143619193488	-1.2777493921560856e-11	0.1756856380934285	86.18618618618619
0.8243143619194142	-1.2684278375499055e-11	0.1756856380932699	86.2862862862863
0.8243143619194796	-1.2591062829437267e-11	0.17568563809311133	86.38638638638639
0.8243143619195449	-1.2497847283375465e-11	0.17568563809295276	86.4864864864865
0.8243143619196103	-1.2404631737313677e-11	0.1756856380927942	86.58658658658659
0.8243143619196757	-1.2311416191251876e-11	0.17568563809263563	86.6866866866867
0.8243143619197411	-1.2218200645190086e-11	0.17568563809247703	86.78678678678679
0.8243143619198063	-1.2124985099128285e-11	0.17568563809231846	86.8868868868869
0.8243143619198717	-1.2031769553066497e-11	0.1756856380921599	86.98698698698699
0.8243143619199371	-1.1938554007004696e-11	0.17568563809200133	87.0870870870871
0.8243143619200024	-1.1845338460942907e-11	0.17568563809184276	87.18718718718719
0.8243143619200678	-1.1752122914881108e-11	0.17568563809168417	87.2872872872873
0.8243143619201332	-1.1658907368819318e-11	0.1756856380915256	87.38738738738739
0.8243143619201985	-1.1565691822757517e-11	0.17568563809136703	87.4874874874875
0.8243143619202639	-1.1472476276695727e-11	0.17568563809120846	87.58758758758759
0.8243143619203293	-1.1379260730633926e-11	0.1756856380910499	87.6876876876877
0.8243143619203945	-1.1286045184572138e-11	0.17568563809089133	87.78778778778779
0.8243143619204599	-1.1192829638510336e-11	0.17568563809073273	87.8878878878879
0.8243143619205253	-1.109961409244855e-11	0.17568563809057416	87.98798798798799
0.8243143619205906	-1.1006398546386747e-11	0.1756856380904156	88.0880880880881
0.824314361920656	-1.0913183000324959e-11	0.17568563809025703	88.18818818818819
0.8243143619207214	-1.0819967454263157e-11	0.17568563809009846	88.2882882882883
0.8243143619207868	-1.072675190820137e-11	0.17568563808993987	88.38838838838839
0.8243143619208521	-1.0633536362139568e-11	0.1756856380897813	88.4884884884885
0.8243143619209174	-1.054032081607778e-11	0.17568563808962273	88.58858858858859
0.8243143619209828	-1.0447105270015979e-11	0.17568563808946416	88.6886886886887
0.8243143619210481	-1.035388972395419e-11	0.1756856380893056	88.78878878878879
0.8243143619211135	-1.0260674177892388e-11	0.17568563808914703	88.8888888888889
0.8243143619211789	-1.01674586318306e-11	0.17568563808898843	88.988988988989
0.8243143619212442	-1.00742430857688e-11	0.17568563808882987	89.0890890890891
0.8243143619213096	-9.98102753970701e-12	0.1756856380886713	89.1891891891892
0.824314361921375	-9.887811993645209e-12	0.17568563808851273	89.2892892892893
0.8243143619214403	-9.79459644758342e-12	0.17568563808835416	89.3893893893894
0.8243143619215056	-9.70138090152162e-12	0.17568563808819557	89.4894894894895
0.824314361921571	-9.60816535545983e-12	0.175685638088037	89.5895895895896
0.8243143619216363	-9.514949809398031e-12	0.17568563808787843	89.6896896896897
0.8243143619217017	-9.421734263336241e-12	0.17568563808771986	89.7897897897898
0.8243143619217671	-9.32851871727444e-12	0.1756856380875613	89.8898898898899
0.8243143619218324	-9.235303171212652e-12	0.1756856380874027	89.98998998999
0.8243143619218978	-9.14208762515085e-12	0.17568563808724413	90.0900900900901
0.8243143619219632	-9.048872079089062e-12	0.17568563808708557	90.1901901901902
0.8243143619220286	-8.95565653302726e-12	0.175685638086927	90.2902902902903
0.8243143619220938	-8.862440986965473e-12	0.17568563808676843	90.3903903903904
0.8243143619221592	-8.769225440903672e-12	0.17568563808660986	90.4904904904905
0.8243143619222246	-8.676009894841882e-12	0.17568563808645127	90.5905905905906
0.8243143619222899	-8.58279434878008e-12	0.1756856380862927	90.6906906906907
0.8243143619223553	-8.489578802718294e-12	0.17568563808613413	90.7907907907908
0.8243143619224207	-8.396363256656491e-12	0.17568563808597557	90.8908908908909
0.824314361922486	-8.303147710594701e-12	0.175685638085817	90.990990990991
0.8243143619225514	-8.209932164532902e-12	0.1756856380856584	91.0910910910911
0.8243143619226168	-8.116716618471113e-12	0.17568563808549983	91.1911911911912
0.824314361922682	-8.023501072409312e-12	0.17568563808534127	91.2912912912913
0.8243143619227474	-7.930285526347524e-12	0.1756856380851827	91.3913913913914
0.8243143619228128	-7.837069980285723e-12	0.17568563808502413	91.4914914914915
0.8243143619228781	-7.743854434223935e-12	0.17568563808486554	91.5915915915916
0.8243143619229435	-7.650638888162132e-12	0.17568563808470697	91.6916916916917
0.8243143619230089	-7.557423342100344e-12	0.1756856380845484	91.7917917917918
0.8243143619230742	-7.464207796038543e-12	0.17568563808438983	91.8918918918919
0.8243143619231396	-7.370992249976754e-12	0.17568563808423127	91.991991991992
0.824314361923205	-7.277776703914953e-12	0.1756856380840727	92.0920920920921
0.8243143619232703	-7.184561157853165e-12	0.1756856380839141	92.1921921921922
0.8243143619233356	-7.091345611791363e-12	0.17568563808375554	92.2922922922923
0.824314361923401	-6.998130065729575e-12	0.17568563808359697	92.3923923923924
0.8243143619234664	-6.904914519667773e-12	0.1756856380834384	92.4924924924925
0.8243143619235317	-6.811698973605985e-12	0.17568563808327983	92.5925925925926
0.8243143619235971	-6.7184834275441844e-12	0.17568563808312124	92.6926926926927
0.8243143619236625	-6.625267881482396e-12	0.17568563808296267	92.7927927927928
0.8243143619237278	-6.532052335420594e-12	0.1756856380828041	92.8928928928929
0.8243143619237931	-6.438836789358806e-12	0.17568563808264553	92.992992992993
0.8243143619238585	-6.345621243297004e-12	0.17568563808248697	93.0930930930931
0.8243143619239238	-6.252405697235216e-12	0.1756856380823284	93.1931931931932
0.8243143619239892	-6.1591901511734145e-12	0.1756856380821698	93.2932932932933
0.8243143619240546	-6.0659746051116265e-12	0.17568563808201124	93.3933933933934
0.8243143619241199	-5.972759059049825e-12	0.17568563808185267	93.4934934934935
0.8243143619241853	-5.879543512988037e-12	0.1756856380816941	93.5935935935936
0.8243143619242507	-5.786327966926235e-12	0.17568563808153553	93.6936936936937
0.8243143619243161	-5.693112420864447e-12	0.17568563808137694	93.7937937937938
0.8243143619243813	-5.599896874802646e-12	0.17568563808121837	93.8938938938939
0.8243143619244467	-5.506681328740857e-12	0.1756856380810598	93.993993993994
0.8243143619245121	-5.413465782679056e-12	0.17568563808090124	94.0940940940941
0.8243143619245774	-5.320250236617268e-12	0.17568563808074267	94.1941941941942
0.8243143619246428	-5.227034690555466e-12	0.17568563808058407	94.2942942942943
0.8243143619247082	-5.133819144493678e-12	0.1756856380804255	94.3943943943944
0.8243143619247735	-5.040603598431876e-12	0.17568563808026694	94.4944944944945
0.8243143619248389	-4.947388052370088e-12	0.17568563808010837	94.5945945945946
0.8243143619249043	-4.8541725063082865e-12	0.1756856380799498	94.6946946946947
0.8243143619249695	-4.7609569602464985e-12	0.17568563807979123	94.7947947947948
0.8243143619250349	-4.667741414184697e-12	0.17568563807963264	94.8948948948949
0.8243143619251003	-4.574525868122909e-12	0.17568563807947407	94.994994994995
0.8243143619251656	-4.481310322061107e-12	0.1756856380793155	95.0950950950951
0.824314361925231	-4.388094775999319e-12	0.17568563807915694	95.1951951951952
0.8243143619252964	-4.294879229937517e-12	0.17568563807899837	95.2952952952953
0.8243143619253617	-4.201663683875729e-12	0.17568563807883977	95.3953953953954
0.8243143619254271	-4.108448137813928e-12	0.1756856380786812	95.4954954954955
0.8243143619254925	-4.01523259175214e-12	0.17568563807852264	95.5955955955956
0.8243143619255578	-3.922017045690338e-12	0.17568563807836407	95.6956956956957
0.8243143619256231	-3.82880149962855e-12	0.1756856380782055	95.7957957957958
0.8243143619256885	-3.735585953566749e-12	0.1756856380780469	95.8958958958959
0.8243143619257539	-3.64237040750496e-12	0.17568563807788834	95.995995995996
0.8243143619258192	-3.5491548614431585e-12	0.17568563807772977	96.0960960960961
0.8243143619258846	-3.4559393153813705e-12	0.1756856380775712	96.1961961961962
0.82431436192595	-3.3627237693195688e-12	0.17568563807741264	96.2962962962963
0.8243143619260153	-3.2695082232577808e-12	0.17568563807725407	96.3963963963964
0.8243143619260807	-3.176292677195979e-12	0.17568563807709547	96.4964964964965
0.824314361926146	-3.083077131134191e-12	0.1756856380769369	96.5965965965966
0.8243143619262113	-2.9898615850723893e-12	0.17568563807677834	96.6966966966967
0.8243143619262767	-2.8966460390106014e-12	0.17568563807661977	96.7967967967968
0.8243143619263421	-2.8034304929487996e-12	0.1756856380764612	96.8968968968969
0.8243143619264074	-2.7102149468870116e-12	0.1756856380763026	96.996996996997
0.8243143619264728	-2.61699940082521e-12	0.17568563807614404	97.0970970970971
0.8243143619265382	-2.523783854763422e-12	0.17568563807598547	97.1971971971972
0.8243143619266036	-2.43056830870162e-12	0.1756856380758269	97.2972972972973
0.8243143619266688	-2.3373527626398322e-12	0.17568563807566834	97.3973973973974
0.8243143619267342	-2.2441372165780305e-12	0.17568563807550977	97.4974974974975
0.8243143619267996	-2.1509216705162425e-12	0.17568563807535117	97.5975975975976
0.8243143619268649	-2.0577061244544408e-12	0.1756856380751926	97.6976976976977
0.8243143619269303	-1.9644905783926528e-12	0.17568563807503404	97.7977977977978
0.8243143619269957	-1.871275032330851e-12	0.17568563807487547	97.8978978978979
0.824314361927061	-1.7780594862690629e-12	0.1756856380747169	97.997997997998
0.8243143619271264	-1.6848439402072615e-12	0.1756856380745583	98.0980980980981
0.8243143619271918	-1.5916283941454731e-12	0.17568563807439974	98.1981981981982
0.824314361927199	-1.581330036719413e-12	0.17568563807438226	98.2982982982983
0.8243143619272011	-1.5782786420825423e-12	0.17568563807437707	98.3983983983984
0.8243143619272032	-1.5752272474456713e-12	0.17568563807437187	98.4984984984985
0.8243143619272054	-1.5721758528088003e-12	0.17568563807436668	98.5985985985986
0.8243143619272075	-1.5691244581719293e-12	0.1756856380743615	98.6986986986987
0.8243143619272096	-1.5660730635350586e-12	0.17568563807435628	98.7987987987988
0.8243143619272117	-1.5630216688981874e-12	0.17568563807435109	98.8988988988989
0.824314361927214	-1.5599702742613166e-12	0.1756856380743459	98.998998998999
0.8243143619272161	-1.5569188796244457e-12	0.1756856380743407	99.0990990990991
0.8243143619272182	-1.5538674849875747e-12	0.17568563807433552	99.1991991991992
0.8243143619272204	-1.5508160903507037e-12	0.17568563807433032	99.2992992992993
0.8243143619272225	-1.547764695713833e-12	0.17568563807432513	99.3993993993994
0.8243143619272246	-1.5447133010769618e-12	0.17568563807431994	99.4994994994995
0.8243143619272267	-1.541661906440091e-12	0.17568563807431475	99.5995995995996
0.824314361927229	-1.53861051180322e-12	0.17568563807430956	99.6996996996997
0.8243143619272311	-1.535559117166349e-12	0.17568563807430437	99.7997997997998
0.8243143619272332	-1.532507722529478e-12	0.17568563807429918	99.8998998998999
0.8243143619272353	-1.5294563278926073e-12	0.175685638074294	100.0
