0.003542007433555816	0
0.0037546286032956178	1
0.004017245304880512	2
0.004266574281803437	3
0.0045386983867101716	4
0.004831008847084595	5
0.005147723624481404	6
0.005479513946445191	7
0.005830830630213002	8
0.006201576534811959	9
0.006616255743532307	10
0.00703042642617957	11
0.0074857955186616865	12
0.007969688536994313	13
0.008484558545218901	14
0.009030715546524348	15
0.00961515076842212	16
0.010230183807063642	17
0.01089735139958281	18
0.011594330491427218	19
0.012350124553734299	20
0.013134022573632276	21
0.013991076592751117	22
0.014889372947574753	23
0.015853124702110533	24
0.016869880231361378	25
0.017963096070505724	26
0.019116606514323564	27
0.020356621976231226	28
0.021661245731788625	29
0.023066588806578636	30
0.024547176110739866	31
0.026137528262784482	32
0.027813663438902347	33
0.029616473074921545	34
0.03152135453285276	35
0.033560500883133226	36
0.03571828887563466	37
0.03802395382754287	38
0.04047950146949453	39
0.04308484304167992	40
0.0458626389670691	41
0.04882833477434989	42
0.051971097014578804	43
0.055328024684391686	44
0.05888887556244038	45
0.06269324048504199	46
0.06673570600965695	47
0.07104076440525509	48
0.07561539488316882	49
0.08050073910334477	50
0.085691295671259	51
0.09121581318915584	52
0.09709782291635505	53
0.10336229101275052	54
0.11002413731448035	55
0.11712885614809632	56
0.1246791581733997	57
0.13272025608870464	58
0.1412724019864222	59
0.1503929387763494	60
0.1600882897848097	61
0.17041856098884778	62
0.18139939694549168	63
0.19311241078229258	64
0.20555399747612357	65
0.2188206640390915	66
0.2329276748453275	67
0.24795169569536113	68
0.26394303505294214	69
0.2809680203659024	70
0.299085889905647	71
0.3183776705204058	72
0.3389038790680494	73
0.3607786271050353	74
0.3840294211011599	75
0.4088073169108677	76
0.43516246163519057	77
0.46324301931425493	78
0.4931068636001832	79
0.5249176620232732	80
0.5587624739726365	81
0.5948131098629226	82
0.633164771967579	83
0.6740038135856361	84
0.7174691676312883	85
0.7637482507045322	86
0.8130028773858857	87
0.8654409214544698	88
0.9212484363045799	89
0.9806743100418871	90
1.0439153552909761	91
1.1112438255096355	92
1.1829060803092204	93
1.2592100527944456	94
1.3404133454926954	95
1.4268667466684501	96
1.5188882650344095	97
1.6168564154569134	98
1.7211237210069772	99
1.8321359864219797	100
1.9502901389388425	101
2.076077550730017	102
2.2099738797366593	103
2.3525011308866413	104
2.5042263948765946	105
2.665737993075642	106
2.837658471403562	107
3.020674369721895	108
3.21548773612866	109
3.422873339201936	110
3.64363057005108	111
3.878612242316735	112
4.1287903370746335	113
4.395053625303294	114
3.66793828826887	115
4.293602633339466	116
3.9490845164765362	117
3.5822906325505053	118
3.191904023537555	119
2.77628291475043	120
2.3338631433644395	121
1.8629777911094618	122
1.3616331842698328	123
1.8385673222105663	124
0.9465900616583431	125
1.007618159466817	126
1.0726258598650222	127
1.141801386260684	128
1.2154279825732661	129
1.2938237907981738	130
1.3772458510064798	131
1.4661082849992513	132
1.560638051435253	133
1.6613029743572354	134
1.7684441269092384	135
1.8824963435486617	136
2.0039090914883047	137
2.133145501305445	138
2.270719797550745	139
2.417179455895793	140
2.5730669970111544	141
2.739033053906301	142
2.9156652188844907	143
3.1037062271968834	144
3.303901712170406	145
3.516966266425892	146
3.743803564313905	147
3.9852600558249467	148
4.242247150243252	149
4.515903154928924	150
4.049172908009766	151
4.602212339129102	152
4.4328950904961975	153
4.252711887588481	154
4.0609052826380685	155
3.856681970507421	156
3.6393747274713824	157
3.4079740439090416	158
3.1616546752658525	159
2.899503152309606	160
2.6203878423483076	161
2.323333255320427	162
2.007021615268623	163
1.6704154113019771	164
1.312042724197785	165
0.9305819610177951	166
0.5244914265819861	167
0.8501436295587546	168
0.1470772114612076	169
0.15652352976260586	170
0.16662438911823985	171
0.1774041959548044	172
0.1888115159928111	173
0.20099728238785358	174
0.21396705903150998	175
0.22775878949404257	176
0.24245278478076546	177
0.25809269272306956	178
0.27472962041438675	179
0.2924595648192758	180
0.3113127699207425	181
0.3313922981307347	182
0.35276212621941366	183
0.3755234616295335	184
0.399739105745487	185
0.4255163640858456	186
0.4529543912070067	187
0.48217463967776053	188
0.5132732478355646	189
0.5463761193700674	190
0.58161109271395	191
0.6191231655303125	192
0.6590522885906951	193
0.7015610025060732	194
0.7468030193612303	195
0.7949730655676142	196
0.8462446267668724	197
0.900812615170922	198
0.9589227511963038	199
1.0207554900027458	200
1.0865971745380962	201
1.156679451884357	202
1.231271007937214	203
1.3106823184317635	204
1.3952193938461175	205
1.485198616132455	206
1.580988144838551	207
1.6829526436464104	208
1.7914905171028548	209
1.907035073888962	210
2.0300236900889463	211
2.160961033677724	212
2.3003197665717563	213
2.4486782425781506	214
2.6066043359839917	215
2.7747175027745326	216
2.9536747194150794	217
3.1441746522420764	218
3.3469428207321648	219
3.5628117913805206	220
3.792585418533937	221
4.037204954583326	222
3.7922582357005625	223
4.231427116236475	224
4.193598453491566	225
4.153326248739935	226
4.110462972801296	227
4.064858198419645	228
4.016264539045103	229
3.9645577712700204	230
3.9095225287388216	231
3.8509444245841538	232
3.7885799902087847	233
3.7222206752856835	234
3.651504725321823	235
3.5763254265305306	236
3.496208554869015	237
3.410995049436858	238
3.3202223390775876	239
3.223650893340976	240
3.120831732738843	241
3.011382796053221	242
2.8948667566821498	243
2.7708210838579403	244
2.638822042646905	245
2.498264571513597	246
2.3486725884105866	247
2.1893886846886508	248
2.0199164311867177	249
1.839420010923792	250
1.647344831279085	251
1.4428609118119176	252
1.2251673740057485	253
0.99346431883229	254
0.7467947655333024	255
0.9895408964928359	256
0.5480592412045633	257
0.5834173506997322	258
0.6210418156900165	259
0.6610888797775043	260
0.7037317458579628	261
0.7491180067301266	262
0.7974301552878595	263
0.8488571722767757	264
0.9036091691466706	265
0.9618850002952891	266
1.0239147365297274	267
1.089960052823082	268
1.1602538160705813	269
1.235086389160476	270
1.314740563633975	271
1.399531220903458	272
1.4897931138869112	273
1.5858806731298714	274
1.6881582129270876	275
1.7970407558098718	276
1.9129285774497338	277
2.0363104801201515	278
2.167636664138613	279
2.3074396503027117	280
2.4562579635759185	281
2.6146701698184023	282
2.7832990451779285	283
2.9628159393592126	284
3.153874932771158	285
3.357327722232209	286
3.194861290392945	287
3.5468393391551305	288
3.5425530777607586	289
3.537940797950908	290
3.5331245824079245	291
3.5278948811222826	292
3.522427123572531	293
3.5165069228913453	294
3.5103068104814508	295
3.503611440181681	296
3.4965623228829514	297
3.4890090919122496	298
3.480972053994601	299
3.4724618219451493	300
3.463319314669049	301
3.4536860632515936	302
3.4433515987780114	303
3.432404125731701	304
3.4207059098140613	305
3.408295706470555	306
3.3950483935826394	307
3.380985277557923	308
3.365963787239939	309
3.350019779998374	310
3.3330271744208724	311
3.314944256403135	312
3.2956914954949297	313
3.275213606118067	314
3.2533854863483196	315
3.230168340351587	316
3.2054554947297333	317
3.179132520956748	318
3.151109235378521	319
3.1213216379951234	320
3.0895418512425077	321
3.055784426082841	322
3.019809852260124	323
2.981525048044573	324
2.9407690541423017	325
2.897405156131591	326
2.851194823244609	327
2.8020478920216925	328
2.749744260221153	329
2.693990131691349	330
2.6347341388067074	331
2.5715748527236553	332
2.504411456778697	333
2.4328551343083906	334
2.356755619611306	335
2.2756727082040946	336
2.1894028077834644	337
2.097578448482164	338
1.999786588958996	339
1.8957266776168793	340
1.784930407730707	341
1.6670080235375409	342
1.541494136582438	343
1.4078438481545625	344
1.2656208717232054	345
1.1141852880656635	346
0.9529699125753996	347
0.7814221116079156	348
0.5987497412628626	349
0.4043299759100068	350
0.19735972863757056	351
0.35601056346418225	352
2.358528467749643e-06	353
3.3041891904783682e-06	354
7.881179323376841e-06	355
5.710602579700463e-06	356
2.8844501775981968e-06	357
6.166901348025888e-06	358
3.6758850416873656e-06	359
1.5290081032404146e-06	360
1.2315077091429316e-06	361
1.936888200049225e-06	362
2.0426939211226625e-06	363
1.7128331752935821e-06	364
8.246729021887944e-07	365
1.4311916169962302e-06	366
1.3402602896395166e-06	367
1.2519597734073074e-06	368
1.5510189221856763e-06	369
1.5558662629366893e-06	370
5.124308279924605e-07	371
3.6309467179584942e-06	372
7.885194917012228e-07	373
9.72918968056291e-07	374
7.875597394235712e-07	375
2.7823431258955367e-06	376
2.927166125044067e-07	377
1.0101896402714416e-06	378
1.7574766686401236e-07	379
5.910609890413816e-08	380
2.332458032550111e-06	381
2.855427752579409e-06	382
2.263342611996677e-06	383
5.221673261002202e-06	384
3.0861167277240753e-06	385
6.3160912811e-07	386
3.1073205181142427e-06	387
4.79390373464561e-06	388
1.8567647200873338e-06	389
2.0760835406363753e-07	390
5.017492228920339e-06	391
2.4329554766389094e-06	392
3.044090379322739e-06	393
6.265621796730514e-06	394
5.414870780651171e-07	395
3.987330830845792e-06	396
2.309733481808962e-06	397
3.821340374132731e-06	398
2.9255337536948645e-06	399
2.6265162811345277e-06	400
5.752310601181421e-07	401
6.882829365117971e-06	402
9.592445642248038e-07	403
9.855634317768036e-06	404
3.726834164829995e-06	405
1.0651573680853232e-05	406
1.8410263060708587e-06	407
6.7812285431401165e-06	408
5.860540596813735e-06	409
7.173394259041288e-06	410
2.607299512291661e-06	411
7.0218080361339474e-06	412
5.865048360309544e-06	413
8.013107369198025e-06	414
7.5247289181845645e-06	415
1.2111922958579768e-05	416
4.594253826262218e-06	417
1.20484269354737e-05	418
9.002583514217122e-06	419
1.396098344141894e-05	420
6.377687767900042e-06	421
1.4434305735000486e-05	422
1.5005106715038075e-05	423
9.139254337264813e-06	424
1.8792444299975397e-05	425
1.6067724836532626e-05	426
1.5774057620210336e-05	427
2.242183699274758e-05	428
1.3844928506201448e-05	429
2.243270408480713e-05	430
2.4903522767016906e-05	431
2.0715535303500454e-05	432
2.2960770694885335e-05	433
2.9099424494027915e-05	434
2.923169231935918e-05	435
3.221184988369541e-05	436
2.8091522279699577e-05	437
3.781702688823718e-05	438
3.6729379799538275e-05	439
3.8754286170006313e-05	440
4.186561792565713e-05	441
4.561785905057847e-05	442
4.452304484842129e-05	443
5.014055679022911e-05	444
5.1164064809039456e-05	445
6.158682856166608e-05	446
5.891211088737691e-05	447
6.924480285042112e-05	448
6.183592374281455e-05	449
7.737464988522014e-05	450
7.722812548877078e-05	451
8.151818077933859e-05	452
8.834440547728084e-05	453
9.732883809310255e-05	454
9.915290492690243e-05	455
0.00010605456113377265	456
0.00010932605032509812	457
0.00012759553279428903	458
0.00012563382582464477	459
0.0001361396986913066	460
0.00014622580527301476	461
0.00015916989877218235	462
0.00016408238625087446	463
0.0001750338766945969	464
0.00018428620668309303	465
0.0002047559050444292	466
0.00020985378910198804	467
0.00022864209926187762	468
0.00023090491885691122	469
0.000264565100487113	470
0.0002701312210351414	471
0.00029192878373596187	472
0.0003060545257951297	473
0.00033255232221085507	474
0.0003456862563031571	475
0.000373490610135363	476
0.00039264395745486347	477
0.0004279707854362158	478
0.00044280660686379925	479
0.0004830185596120806	480
0.0005067831789120625	481
0.0005464596442692482	482
0.0005721228563211334	483
0.000615986484940656	484
0.0006521205333300806	485
0.0006980864277930099	486
0.0007421507003593231	487
0.0007865631458929823	488
0.0008378886618656267	489
0.0009002192899218997	490
0.0009442797255727609	491
0.0010177115970151362	492
0.001073842869014019	493
0.0011517139454082503	494
0.0012198480954122015	495
0.001300471030551975	496
0.0013826443854882964	497
0.0014774518332485442	498
0.001567215620636997	499
0.0016728328886652655	500
0.0017758597623702688	501
0.0018973290974508839	502
0.00200997273372594	503
0.0021497763826416882	504
0.002279435355142967	505
0.0024338590358445877	506
0.0025848482452075494	507
0.00275394012427288	508
0.002928489573679749	509
0.003126717205613805	510
0.003319628737966984	511
