4.077817452085089e-07	-0.00027111951442120117	-0.009137991890779476	-0.2012924993534299	0
-5.256404840694664e-07	0.00043949183778105197	0.10583399904323786	1.7500722981671661	1
2.507247435650536e-07	-0.0005605190210696404	-0.11564166754852456	-2.126218319047764	2
7.824761628729185e-08	0.0003438238723033635	0.104730475101558	1.728356928315018	3
1.0542510305662414e-08	-0.0002879246705934373	-0.10081927482973432	-1.3219391835812497	4
-1.32064734202419e-07	0.0011884272511862718	0.1703446886784663	2.189140204868838	5
5.376833255162864e-09	-0.0013201683825877007	-0.23293185791581353	-2.9896443002781425	6
5.3468390256235405e-08	0.0012724571933232357	0.16642720934463678	2.109529112330905	7
1.3640275590935257e-07	-6.923369558095441e-05	-0.06420673029549713	-1.006451620934142	8
-3.7789174663419023e-07	0.0006295989409481757	0.06948035446928555	1.3590299200688483	9
3.221339628587923e-07	0.00021459402729164228	-0.03600034677785507	-1.0188207222474712	10
-4.9973570484659544e-08	-0.0003718740401209988	-0.021208050114039437	0.179803696002989	11
-2.8272402226542197e-08	-1.8830883920975755e-05	-0.03736864868690001	-0.8023544782893253	12
-2.2327909042821857e-08	-0.0002311742232597759	0.014555971222604769	0.3678597881145619	13
2.6970755129035115e-08	0.0007876623262065447	0.0980856994749921	1.1416726134324895	14
-5.1477844937274087e-08	-0.000995102376341536	-0.05724682578446108	-0.5603484310067778	15
1.3076583320445652e-07	-0.00039116561318951876	-0.01223631245395107	-0.2374996900146843	16
-1.8949763727160816e-07	-0.00017787919261658645	0.026038459973845893	0.4010553215678052	17
1.4999918950724458e-07	-0.00035182493654978676	-0.05952586127309735	-0.957380171227206	18
-2.0610547384525193e-07	-0.0007436208849957666	-0.0009683962440699273	0.0967858327936102	19
3.240714621825856e-07	0.00025266578134249776	0.0816683965047578	1.0399312361748672	20
-2.5640793718463464e-07	-0.0006592853342330259	-0.13095111993037323	-1.6422240821185232	21
1.0404331160800053e-07	0.0006815920286526347	0.11363750430722439	1.38356086710706	22
-8.912332220356936e-08	-0.00015382741850444485	0.04344803451203856	0.6883366872486676	23
1.4597878748075915e-07	-0.0003553649866403924	-0.15869608398867754	-2.0244771340180763	24
-1.3362043022610917e-07	0.0007609955713591571	0.07442781457715159	0.675505873200296	25
1.28680386107978e-07	2.375111687735233e-05	0.04860524498211441	1.0416692243682761	26
-1.8237861132061866e-07	0.000603762547538166	-0.051067750428083356	-1.0685329841366258	27
2.1231062571685708e-07	1.1748903339580123e-05	0.02147493567673662	0.37030340416695057	28
-2.1352274967578744e-07	0.0005735695278439692	0.04182301036338434	0.8488700497779509	29
1.8294989260689287e-07	-0.0005293677840470896	-0.1469750891682285	-2.1409345208107053	30
-1.8524167375174282e-07	0.000906809356799066	0.13482953647925564	1.7800383944992793	31
2.4701838332794046e-07	-0.0003025185111354702	-0.07375768166649037	-1.0061820231875565	32
-2.3005113514553213e-07	0.0005306103335546331	0.07874648501789194	0.9768997579414593	33
1.3467681922018498e-07	2.7118834644837206e-06	-0.012466339903035868	-0.024811939689309614	34
-1.5841713547990605e-07	-0.0006481119653585369	-0.06243972254857098	-0.9542054224943052	35
1.7221470018308552e-07	-0.00014887650296592763	0.0010901550591830428	0.1448693528282925	36
-5.155225803752175e-08	0.000267465356672891	0.06957950598479279	0.9288850581463428	37
-8.186417885421016e-08	-8.381955131358306e-05	-0.0398499071537753	-0.7006226511021708	38
1.384022154937714e-07	-0.0004906800252037252	0.00028562702544416424	0.2804790714189562	39
2.4759814212793607e-08	-7.939424953357522e-05	-0.04118214322630545	-0.9095418595294266	40
-1.9992804277998294e-07	2.999765707522358e-05	0.04754699731649967	0.9514184179044969	41
1.6493125856937088e-07	0.0003407428790404752	0.06720087725204829	0.6852949001221993	42
-1.2980924686588693e-07	-0.0008264448795671569	-0.1354257106585337	-1.9037336049983935	43
1.9332345848645238e-07	0.000472429570433744	0.09040490398805938	1.552624799219097	44
-1.626585023799601e-07	-0.00038237021185509286	-0.04997623322049059	-0.9713902715656665	45
2.3819483066078034e-08	0.0005371265381557523	0.1147816467585709	1.8531910854974936	46
-2.437417036607603e-08	-0.0004396907461605105	-0.12131023141357206	-1.9077604808832442	47
1.8317854310213183e-07	0.00011642092079757827	0.03216853414477667	0.5318546066789791	48
-2.1946294733073135e-07	-0.0002211700313096811	-0.04072841228684685	-0.6062859847907935	49
3.393836668121042e-08	5.484265445680411e-05	0.05590774150280137	0.9629020498763304	50
5.451767617035974e-08	0.0006128610523348644	0.0074502781742517375	-0.2284436935441259	51
2.3914283346984644e-08	-0.0007523493058310517	-0.03721768636218227	-0.05826827110034616	52
-5.574720399886823e-08	0.0006055092384722304	0.009272871650890524	-0.1986702174628242	53
1.1494440646736895e-07	-0.00019363162903967114	-0.03763511059769595	-0.31938301408240855	54
-2.2463578603802367e-07	0.0005884663358696829	0.026999508122462774	0.08880166346892215	55
9.982671180831793e-08	0.00021844466535764825	0.0362431017704214	0.7856069895997086	56
1.1084528503402247e-09	0.0004732424183431978	-0.03844144266799014	-0.9129637925704635	57
1.9525159341594878e-07	0.0007343413126801391	0.10187102595146572	1.591734374116958	58
-2.3691465168796874e-07	-0.000653476848775902	-0.10397594436070742	-1.3403804428115036	59
1.0753323876570159e-07	0.00016884765586841965	-0.039069569900616344	-0.56403034684901	60
-1.3966455895096652e-07	0.0003310180662468541	0.05033951733063198	0.5809396963540556	61
2.6310715621003303e-07	9.44126785110762e-05	0.013691037081231875	0.35841495104153176	62
-3.5271353059302193e-07	-0.0003906588563245463	0.0359053048271977	0.3731412108490603	63
3.37001830630259e-07	-0.0001552787556944519	0.016135649484869976	0.21927548295503743	64
-2.4521273153622555e-07	-0.0005980074157645515	-0.052237503038881715	-0.7092283524136664	65
1.4732930224761742e-07	-0.0007089059936700834	-0.08865620500859461	-1.0886353967153815	66
-3.725180660295313e-08	-0.0004499719677957671	0.07341161631501526	0.9371994735288853	67
5.0683946874532926e-09	0.0002917004379493675	0.08111014021610356	1.1886225821187195	68
-5.3834538877532007e-08	-0.001507315829896392	-0.16879907285627493	-2.41510432779884	69
7.801235047755553e-08	0.00045655133577889116	0.09311361360127302	1.2911795033566908	70
-6.092115789049432e-08	0.00018366405300375118	0.06260755981703574	0.8550726396500339	71
1.904183153317654e-07	-0.00022846565053698644	-0.04788074212234642	-0.6132507973091633	72
-4.443576025196967e-07	0.0002802889444400449	0.015010295438162478	0.025275834832350075	73
4.4834074288150824e-07	-0.0003191267211858301	-0.0808478917022625	-0.8994462429742414	74
-2.5942647624132426e-07	0.0004974400021248676	0.018334563226532513	0.06110121108086693	75
2.745388472829603e-07	0.00025111072988585675	0.08046193790282169	1.3094931535996825	76
-3.843661918233668e-07	0.0007894355725899167	-0.015756128559274225	-0.36124317168421116	77
3.285211119001194e-07	8.700173607497285e-05	-0.010040119650005234	-0.13325945109337403	78
-2.0836188324756602e-07	-0.00016024292656497113	-0.09137566324567678	-1.2553630988747653	79
2.4388653990315215e-07	0.0007536805615256026	0.09777458684111517	1.5006617750101379	80
-3.47437175873995e-07	0.0006725839581009584	0.05704338206656041	0.60692718122648	81
2.7005913712544946e-07	-0.0003409826149026857	-0.09105356713926929	-1.1152561657937103	82
-8.723067841144572e-08	-0.00027260697804189736	-0.04410679334231007	-0.5399446573792432	83
1.0745667665922054e-07	0.00015716617304004955	-0.004464914542910828	-0.30534699664052567	84
-1.6108021501154077e-07	0.0006462763852376819	0.13267303008305115	1.967393288280873	85
7.525326321550924e-08	-0.0008038377477140577	-0.11106740449102427	-1.5833283703998777	86
-9.85619975453142e-08	-0.0001799002513044115	0.0407972466795232	0.6087941559990993	87
2.2232207064123294e-07	0.00041104752250359367	0.05505168657270691	0.6832545615972502	88
-2.678572968359272e-07	-0.0011247217858978233	-0.12176342822914227	-1.7528318682272017	89
1.8083002571028794e-07	0.0008008367146508551	0.12739023256466125	1.8322778422368828	90
-4.3358263617041676e-08	-0.0007380974300375889	-0.049292545016507976	-0.5498231127704659	91
1.7571078226533837e-07	-9.071394177178563e-05	-0.05041207952094763	-0.846743724567923	92
-3.3542675181462075e-07	-0.0005792311415585305	-0.05373950466163154	-0.40353445464436166	93
2.2615493635962103e-07	0.0009490114415746458	0.11807180839071525	1.240189451037622	94
-1.0747480345594217e-07	0.00012448768052029675	-0.02287862457427478	-0.24636373766813724	95
9.049376084070693e-08	9.179716674494274e-06	0.013415652750741707	0.23242456925590788	96
-2.1251729467235223e-07	0.0004883345425533919	0.02312468090765428	0.09243312890516608	97
2.8188277548225026e-07	-0.0005167604994548176	-0.07125793730458878	-0.5580250183341258	98
-2.394540164414897e-07	-0.00015836283251281216	0.007409782322167631	-0.06509518961114819	99
2.1747417362815227e-07	-0.00032295810118090863	-0.008307442417141736	-0.009826992884657604	100
-1.1570447075567782e-07	0.0006135517181159359	0.1221726584048342	1.515829873996772	101
-2.1337537492427915e-08	-0.0013381515717365551	-0.09361220647623184	-1.1497744609754639	102
9.808121151052337e-08	-0.0011915612142439705	-0.09284182767351712	-1.4970758772161572	103
-5.0767393393867134e-08	-0.0004940263473525899	0.08842088523585762	1.4961862659250142	104
-7.376688257671252e-08	-0.0001726756833452292	0.013992257868699728	-0.19731252903547666	105
1.246074411032777e-07	-0.0007714133564820136	0.03538571098877041	0.7892888993065508	106
-6.808400163343508e-08	-0.000595643294453443	-0.10208191637726634	-1.3786637812340936	107
8.71437481660001e-08	0.000910886557326337	0.1438887178543623	1.7200555961105772	108
-1.1459554698082294e-07	0.0004396709305604263	-0.1446215020904594	-1.7951306218679681	109
-2.226714562736376e-08	0.002508793002951419	0.10751881019235249	1.5576544071988823	110
3.161925942273382e-07	0.0031325892104725824	-0.046793955368450366	-0.8450543225186429	111
-7.473858327935014e-07	0.004895710605580884	0.04042010170426518	0.5628892670102055	112
5.34542893731115e-07	0.0057569428987614135	-0.03846878854714363	-0.5951374216768742	113
0.02595770596970782	0.008839488359701574	0.012052830983392007	-0.05599488117925211	114
-0.009994550364294601	0.007955832892070403	-0.062303474852186375	-0.7336305237735494	115
0.015962189878500673	0.011494057825894521	0.16503851923369733	2.0759128956482438	116
0.015963634917999427	0.010984632887229171	-0.17927810469012181	-2.691838749926233	117
0.015962005183155607	0.013259252487145726	0.18124778105453673	2.4357976521289655	118
0.015963462272772552	0.012364344683837252	-0.02714021502314098	-0.8371767133788722	119
0.015963292848788536	0.011935335786969405	-0.04880983084875844	-0.6170672664713409	120
0.015961545088380633	0.012528501154905877	0.12070800901943074	1.4970461683046254	121
0.015963850641008574	0.010242834801037153	-0.05956376882980067	-0.9913928736829045	122
-0.009994902075848305	0.008493530466585691	-0.030984478613530264	-0.5315778392727453	123
0.025957262181544073	0.008696373832394988	0.049473502365977425	0.4430728606790826	124
5.578013972029269e-07	0.006885755022962995	0.11592132377167659	1.527913286949449	125
-5.628454615094628e-07	0.003561400383010305	-0.1566631328630646	-2.0061135664002183	126
7.443994539454036e-08	0.0034417678932811054	0.07322656366154667	0.9837477909915999	127
3.4075988141293347e-07	0.002007181143831661	-0.01752103268363688	-0.31451578931347657	128
-1.9105709360931215e-07	0.0015672724382670207	0.05182016574376261	0.5621326873328686	129
5.755011958573863e-07	-0.00035452999103824026	-0.10297733729533869	-1.2841555377982379	130
-9.68574383215505e-07	0.0002669194362294636	0.0756859132243235	0.8846793280971698	131
6.702575903918119e-07	-0.0009816315431592868	0.0074744456254697	0.26500635326628674	132
-3.189251446287578e-07	-0.0012852776392537962	-0.1262900909247211	-1.6059978117656462	133
9.462463639600899e-08	0.00038742341669097504	0.20106985069520486	2.770233900526626	134
6.756620320852967e-08	-0.001425426815608488	-0.08976512981924277	-1.5189291272129168	135
-5.5606591773364614e-08	-0.0008825033772791232	-0.07648457192758917	-0.8913814083884871	136
1.1874086920833637e-07	-0.0006480492201627069	0.025747026710877988	0.40280942599757186	137
4.542995029168176e-08	0.0005119174116230676	0.13606724904663792	1.662315709223593	138
-2.777610329956527e-07	-0.0013707064444720503	-0.1097092856563128	-1.1620660562593046	139
1.8339914079870852e-07	-0.00020983268281623408	-0.04274297481823016	-0.8699528729140233	140
-4.4933208569577013e-07	-0.00018170418070062675	0.048559727111112255	0.8744733689820336	141
5.211667041203063e-07	0.0003104523526950951	0.03633624516165669	0.3202158918897994	142
8.328389116362116e-08	-0.00048807263711417493	-0.01612757387715359	-0.09528147195815295	143
-6.069948915624719e-07	-0.00022441908290512597	-0.11086820306503997	-1.5261635152086859	144
4.828736910922381e-07	0.001496243376292073	0.11288118985158502	1.18705475715627	145
-3.2008804728175626e-07	0.0005357887010799974	0.025021332632206475	0.9668212280998811	146
-4.8966461133016434e-08	0.0016807904477618735	-0.06003034730352777	-1.17422893948258	147
1.029925639257944e-06	0.0029982538723761403	0.05427181754012911	0.6847731169534943	148
-1.4016969002365295e-06	0.003427588762041919	-0.020749634508284168	-0.14482823367996528	149
0.019469615684812987	0.005082827697616475	0.0041382776096577575	-0.21596232175744423	150
-0.007497536856936894	0.005875854407859688	-0.05844552055703507	-0.8759917311615902	151
0.011973200829892412	0.007318126522537803	0.03813530798962984	0.5926809105693548	152
0.01197181197799721	0.009512330566940667	0.03600730174595149	0.14868136685403924	153
0.011971878347568802	0.009914666818102753	-0.015027647872109712	-0.1893497488371232	154
0.011973066177432498	0.011671479107655326	0.10901446971468871	1.2118500597867574	155
0.011970822720326152	0.011190241912662656	-0.08094550600744899	-1.1039215495370402	156
0.011972834651671344	0.01256527496565047	-0.027725405016442356	-0.3287669023433021	157
0.011972696542401403	0.014275929193635356	0.17838458454359854	1.8629465772718166	158
0.011971307432935091	0.012050042975474996	-0.17332739028020452	-2.297569931256933	159
0.01197275783700633	0.013842270918884507	0.15644729427207882	1.8862504467006769	160
0.01197116237172072	0.01230045107817603	-0.11214362790199069	-1.8815309011748425	161
0.011973697034226481	0.013018447685433303	0.12837441794377918	2.035333815513426	162
0.011970979846045204	0.010774563483710834	-0.06883972607374847	-1.4398982287990036	163
0.01197245033070106	0.010671832833125814	-1.6903218715089846e-05	0.11550230775059833	164
0.011971808781216071	0.010075559145259486	0.16617780142936173	1.756733742678833	165
0.011972519407582441	0.007033925994068409	-0.19563074497577976	-2.332943809402331	166
-0.0074958723134928825	0.0064101487598868506	0.08018527302169698	0.9395527605400511	167
0.019467432209302103	0.006020654346687648	0.022526569447954822	-0.15626661665861608	168
1.0106697750076644e-06	0.0033978326782490185	-0.0227517133407147	0.11520354902858737	169
-1.5306367328346646e-07	0.002843360175701497	0.04657069884635251	0.21713400676619132	170
-8.593821106394348e-07	0.0016030429320991182	0.01258263580417077	0.5086367092789605	171
8.802025997758011e-07	0.0008512600128981187	0.022103306052698	0.05331095307237921	172
-2.175574681455945e-07	-0.00023063703927628763	-0.07564146501213273	-1.0573732834168938	173
-1.686468638770677e-07	-0.0007821789133995872	-0.0330201806166215	-0.3192895909989967	174
2.0444217243599516e-07	8.900306749994404e-05	0.10904701532634099	1.4932025801721738	175
-1.236889646319666e-07	-0.0017586703564615907	-0.152454540383355	-1.9841247376307847	176
-7.825993711364429e-08	0.00022996919357533958	0.09473927576244517	1.1429932600638943	177
2.2143716199097066e-07	-0.0005769360375565147	-0.006446638928080312	-0.04327446961122661	178
-2.929810871630514e-07	8.332733747775067e-05	0.11336409604362838	1.5692269687205964	179
2.264565163890165e-07	-0.0009875745242358355	-0.12975166516796094	-1.704550580774471	180
-4.057283681474597e-08	-0.00021608652784840262	-0.07273456163977801	-0.9309419149231228	181
8.062547637432017e-08	0.0015079524944988751	0.20244512300571108	2.376726629624753	182
-2.602765820080297e-07	-0.0009716768225511221	-0.16573686148805936	-1.9132720918079897	183
9.088667143441597e-08	0.000707142579898772	0.052084516468204625	0.6578264256356421	184
9.501289921303412e-08	0.00041023465481903774	-0.01566917073037629	-0.5184550200555603	185
1.3923286578689485e-07	0.00015888597783363513	0.003654689721833016	0.5860557004207928	186
-1.8494276289679912e-07	0.00040219255534355044	0.037870359597569375	0.0428486593544557	187
-2.6088594730485845e-08	0.0007558769868015417	0.04678756347699178	0.8239870491294599	188
1.0502063096983275e-08	-0.00039573665031252317	-0.05942384009757401	-0.9125592239347349	189
8.370709696312734e-08	-0.00019608535795547475	-0.027131776229613134	-0.1530633660728338	190
-3.544925173022684e-08	0.00015031486637898778	0.08251002314235319	0.9731722900610741	191
2.287365662081032e-08	-0.0002233719778236673	-0.09905027972531685	-1.3647790244996862	192
-8.972598326134618e-08	-0.00027593113204598535	0.03446050060889564	0.6212380286353527	193
1.2279008575091614e-07	-0.00015127198827683192	0.0029501905350304836	-0.22612801218160827	194
-1.3843692077289502e-07	-0.0003677334988115054	-0.01934015674089361	-0.1879803665129926	195
-5.22665404576253e-09	-0.0003356108989557578	0.032714664675037586	0.7295519932835999	196
2.5945355099099305e-07	-3.973586035198903e-05	-0.02873513171384362	-0.7233104923192653	197
-3.2656920923577245e-07	-0.00021284564488636677	0.021568810136502532	0.5562590175485183	198
3.201824214423693e-07	9.718780160577502e-05	-0.052020428399623654	-0.8514997536991454	199
-2.2119681839199816e-07	-0.00015512101596720058	0.08899230128081143	1.3838877414725794	200
-7.142070956997135e-08	0.00044970090868034433	-0.09803317564620964	-1.557309504895803	201
2.0187618651854207e-07	0.0007051825401292692	0.13043626358652233	1.929508119974099	202
-2.9617589933209933e-08	-0.00024196636894003448	-0.11920081615397218	-1.9454889614583264	203
-1.3686800206375287e-07	0.0003386081226546369	0.029014653377861646	0.8106539054985149	204
1.206630451826068e-07	0.0007422082788064549	0.04615357583679307	0.3843990173470711	205
-6.286872219324856e-08	0.00019041261125446376	0.0023836039431468815	-0.01648642470088235	206
1.2230436842431379e-08	-0.0006326094526287373	-0.10468965299802867	-1.1364611494934687	207
8.339472405975885e-08	0.0008767459776753501	0.11131699054909774	1.3715034039369205	208
-8.592609202536915e-08	-0.00028945166436677907	-0.03745743745900906	-0.6586446616180317	209
1.1761763547423094e-07	-0.0004340316122507323	-0.03059793497209981	-0.46785494384814846	210
-3.098804944053459e-07	0.00011607483669525201	0.1253753646328281	1.945943161663002	211
2.897325416258796e-07	-0.000549119578823443	-0.09093393915143608	-1.456845061229278	212
-1.5342992298319688e-08	-0.0010202034862841192	-0.05045010841268184	-0.4294266947038331	213
2.181126351904171e-09	-0.0002366822640971931	0.03538157367006747	0.3393771525031194	214
-4.188201309558454e-08	-0.0007755868341315048	-0.021236181436017573	-0.13819226803931384	215
-8.508920196529605e-08	0.0006054013740731336	0.03583934798865858	0.06683418964217858	216
-1.099362153617273e-07	-0.00016118792496413157	0.04071132637955041	1.2245508403691496	217
3.512440323097648e-07	0.00046793225818650853	-0.08116674146028481	-1.4474321584761691	218
-2.4926862639111386e-07	0.001250612330390088	0.046607917377743224	0.5831480386526093	219
2.0527239474150364e-07	0.001319938471758592	-0.06907963315134603	-0.9136327130335463	220
-4.826834685806676e-07	0.0035021070778578443	0.09147090263085207	0.9789328303198294	221
0.012979831542895066	0.003560302040919084	0.057425497013251066	0.9965392203182275	222
-0.004998249011943405	0.0038461963538052348	-0.07866910245212153	-1.2183059397389964	223
0.007981516636620774	0.004460434964678951	-0.11827634331983083	-1.3915259201468735	224
0.007981614317717909	0.007376447991856349	0.17274149041149572	1.877060759238699	225
0.007981453448781392	0.006462811071156885	-0.028505143772062935	-0.38712608474782134	226
0.007980864071052076	0.007420551255412895	0.012103783356300453	0.051249234840726965	227
0.007982087496023037	0.008165933941004379	0.03912833466417209	0.5483281044127932	228
0.007981550312031254	0.007968369877996795	-0.042914538515049026	-0.649233178420617	229
0.007981387840601659	0.008193751868652576	-0.02447222097298083	-0.6608345941092572	230
0.007981218143367198	0.008572721185758324	0.051192847200656755	1.018438683419221	231
0.007981433061682437	0.00872055321188286	-0.010082644631554158	-0.6410914166473738	232
0.007980732345885515	0.008482099044197926	0.05059771888026978	0.6039011534086296	233
0.00798270573427756	0.008459781647135407	0.049335414570283564	0.6834767840279654	234
0.00798020292415455	0.007387640729183435	-0.11991257554057425	-1.6924065990913721	235
0.007982487057008287	0.008395712295842444	0.08181300832638055	0.7949427701574614	236
0.007980677197296455	0.007158163111950694	-0.058950834918806906	-0.6257014968583821	237
0.007982305853629152	0.008464745433899211	0.10917337265401655	1.1920028086867975	238
0.007980877665927068	0.007203549289503	-0.027413677040281345	-0.14077322071381812	239
0.007981375764782937	0.00781280881276382	-0.014302619694421141	-0.6771654229974655	240
0.0079813374912131	0.00768437529169477	-0.0011728116184507378	0.037980358678959825	241
0.007981549472256615	0.008408724218226103	0.08971081649075513	0.8227677652613994	242
0.007981934624247755	0.007322789614847174	-0.0687305708550296	-0.5698503760686473	243
0.007980730196352419	0.007826661672517068	-0.06894720697268072	-1.0529492017627038	244
0.007981891805901807	0.009852067563075117	0.19876245350776353	2.308118478298261	245
0.00798110411236728	0.00752215092098699	-0.12465339718813709	-1.8846113926712618	246
0.007982236014022152	0.008282005467526457	0.010515832699210428	0.5352772279570032	247
0.007980063494506771	0.008445406111397148	0.01102454743504349	-0.34388145556601424	248
0.007982481729441718	0.008780281195850819	0.07823310403198075	1.0156320358082571	249
0.007980882520363556	0.0078073640303816276	-0.029080566034215927	-0.3991899249336036	250
0.007981420774705216	0.007384641564731475	0.00630587607966639	-0.42491144173548634	251
0.007981974018390871	0.006829408882537139	0.017473381866623394	0.6763509329852532	252
0.007981190345027832	0.006153779090285225	-0.004613348130183534	-0.38002666592659323	253
0.007981779455788759	0.004905285526569513	-0.03236830264327578	-0.47730418327688107	254
-0.004998063277571865	0.004639281362042724	0.10988044440238381	1.6743476908589507	255
0.01297925339936224	0.0032967795473043586	-0.07238716178824843	-1.0736781535317936	256
-2.909029067657646e-07	0.0024767969796369903	-0.0242471465773791	-0.6901342175715726	257
6.990146286079508e-08	0.0020806667925920615	0.07410140318922648	1.1808871293620369	258
1.7188611694052085e-07	0.00017762937742783042	-0.15154332234507537	-2.051231158415375	259
-1.6173241657041352e-07	0.001641895063804113	0.22439176516045786	3.010049426860356	260
1.380116206915554e-08	-0.0010786220092414143	-0.20434512664438664	-2.6543378736418526	261
4.654207636699487e-08	0.0012276882131693184	0.1272593334833265	1.424817056795192	262
7.21627154549832e-08	-0.0012120089230838842	-0.0729916509472241	-0.7283346609458807	263
-1.3903516104800287e-07	0.00022035888210855182	0.06523206929253654	0.8830885643911838	264
5.017243097176459e-08	0.00013248924064201788	-0.011291202547813746	-0.4928209364611372	265
1.673813072986972e-07	-0.0006877328668385896	-0.07247871134357528	-0.7195578227110891	266
-2.1805959580113027e-07	0.00018008559804974592	0.0591837372225822	0.8626256253427929	267
6.73131663550151e-08	0.0001932733380834897	0.07918755659700094	1.3747163686934396	268
-6.758065837270035e-08	0.0001957683356199004	-0.10514875710659449	-2.0107145214672766	269
5.275710720110266e-08	9.955796579186208e-05	0.05137676930299953	0.6495425046752198	270
7.2537677471389e-08	-0.00028845214446949997	-0.02453313417933195	-0.06052526144096712	271
2.97568841897862e-09	-0.0005894547541940143	-0.09299545915864602	-1.0684716218498251	272
-1.0681494744095316e-07	0.0007726902147980048	0.15379119738181446	1.964994562597774	273
7.64452098398101e-08	-0.0005385301348833344	-0.08124114994201827	-1.1515015067008383	274
-1.4621517185301348e-07	0.00019733119810756608	0.0836353213472991	0.7749016786416278	275
2.915265617430755e-07	-0.0009754138880822698	-0.07879515393657308	-0.7429909172077782	276
-2.2113518825636516e-07	-0.0005261844183031702	-0.0015555019332745695	0.3284653341426522	277
1.1709254268152478e-07	-0.00017371237133777706	0.00933421041096475	-0.3673019369538746	278
-6.247849517046142e-08	-0.0004471949323302941	-0.05575304452853305	-0.6526982942621748	279
-3.189040449162045e-08	-5.205609014865176e-05	0.07170243342837698	1.3347326486799918	280
7.248839154838996e-08	-7.373067458988291e-05	-0.06545842594456164	-1.2942670101556817	281
7.352641241947094e-08	0.0014387086941136887	0.1370211341934555	1.9281326176852471	282
-2.447442648104191e-07	0.00019100904176880056	-0.10480476710512339	-1.1664069125808094	283
6.734259872368843e-07	0.001674889423564624	-0.039141486348853005	-0.7744178949686364	284
-1.164409287697163e-06	0.002515556408212676	0.0749289016113675	0.7230135720448583	285
0.009734935707660288	0.0034880635931566458	0.06667396819043296	1.2556566418447492	286
-0.003748308411159822	0.0023950780760092507	-0.08508442251415418	-1.2870191121367092	287
0.005985843284948505	0.004366735201749577	-0.022628451138701808	-0.4592661379540088	288
0.005987116760870244	0.004479732398870688	-0.0031454556131751688	-0.03213322930509932	289
0.005984714315522445	0.0053620387453301955	0.1324251024063461	1.9954228907338245	290
0.005987356560889599	0.005235361311582501	-0.0567031426140637	-1.2447360322723855	291
0.005984807711319238	0.005292260444433123	-0.07575254343183381	-1.0588898505448199	292
0.005987371268180872	0.006607005991219337	0.15244638665372268	1.9968895595519183	293
0.005984753633098071	0.0054208621399037486	-0.09085880956316163	-1.232310869197045	294
0.005987203706734076	0.005759003064921581	-0.06756427032228549	-1.041869523987661	295
0.005985198458440741	0.006631876154397457	0.16642207607001244	2.5174413691297377	296
0.00598646952913713	0.006014666776799067	-0.08679816170500435	-1.4810510448180978	297
0.005986383876193442	0.006126629835398046	-0.03142849439418799	-0.5921713256666628	298
0.00598522413913986	0.006835917177396543	0.0967338541289961	1.2623669792213992	299
0.005987366683275893	0.005409675586276325	-0.04050422744429012	-0.521115378283886	300
0.00598482640181086	0.006347072763031291	-0.027611600036271226	-0.49912684531141316	301
0.0059868792833523594	0.006645943174110223	0.1457494899367342	1.9136869836708843	302
0.005985504891208205	0.005613229551229768	-0.08906513199502267	-1.4880764201615893	303
0.005986652844490642	0.005803288628197675	-0.0023526088002568026	0.12296542141043015	304
0.005985561627805749	0.0058752061472984625	-0.015310504556962846	-0.3353339440501194	305
0.005986504828391088	0.006224442149385324	0.04228085202493137	0.41594067759522224	306
0.005985513981426844	0.005377500034703985	-0.013996599519772604	0.033853978420436553	307
0.005986833767698995	0.007000610365573304	0.08296534568982053	0.6439096044269463	308
0.005985644859248365	0.005062346940051046	-0.148766719017908	-1.8717604594555808	309
0.005986166242357399	0.006840081676516743	0.17149650990578055	2.21265382609287	310
0.005986021977010597	0.005245535877935374	-0.14253796176265382	-2.0678907986788024	311
0.005986114315617042	0.006684025617411206	0.12623034107862327	1.7907891290158544	312
0.005985688749244719	0.005870508173910232	-0.06493395958340105	-1.1867946289670717	313
0.0059864470044577395	0.005994689595740316	0.018435843619784537	0.33956616603555456	314
0.0059859649640095335	0.006473632875097423	0.11991319919063712	1.5443994793401035	315
0.00598592187183889	0.005283153473593243	-0.14799731639792513	-2.2758790806619684	316
0.005986340210489839	0.00622563873700788	0.1071312994840473	1.7230000739036675	317
0.005986407658640787	0.005646708867441544	-0.06866673066759736	-1.1749423351077055	318
0.005985302259188509	0.005955624979567505	0.03858719321414411	0.23271237270981088	319
0.005987127373321055	0.0053327505091238375	-0.018153265669690336	-0.06362392325242841	320
0.005985278439131523	0.006049141136054296	-0.0008992464246594528	-0.10228760886651844	321
0.005986305417643698	0.0058729548444818765	0.021952900727453657	0.40659993045755677	322
0.005986050346909764	0.006331603016032233	0.06869493299464242	0.406966550098246	323
0.005986102539998634	0.005172208350316746	-0.10628131708757556	-1.2612382898183485	324
0.005985572591854728	0.007095948357870993	0.15709014403404475	2.101637957977867	325
0.00598684928969756	0.00542691400347364	-0.09623667104195854	-1.5747674602951516	326
0.0059857264944870505	0.005861904201616832	-0.0320740139741016	-0.32717673730300434	327
0.005985392467690704	0.0064799349296130425	0.06637054750018195	0.8385147172485762	328
0.005987375497660877	0.005855268836127572	-0.030184641185225174	-0.3934339061594845	329
0.005984961821369889	0.006433100731895459	0.03555346334705123	-0.04429033661885373	330
0.005987058068263328	0.005618295192126702	-0.023907603348251996	-0.026906208493175113	331
0.005985277655210355	0.00674217492373262	0.05025274489512883	0.4670791842531799	332
0.005986851179772277	0.0057391203697676665	0.01973385367155004	0.3336632381756678	333
0.00598500706627532	0.0059340333514559356	-0.0091154683626956	-0.36560908970744754	334
0.005986943794113339	0.005457895331126986	-0.041517513653397974	-0.4679844148570441	335
0.00598585445761877	0.00656069754655769	0.07968435413539773	0.8999537509754179	336
0.005985611166838433	0.005407788160192351	-0.10241647023979106	-1.5778514492218212	337
0.0059867757219626665	0.0062029684171653835	0.09600145754796938	1.5001999015131466	338
0.005985774443616788	0.005741085489412583	-0.06888100519759251	-1.2038325655568112	339
0.005986418417774779	0.005968368673148182	0.036657091619472976	0.563971836267546	340
0.00598591416851465	0.006629910551465881	0.07899711036485367	0.838656568027583	341
0.0059855587338018	0.00636086219694177	-0.004372524797935165	-0.22495838226141796	342
0.005986623456869593	0.005479600685412532	-0.08559452559591077	-1.0152807233635457	343
0.005985415821558311	0.006012860625052388	0.025636697690722115	0.3361987581285252	344
0.005986443609665491	0.006719605916467418	0.04298616709066474	0.0912506820445741	345
0.005986778449373216	0.005105249560241989	-0.05787537578502571	-0.24539535552521397	346
0.005985106975973438	0.006448704591345325	0.1345917756390976	1.2508515871475057	347
0.005986665785828667	0.004448214931337398	-0.10354253436223128	-1.209610823095268	348
0.0059857934666151715	0.0054844874525210915	0.1062952898443148	1.2981196722416706	349
0.005986088455459622	0.003042888822453083	-0.15969281645492095	-2.1775190087350835	350
-0.0037481806840631423	0.0037969638229497556	0.1450687341809087	1.7342787607277526	351
0.009734374823718478	0.0032725489193276914	0.001728611565611009	0.17044576190816213	352
-1.4936063139536684e-07	0.0014678598345512243	-0.09593523105840805	-1.4919027075610458	353
2.9278289188851454e-07	0.001987398068848031	0.07397028710515378	1.1448390425369988	354
-3.621766990056412e-07	0.0007014750757770622	-0.03844768786232329	-0.5339260660868894	355
8.205327590169245e-08	0.0013189271428511924	0.0817535094400088	0.9884329734115033	356
2.3727281355868154e-07	-0.000186294631003018	-0.058724495724031336	-0.6838595548609377	357
-2.6303950251152595e-07	6.205515879251244e-05	0.006547844504838099	0.020684435459783046	358
1.3978321947302145e-07	-0.0002835319271452057	-0.006672278331000231	0.1511510764145988	359
-1.0174623382860036e-08	-0.00019472709585389406	-0.021313843260309544	-0.5239937758905061	360
-8.342404564593356e-08	-0.0004019200906277882	2.796246632193189e-06	-0.12350933695378338	361
4.909496914909384e-10	0.00039309689599278605	0.09070553040862539	1.1492175523449173	362
9.984899380997402e-08	-0.0014505851059069656	-0.1203390116995297	-1.0212894757960627	363
-6.801626488124688e-08	-0.00031399495661238485	-0.020386498569724035	-0.6849476898361339	364
5.9310634028543995e-08	0.0007531871803728924	0.14283482816147433	1.7624963555890263	365
-4.706610901364372e-09	-0.0006868300191317297	-0.07281595963699011	-0.6224927731741354	366
-6.880442192391551e-08	-0.0002738084352552233	0.013588974447402133	-0.03144224022860059	367
-5.607748019306573e-09	-0.0007299103903901606	-0.06149089975201789	-0.4281473864286258	368
8.237342995957939e-08	0.00045381802533677037	0.0068395539919875945	-0.5710054066975875	369
-5.278291167511162e-08	5.0667926527825716e-06	0.11771831213864277	2.115591487575794	370
-8.037851641391758e-08	-3.9338135263013337e-05	-0.06718644164559398	-1.161561978187241	371
1.213304746741639e-07	-0.0004757323394770424	-0.08604535338554407	-1.0769166826910275	372
5.226710241695853e-09	0.0005940640326637294	0.06616759384683782	0.8193274777790525	373
-4.5035390087294624e-08	-0.00044730918248226965	-0.02399743695815809	-0.09703888963014995	374
-4.8137178857571294e-08	0.0004496059915155715	0.08762531947784319	1.0128936481033568	375
7.035463102378348e-08	-0.00011039420545148459	-0.11395390290903311	-1.5170455004262515	376
-1.614796834095711e-08	0.00035936160174397224	0.09937370794937017	1.2156902288701974	377
3.393215734955046e-08	0.0003442096055091123	0.031826890991657385	0.6506324447134317	378
-7.448414244756729e-09	-0.00048118100714275754	-0.09577858347441293	-1.3596899653708003	379
6.44491041108114e-08	0.00014525610193621627	-0.005869333162578337	-0.29168326441193926	380
-1.3712075151803976e-07	0.00014475307693012857	0.022369674330928638	0.5883482921074666	381
1.9938670060165066e-08	0.0006427157483637586	0.06484192734190611	0.6632989864393972	382
-7.223864058336377e-08	-0.0007937843034286748	-0.14279970642755643	-1.8631986114228263	383
2.220455068647955e-07	0.00047108648943453935	0.07811825521021439	1.1868324568332347	384
-1.00606604235527e-07	0.0006567604252177949	0.09901640793381383	1.1588701236325534	385
-6.254510503592549e-08	2.290357166591638e-05	-0.11159162490392545	-1.7857766491870646	386
-3.8174311518265154e-08	-0.0008611283387261227	-0.029772970410548053	0.2580062930270749	387
1.7877181608709969e-07	0.0006049572972034731	0.00637537659707834	-0.2708583065736969	388
-5.61017828604475e-08	0.0004669162913205556	0.07180459323078886	1.052008983872259	389
-1.2320347724550885e-07	0.000164269739733183	0.05423400064671677	0.7020202259172799	390
7.469886560760967e-08	-0.000455780276023981	-0.08723118247467389	-1.2138488504270193	391
1.4471470374471745e-07	-0.0008864719258967895	-0.09948022376586127	-1.378766362950413	392
-2.4417356676788467e-07	0.0010760769653772135	0.19131279361337827	2.520755288416882	393
1.8522816862915834e-07	-0.0013427726744233233	-0.14753222662758975	-1.6428737454037001	394
-1.1722497835603939e-07	0.0008336140753310644	0.1278581462225898	1.389062335182682	395
4.969651389084666e-08	-0.0006789389930683096	-0.053797046498087316	-0.6610314322645556	396
-3.5001079100793406e-08	-0.0005751592232698638	-0.049557414185383314	-0.618464552431838	397
2.9340373196014118e-08	-5.025823600754068e-05	0.02853520260544004	0.3527545493515888	398
1.2527099710096974e-08	9.232003065338473e-05	0.035002143949563955	0.7117229470001956	399
5.704068437928974e-08	-0.00011919737832184085	-0.052990597886860474	-1.1830112081076405	400
-1.6106494815984734e-07	-0.00029270920769652604	-0.03959008328990168	-0.30657784022325363	401
1.6355626807572875e-07	0.0009471608551689403	0.168885540853278	2.398552107911023	402
-2.269249397954167e-07	-0.0008761353094549611	-0.1982492626742622	-2.678060616407982	403
3.652084730909502e-07	0.0002054977724281939	0.07628204181394244	1.151083516751159	404
-3.755000757324603e-07	0.0009087008332008351	0.09185426360273369	1.0715050545809108	405
3.407234090962302e-07	0.00033526215305197324	-0.06457049663542216	-1.161739931895974	406
-2.253661690672544e-07	-0.0008232176069472271	-0.08028336673335544	-0.6645451406390995	407
3.623022020414479e-08	0.0007362474539243579	0.07122639711617887	0.6878232936495144	408
-2.2666253561565153e-08	-2.661210251361616e-06	0.01802372010699539	0.626321587193092	409
1.3051621700500143e-07	0.00031429025706230206	-0.038980537363055956	-1.0806178227869079	410
-1.0772506193156006e-07	-0.00045834199204744346	0.015640727001207153	0.6810062365174718	411
4.269227485420579e-08	6.6611133104761e-05	-0.035794399971699004	-0.6841792530363089	412
-4.411188378027758e-08	0.00078497685764702	0.14307657838048607	1.9156695531196863	413
2.7166543434091472e-08	-0.000922818747159538	-0.17871998967977018	-2.572957691717258	414
-1.0401460063137052e-07	0.000613917673061991	0.13915443015914394	2.0186124708851816	415
2.1451214668889024e-07	-0.0007336053123575582	-0.10289744668908561	-1.2707693438850685	416
-1.825109492252508e-07	0.00044903535000992596	0.06151441804792544	0.5569614815168085	417
9.954306288018772e-08	-0.00045966284379218413	-0.049405577856245574	-0.3724596636988282	418
-1.1110125387910064e-07	0.0007794059512044853	0.07658658831137238	0.7540829321141743	419
2.1926098637409241e-07	-0.0004460975760325371	-0.0074705642507170746	0.1808933813359837	420
-1.9503090515488042e-07	-0.0004465697025923714	-0.11378277493431505	-1.3506146706906195	421
1.0597729561967473e-08	0.0006868514491962332	0.12650617140669534	1.30985858196353	422
1.7468531281466387e-07	-0.00047695065521375203	-0.1451589341823835	-1.9123100576634926	423
-2.3062232579890152e-07	0.0001364054260322733	0.11291182621194047	1.742701417069283	424
1.011195130402702e-07	0.0003641544705907851	0.052357269055042635	0.4328333939141918	425
3.4161191275598225e-08	-0.0005420812337933729	-0.09608238385573137	-1.324994440569672	426
-1.4462444459411358e-07	-0.0005211565718956203	0.0002772446376602157	0.3993014016032358	427
2.5745222859108966e-07	-0.0002835169412994318	-0.06112720321513315	-1.1051089581465414	428
-1.9765123545581898e-07	0.0006744138952582816	0.1558804622092412	2.2238175770891395	429
-2.6303502013319026e-08	-0.00014561317297677782	-0.05336097657384685	-0.7977972070907472	430
1.4882884946188293e-07	-0.0011565923982883224	-0.11854658006692122	-1.6022522870763691	431
-2.3353816817244313e-08	0.0013219427269622174	0.20978905256336328	2.6718900050989767	432
-1.1964126498276856e-07	-0.0011795708716902515	-0.22060399503231842	-2.762923613928071	433
4.4809104035332253e-08	0.001066615387482564	0.19195074509305185	2.5879419311626455	434
-2.8123170249289182e-08	-0.000443416052430678	-0.09998899663037897	-1.401608865941416	435
1.5919801227173673e-07	7.826943734536615e-05	-0.04999008761349855	-0.8015864824776168	436
-2.0327398333097515e-07	0.00045924304021827616	0.08583594709775241	1.4762220773881412	437
9.058571711999513e-08	-0.0002461961790567477	-0.056434676561147284	-0.8710570115737417	438
8.834340024820898e-09	0.0011778947263857233	0.13402010493694236	1.431988473694747	439
-1.5717219432952005e-08	-0.0007969270431970913	-0.10475202341244615	-0.8072249806929499	440
-2.7025437487502788e-08	-6.220445154714186e-05	0.00550747401129688	-0.44852493462176907	441
1.0369279078718992e-07	0.0001832317434259103	0.028848168849091433	0.8199353671545738	442
-7.053477012132405e-08	-0.00031817077615458396	-0.13093514378745544	-2.118871123754122	443
5.677359005249079e-08	0.0002176395355572459	0.1616300084386255	2.254292850668218	444
-1.8296157270757292e-07	6.381213004087532e-06	-0.0607355084047156	-0.6259701016162711	445
1.707288556571096e-07	-0.0001422936643382496	-0.003475380746694557	-0.3400854775790404	446
-1.6781245415486978e-07	6.737331218445116e-05	-0.008952636989455684	-0.06940606292274565	447
3.050175568282019e-07	-0.00012162319708335979	0.029028422320163866	0.4885853549665489	448
-2.9669182156129986e-07	0.0005273056663943863	0.036338925137397914	0.6036947726964192	449
1.319436339880086e-07	-0.00045565349671852307	-0.09072818135579698	-1.3268969417152925	450
1.7742203950476577e-08	-0.00022799555726066073	0.0010798149541089812	0.08180460703616027	451
-4.029525004986545e-08	0.0006115572979655175	0.059830193371871676	0.8302925179436542	452
-8.442285648736867e-08	8.43013508963267e-05	-0.02812430690464357	-0.6596919135382131	453
1.1438307381545897e-07	0.00018698882541549075	0.036416852086416415	0.6981882161329882	454
-1.301881761943402e-08	-0.0006982818807858741	-0.0726036892602761	-0.9199683750093891	455
9.16595326242841e-08	0.0010855270446474192	0.14420812572942768	1.9254419777494625	456
-2.881616102397115e-07	-0.0006857315873377727	-0.10130245416838468	-1.429003994965068	457
2.6176534741509903e-07	0.00011969001282237661	-0.002999083968886665	-0.13970783391851804	458
-6.172864000324445e-08	-0.00026187940074002755	-0.0682648064834491	-0.9219816084651318	459
-3.354228841651475e-08	0.0002673656563549492	0.10076830427132925	1.5106727170617422	460
-9.024415875029997e-08	-0.00010191605641939494	-0.03719094837533561	-0.6084478772337076	461
1.375002586267212e-07	0.00034784481049877653	0.05955218531027434	0.9320222825953534	462
-9.480391019423516e-09	-0.00016002873447529026	-0.09381248565180896	-1.4375238220067923	463
5.230691133939307e-08	-3.3214844362449694e-05	0.09539387379990572	1.339831663744071	464
-2.2049660773724045e-07	-0.00015356866130319773	-0.05239279583264851	-0.508998692185159	465
2.0825659621261615e-07	-0.00016273226536346272	-0.03816260906377246	-0.7121820451242848	466
-1.3495260855285376e-07	6.752765086930068e-07	0.034779140311393036	0.5269986102575854	467
3.206487336808667e-07	-0.0003295042186003015	-0.043579717951499085	-0.4798159369114753	468
-4.820801393415602e-07	0.0009660835909411601	0.13351899468344186	1.5354412532982873	469
2.9531017351543554e-07	-0.000850499107775756	-0.11865690540582591	-1.5881995026722446	470
-1.1239222913103902e-07	0.00018771127278200208	0.078592078466102	1.4326637681548577	471
1.2077748813706882e-07	-0.000529653403271323	-0.12455555570802883	-1.9663706781835382	472
-1.736120906727567e-07	0.0009262881522504536	0.17223996588262083	2.2848051352496896	473
2.1355081487460688e-07	-0.0008184185513865306	-0.14578607076221473	-2.1131643661786828	474
-1.4151803945925464e-07	-0.00014558134217714728	0.06307535908015645	1.4241269300173853	475
1.2675419093879144e-07	0.00030129692976090807	-0.04601262186877504	-0.8802395790515573	476
-2.5695067798535507e-07	0.00024351302776438465	0.11155452633721673	1.390543206882259	477
3.2936813929192177e-07	-0.00019427091817727496	-0.10456458851119799	-1.600136579602188	478
-2.9989299136362613e-07	-0.0005192874630965212	-0.036887868751426356	-0.20424979821114497	479
1.906521257810656e-07	0.0010775612638579514	0.15508617190089635	2.0527376950396943	480
-1.7869316794056483e-07	-0.0007692975926087966	-0.1050728672940938	-1.4047399718713887	481
2.469819991701011e-07	0.0005513111059075714	-0.001395280495139855	-0.09683895331886644	482
-1.7800270862323997e-07	-0.00019475780127421304	0.028222636967963316	0.5685787455674516	483
9.320573838862006e-08	-0.0002562850368122184	-0.04858590641707848	-0.7692267334711171	484
-9.947643743631052e-08	0.0002836395135687986	-0.003949550581141971	-0.12169657862216388	485
2.5516666843708458e-08	0.0001660165636280398	0.04195548936174608	0.5260958807343578	486
8.957093825760071e-08	2.08775151913183e-05	0.006778851134892051	0.06371728375730135	487
-1.44249205497049e-08	-2.837250543099787e-05	0.07651524388380072	1.230055869503327	488
-2.1207739973536088e-07	-0.00047745975223907264	-0.11496632429275347	-1.5927945313522265	489
3.604716145872572e-07	-4.939381989912603e-05	0.018342186737021524	-0.013186247794329142	490
-3.209767146837919e-07	-0.0006442615753560286	-0.06045995203579621	-0.4859072291613701	491
2.4505770287314155e-07	0.00029523883158160194	0.07125352264413246	0.8900989405325852	492
-2.2036656937077237e-07	0.0007491853883569775	0.06438238016240744	0.6784145211171282	493
1.587401587009249e-07	-0.00090148216710563	-0.04145683739975543	-0.15940607877872337	494
-4.9176828500856196e-08	0.00033387190577976317	-0.012152898014864454	-0.47398052683151515	495
4.456003629971228e-08	-0.0002708402299034258	-0.053315880816148124	-0.8472345501361707	496
-1.4383163792538317e-07	0.0006322264281905599	0.04116675517562585	0.6911747731549802	497
1.4278001924002137e-07	0.00024214671661780974	0.06465963133656386	1.0683919682562728	498
-1.1573087690085193e-07	-0.0006726326434048384	-0.14086242756097656	-2.1199112694545956	499
1.257733601338698e-07	0.0010729492702558725	0.1432161248913966	1.9605700734456657	500
-1.7726658384578653e-07	-0.0004788804490514498	-0.06515284675760316	-0.7398832336731171	501
2.5065945370716936e-07	0.00016517008119687092	-0.08024601131431247	-1.2494194720940306	502
-2.603695847883114e-07	0.00023721563158591794	0.0939984809898508	1.3296389600732423	503
2.3180864847701516e-07	-8.173873787635424e-05	-0.02860010411582716	-0.38553700359212995	504
-1.8950623114754456e-07	0.000340058296478314	0.05385660547314992	0.5983746827366424	505
1.545324649016369e-07	0.00010872985512464396	-0.013289798667399929	-0.07356890555097048	506
-6.03245017410936e-08	-0.0007955447828470854	-0.05355942470849323	-0.38848858441455936	507
7.961164067479126e-08	0.00016060735360370068	0.04188731784348548	0.19510433037797437	508
-2.3942871534964744e-07	-9.263267611409271e-05	-0.04502913330298043	-0.5245153192253087	509
2.2550828266288542e-07	0.000536531126023203	0.12444124485794072	1.4671477280471104	510
-2.1327042751912925e-07	-0.0010037221113261936	-0.13554377140898077	-1.6118994249700724	511
