96876.04832190729	96864.12794485877	96756.88337267458	95687.66457523587	0
32235.738771112672	32220.372377091746	32083.86192014301	30894.829622005338	1
1505.399874913825	1500.5018793914867	1456.788388127335	1056.4657057746288	2
5700.0623184865135	5682.346451128054	5525.826013596261	4250.285579641321	3
128.97853950370083	125.629816488105	97.79753417061684	47.762986788912556	4
3518.0502084669492	3520.223875357804	3539.8343610508464	3741.0611405510135	5
2256.2420183687195	2256.014496497497	2254.566156847068	2299.5663610021948	6
960.2324106428779	964.0162341768489	998.4299156128973	1378.0001910676906	7
593.477898636985	596.06698139718	619.64275564545	882.2261058262716	8
351.88665067165334	352.85575397579083	363.5034756932796	660.4816776415241	9
10.462816064382618	10.311863194084031	10.115604951965251	123.2255957591119	10
269.94863795117817	271.09327107906137	281.8966898148871	439.38003459628214	11
241.18034294389875	242.0127513320857	249.60057641306264	334.8323995729124	12
111.7702162431791	111.25947902394901	107.21659125911788	121.54182925589066	13
108.25287338017226	109.91337066884279	125.4623014952464	340.7362377446296	14
41.757005995538194	40.07106774527341	26.572774137678188	57.38332524615008	15
24.832982611978	25.812789424625926	36.101440208327446	284.5294015165169	16
4.232624508736604	4.208751852616809	4.558854763403707	63.972659690673815	17
2.689842644889822	3.2081509535418187	10.49961762794534	343.4553577824408	18
0.3522172702787726	0.3463308153261647	0.34548616376107444	5.5002323681492005	19
1.977853455007682	1.7498876205102596	0.32607493267257553	48.25971720955733	20
0.20388485097558967	0.16690546670904932	0.5057663936681829	70.39110256310721	21
3.6187444679704694	3.6103574170315134	3.5373065996659254	3.0632777319069997	22
6.626678129802476	6.640623917590332	6.803193707463096	12.114114734209295	23
4.482398980184009	5.035406744104754	11.958641789412711	273.8728087707462	24
1.5468256433077996	1.9812895048747978	11.926220057886024	708.8274693140502	25
0.743822584891453	0.758201441089833	0.8995858041456397	3.497026733710886	26
2.1495703639518817	1.910408416363067	0.39243533889224413	48.03948369132816	27
0.6594481241600788	0.7958815229969247	2.6102539720473583	78.81777157097731	28
0.534730499592655	0.4929180127152325	0.318880775794481	18.60316481522567	29
0.3275843427501378	0.18841922083263185	0.9296693616802	205.7211501949405	30
0.2859157660797643	0.3854307561214323	3.8342360344632507	291.08548256884626	31
0.2104706194401585	0.3832356786025509	7.625831075829328	643.1441311687415	32
0.3246975341691781	0.22680769500707354	0.46408850816895336	113.54304463027471	33
0.3008741057103927	0.34398321325309344	1.7629735450371924	118.02280757918248	34
0.11485648613504373	0.09608076817030099	0.4255592032967813	53.07141537878317	35
0.09451352682531733	0.11773287949530575	0.4498273599674937	15.960921311556708	36
1.0075823844111438e-05	0.004610786849346056	0.43181083386280666	42.89747575499004	37
0.0523851666068516	0.06313278256622055	0.21279597442389103	6.949134929248245	38
0.02135837932369565	0.03377322688839251	0.43079748351550995	32.644521129829364	39
0.0002997174846092793	0.04464240725108383	4.267108085851239	425.00764049135773	40
0.0314476336218384	0.039194401174752834	0.16536223359896235	7.012591756434862	41
0.09212267180733305	0.15254954821976757	2.079962578600383	158.32581697242452	42
0.04069870878705699	0.09402816696039067	1.6163249128116832	120.0311121134749	43
0.02540692418433524	0.04787229993686498	1.9528286481097055	189.57773488647808	44
0.03261965696648525	0.07867159649433705	1.601501860540603	126.55901420573173	45
0.014485946430816517	0.05304172436959835	1.6398312489123903	140.24688776626476	46
0.010672272790885413	0.017059632103994467	0.7440478548980244	74.29447583336398	47
0.00343714413000283	0.02505902011720098	1.1148174997697426	100.63434647819133	48
0.005237796902139128	0.010355297152046493	2.501472132183454	269.4750531791397	49
0.0028764499370419637	0.03894141848720062	5.649712866954161	585.0893418237474	50
0.00045882659092430744	0.011070054322724196	0.8362054615624728	81.32223729790013	51
0.0012885216658118357	0.007066312308909783	0.7345823407807642	74.88615295185657	52
0.002097335662934558	0.02509926881225462	1.7063767985707412	164.47012056179068	53
0.0004520158884830077	0.002036140014419794	0.10352328870670799	9.75396315016093	54
5.4760169122898944e-05	0.038408120360021336	3.595166678940778	357.11146316896634	55
0.00026365521089962785	0.0070450701809741416	0.4814328979890577	46.14878004707609	56
0.0005651135367228666	0.020291758701863567	2.2252585177186064	224.98938499551372	57
0.0003641380305140899	0.008912628165653962	0.7316278889515445	71.89052421626293	58
0.00013254362439880376	0.013977858624197523	1.2126883745665435	119.53516867311627	59
1.0258430416429693e-05	0.03692502907578416	3.7474231801768285	375.2999008930456	60
1.7432564979065144e-05	0.013642115542530907	1.4050962778146134	140.93324920212478	61
1.1043494726698612e-05	0.0016602164788963524	0.16036342138258664	15.989446217474008	62
2.5218177960409616e-06	0.08381259551973386	8.463357134331273	847.1607579491615	63
9.443232994138613e-07	0.005743825678126635	0.5876592656209448	58.90057995637905	64
1.141426478191816e-06	0.036250229877931736	3.638844543577295	364.02521107138614	65
1.7009362631341395e-07	0.008768746400984174	0.8835586312149672	88.42418277855397	66
3.0131644432087014e-06	0.0590913518378179	5.858822049840647	585.3843648413035	67
1.1838494883492229e-05	0.015265873753123521	1.5564879487967096	155.95836438733545	68
4.2038923812992886e-05	0.002607905170943315	0.20617812881870146	20.108752706238075	69
0.00025032051362830303	0.010660114598180784	0.8118161814297378	78.86392948004749	70
0.00031591765442669776	0.015022513961109804	1.8564512663561885	189.4692488140912	71
0.00026446141586736194	0.032656888200164866	2.8647893085082057	282.7058599271497	72
5.7248777668877677e-05	0.0036564280938332387	0.2944832155261177	28.78804743733097	73
0.0002847522009457147	0.019385284202874928	1.5500218130951513	151.36998898519693	74
0.0003266441581884352	0.03195565684208827	3.8009744544900244	386.4406095460218	75
4.180040669708766e-06	0.0013463718354798945	0.14647615138638984	14.769093269813009	76
3.26705638723031e-05	0.01585896151332846	1.6076669540728021	161.01328216520054	77
5.39905436528453e-05	0.0018723816358223156	0.14876864011574187	14.539836307996884	78
0.00021774739459544837	0.015258889082491733	1.2154698208616563	118.63606025408686	79
0.0008737643965970082	0.009927012377793677	1.4528777397928139	150.66852777085694	80
0.0014805429155762475	0.03149457731290939	2.5056618559042434	245.44437915466366	81
0.0006832833813218869	0.03690836479072229	2.858232491896568	278.1069893403108	82
0.0010401738134112617	0.012760862194143154	1.3403370267874193	135.60333492032206	83
0.0006824889473833394	0.005562828165027895	0.3350535335430692	31.90100961189783	84
0.0015386441113001722	0.0678066760700401	6.6208162104615855	661.853807888547	85
0.0015919274578746038	0.005437020382474497	1.1950171691184657	127.43458662970374	86
0.0004178119694167921	0.021769949866345194	2.1608958526959787	216.30112094316058	87
0.00011704631504682073	0.011665305716125361	1.1993864571812907	120.37214621325799	88
0.0010945087224059542	0.0838793193021359	7.071000173936493	694.907656462985	89
0.0014953910290854792	0.024712734179194125	1.8461256397928913	179.69429639205256	90
0.00021839380198285756	0.01869483165328773	1.8236534087547245	182.1000716652522	91
0.0010228379887686988	0.003966101626069758	0.5936326795051909	62.24452056631691	92
0.0005903176289287584	0.002406516806586544	0.2716270639574676	27.99829479433076	93
0.00032134357256824496	0.05016476670624154	5.658657726725648	572.5773773535122	94
0.00021526437305978435	0.0016537035446874127	0.1491601623509351	14.945343992172848	95
0.0006563329704735612	0.029725555853839073	2.7232264148872263	270.41496409836634	96
0.00011154025633494369	0.015131208806093973	1.5768751452515284	158.42455468200296	97
0.00045459520936142573	0.021724274240027406	2.1742889694843885	217.8532864490726	98
0.0008510996254510362	0.009490906363575843	0.5243988997005937	48.95213415650589	99
0.0017314349507280991	0.004338791268906248	0.7433340620965103	78.96922757681045	100
0.0022128102679538977	0.007374289004347815	0.4734167614942865	46.674073773113285	101
0.0006766267102915356	0.0018801349014692728	0.3211338512828037	34.047333736231685	102
0.0008513621955793999	0.035494236597531134	4.280712955887223	436.1412841169696	103
0.0012241823654521127	0.04137220620332242	2.9602695926437343	285.349775890502	104
0.0022782596960581073	0.02197194664672302	1.4320166438544866	137.58135542009472	105
0.0012353802433199448	0.09255889834996557	9.053060264251243	904.3786303898061	106
3.85020473020863e-05	0.006556233254836194	0.7241961827063385	73.13980238058592	107
0.0002685203390388706	0.011164194090938828	1.2960759375684898	131.64435343160642	108
0.00039826511783962724	0.018009443507621833	1.410136415018624	137.46034457201793	109
0.0003198199109978943	0.023454946892605355	2.199189629378053	218.7409257521652	110
0.0003744259553999753	0.005565828719551563	0.5944302939763724	60.154869994593305	111
9.624912070732382e-06	0.030825934491646317	3.0401745909190794	303.6027029649078	112
0.0005293926659142361	0.0074316472074359916	0.5073550210429474	48.848819058365365	113
0.0007770300938051691	0.008098433414485132	0.7835238673198849	78.78089640779429	114
0.00022035755940103186	0.022435205058096284	2.5001948867611397	252.78135167400717	115
0.0003294293467343228	0.031786482566066865	2.991818277896263	297.6075174632845	116
0.0004922321287557767	0.033416709047406915	3.3602422894976867	336.6495741123946	117
0.00026152958995018347	0.009265893365213839	1.0516595103383475	106.65043868188852	118
3.312579107187057e-05	0.009490085806822958	0.8766086473670593	86.96684755591195	119
1.7234714234537952e-05	0.019885298240302093	2.009342542451054	201.15738230853253	120
0.0006046222928960606	0.01134044395229954	1.0254913907073793	102.00266762734269	121
0.000629148327639984	0.02153579500910451	1.6314560969304748	158.48474078431985	122
1.7968329721209308e-05	0.006878309392571898	0.6905244812088023	69.09593976706711	123
0.0005534872345663744	0.06677540721071343	5.64936357740942	555.149418759336	124
0.00027076116613161775	0.012034957418098543	1.0049999620129486	98.7569351680674	125
0.0005662104519748188	0.003751659679064558	0.28259483743750086	27.83844421808326	126
0.0012843375606826865	0.016303653178005424	1.2620451696486068	123.6665529083354	127
0.0032828889255700155	0.09260692451750312	6.388128400641917	613.0138721638771	128
0.001801194822746494	0.028636255948398456	3.7724935287439774	387.9418462538432	129
0.0005884864443213925	0.019121749791126984	1.3883825691621372	134.1254109554216	130
0.0009999942878018467	0.020064692965685714	2.766581228704955	285.152151116103	131
0.0007259866443672637	0.009704689331728597	0.872531542698646	86.92086070809	132
0.001107429714462587	0.004392620095815867	0.29742415815720286	29.310177508551277	133
0.00017700298645458772	0.024781997223810897	2.157425272636729	212.6916581068538	134
0.0001311782611768529	0.020214218336697225	1.831906904903009	181.41293950776932	135
0.0010638162429835898	0.0032148873581302768	0.192876342577604	18.94943324121975	136
0.0018099017567100562	0.018153403823167765	1.787187510981513	180.0476620162883	137
0.0006009884606522113	0.013575432643905518	1.9200339395657893	198.1653509462604	138
0.0027562923690872144	0.03587270214970606	4.041335018475847	411.1303380698847	139
0.0026553545163421058	0.037793007051497546	2.3609279571844066	224.27430685156463	140
0.0017989467488827506	0.0019945425399319427	0.012019777331077399	0.9303643145078204	141
0.0020878233421657622	0.01940051986907183	1.7675460128216192	176.8890627668237	142
0.0027052585205535546	0.003640933045712099	0.018379220833713877	0.7910063573341484	143
0.0021271686742595705	0.02605178103315817	1.4376976353235973	133.9894270893485	144
2.967958419588688e-05	0.011013041733233423	1.1990294858850472	120.90633574248665	145
0.0008845309929536929	0.006700535905988376	0.388393682274768	36.81093125212319	146
0.0007063235190159711	0.0005797233742310208	0.17701876873741407	19.521940432858564	147
0.001011625650578557	0.006901795712035572	0.3388873855302649	31.278098582601704	148
0.0002376995175416	0.010781462082520198	0.8652111622346899	84.60408604196687	149
0.0005712630803353828	0.027937963995461182	2.9786590414960656	300.2229467070759	150
0.0008816507430222372	0.05106054402604432	3.997835880912238	389.48798794316076	151
0.0013004474340597917	0.03207400357727824	2.4069734837803276	233.85160793728528	152
0.0005049080807656245	0.10534998402142853	9.290316721340753	917.0359669691114	153
0.00020911698411021288	0.025546206283599618	2.9412246353804123	298.1763026209517	154
0.0006038419780374945	0.024650373365568003	1.8863627903986453	183.38588625904703	155
0.00016611188634648263	0.01558840103765569	1.7137008656101336	173.06549117981456	156
0.0010340271557160812	0.005397540275419072	0.2638311227627879	24.544637908787678	157
0.0014150692085287443	0.02335370899450697	1.4375757305080228	136.04083409894295	158
0.0013681923114474386	0.02941914207768389	4.194552021262681	433.19958340151953	159
0.00017736028697907773	0.0008763071230821105	0.11191282317106777	11.592244760125517	160
0.0016672607912331667	0.015959551231128542	1.4565097359509733	145.7428996778224	161
0.0019807450549693207	0.026660004850052238	1.9061160745717185	184.779808728386	162
0.0009360183269751711	0.005575374480053177	0.8231082693766176	85.80042869187375	163
0.0007982311487560057	0.006740629838418919	0.42701573630436496	40.942899806029914	164
0.0002607177088362405	0.024145643145147125	2.031453570812415	199.54621327015303	165
3.1278592582157586e-05	0.015308507605987365	1.4852003973697676	148.09065137194187	166
0.00011099256010879403	0.004141062044196477	0.4897552509483229	49.83022135072142	167
9.710922361554135e-05	0.00473201310767576	0.3754066736081152	36.64925145970882	168
0.0008747823097353276	0.015564929229874836	1.0678586147705715	102.67920462467315	169
0.0009248343112877829	0.03824227966725358	4.9696878559307045	509.2445893658638	170
0.00010242938295608491	0.0031070899059561633	0.28490538276593813	28.324709475196062	171
0.00039702585895602985	0.0002857662043600221	0.11942592230032462	13.205033671444632	172
0.0003839261423327263	0.002901151792907209	0.2580263924813949	25.824289514075026	173
0.0003105386175787875	0.029022901610840892	3.467790008981858	352.7117491323542	174
0.000489288258711266	0.008535538344852395	1.253471332680547	129.7825374482906	175
0.0002134537197443358	0.009124509829913315	0.7132020338680833	69.51761425164585	176
0.00024436882547117044	0.02310318481111373	1.918224978014979	188.11950334279453	177
0.0007857086336011483	0.0011790350927623192	0.008738455093479543	0.4823157625785983	178
0.0005218080365717434	0.054948839770710314	4.587731722628146	450.1697365614116	179
0.0005822856673540254	0.04277316721366861	3.656836917664134	359.9998079653306	180
5.443628964834484e-05	0.02216403319440237	2.415692073231381	243.61101576250064	181
0.00026525239766392176	0.022291644198169053	2.2900699263980124	229.85191366587898	182
0.00044653962830694155	0.011158664476024985	0.973289078003464	96.30001870698786	183
0.0012935433711937718	0.004818092904232758	0.9689429890103006	102.91772609130592	184
0.0007728279439994446	0.016233176381982732	1.1151329621844002	107.11769962113871	185
0.000722212378160137	0.0006610527777964742	0.24500141256696598	26.932836952062935	186
0.0016286539847341606	0.015369819938485772	1.80664009969906	184.81220652169864	187
0.0005713464763571559	0.02002432483440665	2.288801960633782	232.25179282950083	188
0.0006763977651403489	0.007278438042517603	0.6746671113017675	67.53839507668597	189
0.0007231807107631963	0.007830380798462159	0.7441592613122447	74.67105722508734	190
0.0008057674808599144	0.005548895819028651	0.8247796473460876	85.89577834940297	191
0.00026112112423735636	0.002237907391327165	0.275656203894606	28.317556516848423	192
0.001124429691974109	0.044110236148941384	3.3525951659760453	325.6753483986319	193
0.0008473059653895745	0.002970868105319745	0.251749847154696	25.476595532462625	194
0.0008569764393550749	0.014015442002898976	1.9857086611493142	205.1763823434951	195
0.0009047001952642684	0.04688854943291483	3.5946614391707534	349.32982887148427	196
0.0020255082397974784	0.008857322998223238	1.2545427766406911	130.9472383720227	197
0.0028438968194812505	0.02344863527279044	2.1122754847454264	211.4351421788314	198
0.0025461563365161716	0.005549090168397327	0.23708950413393864	22.798822973951058	199
0.002536561653433343	0.04929779812674528	3.7440489707056437	364.80809191947714	200
0.0006513004189876068	0.0032994261536769313	0.5079517090250566	53.155757628914685	201
0.0011185828722507112	0.004075091655251742	0.685267129811874	72.30054937587262	202
0.0004213777651950624	0.02443017047162633	2.1604033449024165	213.58932924643807	203
0.0002441024244680809	0.010133710476050422	0.7963147105479622	77.67829261680362	204
0.00047592496327540396	0.04794973526151025	5.556159042622983	563.6519249496578	205
0.0004095366709404166	0.017840503686289033	1.9588086357773484	197.9929730707214	206
2.1126211224106505e-05	0.021752132306879973	2.2908304442826717	230.25858733449405	207
0.0014228999915594548	0.0010152920468134334	0.2051810161068977	22.822439914452765	208
0.002062219388601505	0.03854354759814761	4.803701224918671	491.70291186512895	209
0.0004317140927764141	0.021390894136444034	1.6597701216157166	161.56733430216852	210
0.00020916553484569598	0.08083821572378949	7.4770004428979	741.819860304432	211
0.0002519409610717037	0.014760905818930992	1.2046482089219577	117.97509680498501	212
0.0007359500987534919	0.0002548443608352308	0.06080596195332359	7.089543044156544	213
0.00031484661883037917	0.008507553226765812	0.5972060112367243	57.465681451559654	214
0.0005795236600286207	0.030210261042486114	3.434481278416024	348.09834239283356	215
0.00021172110037871757	0.006962690935372924	0.6455248573845354	64.23398500993375	216
0.0009831742878283337	0.024678508912960025	3.2804336655352886	337.0444220175542	217
0.0009939105143986172	0.01331317569046535	1.7274736709277951	177.5946783092463	218
0.0004469802276191863	0.01211541765709831	1.6360502475336256	168.2479457396066	219
0.0009803221623743837	0.0007353690044822023	0.007923823369209222	1.0096803451063683	220
0.0006639550291206045	0.004429508251979135	0.42849067708347677	43.2961160594251	221
0.0004976562243400404	0.016121344730212248	1.6885057570505038	170.0571802348632	222
0.00031816493509123975	0.04147841019171341	4.459025754097919	449.29887128055435	223
7.382558862081033e-05	0.0006199079572557967	0.04671677416808715	4.58462826825252	224
0.0005182149670389498	0.0023819971397395015	0.08311347069151256	7.2218514520716175	225
0.0009137662973589941	0.016369255988950948	1.046561637291851	99.56609327363834	226
0.0007337244816497089	0.0014625965653892676	0.02172679014472255	1.5813150395580653	227
0.0007725639468175959	0.02311331147874585	1.630820004227683	156.96544958082032	228
0.00023101589315876022	0.00013778012665088734	0.004099811805922849	0.5188800449899819	229
0.00015993320788554733	0.010043088712625055	0.9622239630620748	95.94301772308035	230
0.00019038257934806503	0.032458229341779686	3.7084997312754737	375.6451692328864	231
9.557392811312974e-06	0.004488047128402789	0.4424077459277616	44.18531486300682	232
0.00024632314522911243	0.030287037350669156	3.2439774486120534	326.7691260057402	233
0.0004955840842793004	0.007801161555205321	0.8347693114848338	84.46547733535022	234
0.00018021155019579604	0.10643473610870124	10.797495103803278	1081.4512078719451	235
0.0007293665674819317	0.027690810161878146	2.9202366059613354	294.1856168569695	236
0.0008300252823621189	0.00857712645334367	1.2095636202587472	125.21491270528776	237
0.0007404643274558618	0.01784941923797175	1.3277530401492128	128.86340656735314	238
8.38172145872753e-05	0.005950388262548616	0.5500248388423593	54.62747109050222	239
0.0007447499088402711	0.029969645088306626	3.823621715421789	391.2930068879015	240
0.0014411170944051074	0.018912127455773187	1.3003083887640043	125.40609401686598	241
0.00035007818563427095	0.018988906697478714	1.7100530108066931	169.42811363296272	242
0.0002986054783260058	0.01035825969116944	1.1881442072185915	120.60448417577675	243
0.0005559764039568056	0.015779398159471845	1.5244058030932597	152.40033449830855	244
0.001277906914846116	0.024863842060392032	1.6635117234823036	159.26049195766515	245
0.0006275773321832187	0.01524522091987417	1.9144791195971742	195.9081158885024	246
0.0008583428213171884	0.015852171042096234	1.6296477719940392	164.17262677201902	247
0.0003105354194875012	0.017376616806878194	1.4750557602462313	145.15610982196606	248
0.00011352366900065983	0.009548588398324674	0.809989340300642	79.65214112028424	249
9.110006730642961e-05	0.009739629342907948	0.8268112056721404	81.29176738729306	250
0.00047660230398415156	0.0032209613904070813	0.2885509860024512	28.944764743874902	251
0.0009536686943811453	0.005977087965540813	1.0970138175171045	115.54231980875379	252
0.0008522951502431453	0.02687669945919235	2.0939232709942086	204.21510981737603	253
0.0008554354238124496	0.006045386695999588	0.3783385763588737	36.332879104942876	254
0.0022709462102152743	0.02378840263270293	1.2437482922017433	115.04838770771424	255
0.004914263765277678	0.03409844770351926	1.4779429749379114	132.8525953299467	256
