6.989324386948029e-05	-0.0003299286091189529	-0.021445376351177495	-0.23747632346284597	0
1.1241730779947782e-06	-0.00020551429905887354	-0.0068070575765218026	-0.07561736411989545	1
-7.087070718170025e-05	1.8210198152735055e-05	0.01506660041796292	0.17311744720626002	2
-4.905419091248269e-05	0.00014824780549217486	0.019655932750208376	0.23262728359030604	3
3.948059145116278e-05	0.00011817341746612662	0.00221943655359747	0.03736397293948025	4
7.69916197286203e-05	5.1594480534571086e-05	-0.01651701354800534	-0.1844077728800833	5
1.1618691437625223e-05	0.00010804834451186507	-0.014079680931179984	-0.16697608680043446	6
-7.10667934923177e-05	0.00028986891078180234	0.0077492797717713105	0.08505464388614212	7
-6.00227826553217e-05	0.00042921264309673737	0.024300011845696134	0.28868044815432414	8
3.221121037807746e-05	0.0003695220101306435	0.015441465496939104	0.19218935300086015	9
8.334942793369882e-05	0.00013888695113983243	-0.01145619487621	-0.13582233160020668	10
2.344013146797193e-05	-7.586092605532592e-05	-0.0285456541999964	-0.3606991201818149	11
-6.95660371914065e-05	-0.00012455790813634636	-0.017023228680828516	-0.23053445912686946	12
-7.116859240524338e-05	-4.5900059937085e-05	0.01265625163337085	0.15005699881593676	13
2.3094149756717965e-05	-1.5752625779455226e-05	0.03124770712564568	0.4141385447817688	14
8.863011468318311e-05	-0.00015285425537030027	0.020420203735479512	0.299172399201691	15
3.6408220791487396e-05	-0.0003906569526094051	-0.009329004664747082	-0.09227114268259891	16
-6.620973651606349e-05	-0.0005449018716078163	-0.030104132534960276	-0.39948847077350497	17
-8.226161818373156e-05	-0.0004972421640307218	-0.024307064015418725	-0.35826965414016787	18
1.2093339525990704e-05	-0.0003023067327701109	-0.00024811591665649217	-0.04128333728874861	19
9.259099084735212e-05	-0.0001182740953013338	0.018380242160388652	0.24107629522210228	20
5.044902727696491e-05	-4.689893337593971e-05	0.016361398433799017	0.25376185738264034	21
-6.0737536006456937e-05	-5.0162035102986136e-05	-0.00015108790336423698	0.04244710679168781	22
-9.300802400360564e-05	-1.5868085960617142e-05	-0.012556898329232912	-0.15115780521143504	23
-8.510739687163068e-07	0.00011168810641062031	-0.009189397768981786	-0.14544234951973947	24
9.486860511721536e-05	0.00027410928329144014	0.004579344230914531	0.02013211202024525	25
6.534038620396442e-05	0.0003633931296433652	0.01371444890763368	0.1569448363594832	26
-5.296587750252548e-05	0.0003314788337068935	0.009043450367063452	0.12855347998471703	27
-0.00010308494141870995	0.00023286289496128804	-0.004594593861654303	-0.026918994525947596	28
-1.572159996423607e-05	0.0001657820569522031	-0.014092955908931636	-0.15408864972460623	29
9.514952309875625e-05	0.00017752185448343663	-0.010766643679681534	-0.1367917090532293	30
8.087227979917564e-05	0.00022511542051864802	0.0021373880848982165	0.0015780575488530263	31
-4.2691549829789854e-05	0.00022184727965416469	0.013095241192802323	0.13290296133100052	32
-0.00011212225159619449	0.00012039560344046744	0.012834914492444166	0.14492273689171314	33
-3.247018992535641e-05	-4.296842365741644e-05	0.002170338746480635	0.03565819181489735	34
9.308339254789902e-05	-0.00017816396893439177	-0.009270589450426584	-0.09290730828399132	35
9.674994372337346e-05	-0.00021552375255406422	-0.011815679291092302	-0.12850652560244663	36
-2.976398526911058e-05	-0.00016043378893646626	-0.004206527412667281	-0.047971380885107606	37
-0.00011971920959604702	-8.365099076385225e-05	0.00565713524723142	0.0631079958368718	38
-5.0968924679646414e-05	-5.7322183363610595e-05	0.008370843096004492	0.09151938002508601	39
8.837305678391447e-05	-9.294274829836939e-05	0.0021261048117212217	0.009524602702124546	40
0.000112668663152972	-0.00013653925084029014	-0.005461591464775492	-0.08921937431225949	41
-1.408417098035632e-05	-0.0001257053422946447	-0.005057649642143185	-0.07890820519076833	42
-0.0001255377494177915	-5.458882824525054e-05	0.00432422917868705	0.060405573697028744	43
-7.115593442480125e-05	1.7835719714940322e-05	0.013278751087093785	0.1999080576472444	44
8.066591808489777e-05	2.7355740897606895e-05	0.011094468175376154	0.17931118676358773	45
0.00012832639201173666	-2.6979387960060237e-05	-0.0025129570620577232	-0.01864561182076982	46
4.545776851522243e-06	-7.854562260119387e-05	-0.015504966529123018	-0.2228217211248639	47
-0.0001290866618797919	-6.236941797990508e-05	-0.014876788794236047	-0.23016123013196974	48
-9.287366974459251e-05	1.3231780170365644e-05	-0.0005962464547944061	-0.021086163760016992	49
6.957346949551827e-05	7.311444423612531e-05	0.012829046510486785	0.19706351715633244	50
0.00014330018517914878	6.004487013319638e-05	0.01048944901060401	0.18965389142319997	51
2.623484100697975e-05	8.489131036571763e-06	-0.006593141454300125	-0.05285060298497197	52
-0.00012987301142276635	2.0245694539132268e-05	-0.020591844076687814	-0.2815055016233827	53
-0.00011592192198955518	0.00015606590063556563	-0.014364696541074438	-0.23481012521879016	54
5.471622543033652e-05	0.00035434216557760816	0.009542133742620713	0.07670992161049474	55
0.00015714100388220572	0.00047101824406348093	0.028892088504998092	0.35363465723370413	56
5.108680012558004e-05	0.0004119202498306918	0.023001076629759296	0.30108189042003475	57
-0.0001273672174640153	0.0002262863122037802	-0.005203934544015123	-0.05708873046642103	58
-0.00014006483591619528	6.19060360234477e-05	-0.029678350710683882	-0.37692736893583556	59
3.571403556291899e-05	2.1981835922728517e-05	-0.025859395004941572	-0.3284822924273989	60
0.0001693870631197564	6.690826858964279e-05	0.004338780226042144	0.06505386230293747	61
7.920896441247988e-05	5.99886644470876e-05	0.032873479286915544	0.43405458154877496	62
-0.00012105899625166911	-9.093886620817988e-05	0.032167201514896035	0.4193393659287558	63
-0.00016516411500630416	-0.00033976040349326846	0.0019466827306951768	0.02396586987533575	64
1.2064338656118338e-05	-0.0005457811053268791	-0.030506395553517893	-0.3923685444997209	65
0.0001795861612375973	-0.000601929625435284	-0.03678536080616006	-0.46462968726115256	66
0.00011091889372764939	-0.000516109201959148	-0.01377708128562805	-0.16197061731508555	67
-0.00011018840308550052	-0.00037638028380872516	0.01569435520578445	0.21419736539498632	68
-0.0001910392734481652	-0.0002557063624495136	0.026689946607670732	0.344017877783779	69
-1.693624283648134e-05	-0.00016197466051575847	0.014922236672873786	0.17974530831565744	70
0.00018707692090104465	-7.006265078914791e-05	-0.00347404067469996	-0.0640579794056501	71
0.00014652385561847664	2.3987983240377625e-05	-0.011422561784005504	-0.16496796680401793	72
-9.389946521184273e-05	9.856065852235528e-05	-0.006932212862423067	-0.0989213939158296	73
-0.00021754786443716097	0.00014761771087462702	-0.0001585292031703392	-0.001683076354230588	74
-5.2156576385566696e-05	0.0002009912165739456	0.001286289720614323	0.022007495498814034	75
0.00019120945316245972	0.000287282282727265	4.237298546235727e-05	0.002807550925875854	76
0.00018667099082127952	0.000384124690993561	0.0022569358713619096	0.025079219301701636	77
-7.100881384264389e-05	0.000426161456937722	0.007325120346590151	0.09185038900833446	78
-0.00024469999572817496	0.0003729903024548547	0.008067458172252373	0.11510772279373371	79
-9.499870220639611e-05	0.00025969085805058927	0.0006437614618480776	0.034848156721446505	80
0.00019109912718479408	0.00016447287226546096	-0.009311542598330523	-0.09398833456389456	81
0.00023244593939137975	0.0001249838102002649	-0.012668307726770345	-0.15895461828849408	82
-3.979676954702933e-05	0.00010123123278801697	-0.007294225294815949	-0.11596426950601242	83
-0.00027272915626316797	3.239396533086117e-05	0.00036603792272912536	-0.024729343745442833	84
-0.00014769508916740413	-7.901324814633699e-05	0.004225988839717313	0.04081294063116302	85
0.0001856309117290551	-0.00016133937984276828	0.005681129529517032	0.07790808042885727	86
0.0002859196505958588	-0.00016094999669932948	0.009176984813683339	0.12110196597477826	87
2.465230000060336e-06	-0.00011841273738709282	0.012649020260746038	0.14711901077503536	88
-0.00030251365974186045	-0.00013078715390514107	0.007497703489824997	0.07336119058359486	89
-0.00021434863632850036	-0.0002294629092541526	-0.009248865734980325	-0.11832421049028276	90
0.00017322773455281026	-0.00031604724626452555	-0.025830099171210597	-0.29292309365184843	91
0.000351472681734018	-0.0002494702967248759	-0.024500385724737613	-0.2634557586460462	92
6.092149422023095e-05	-6.476590787623301e-06	-0.001627715036609777	-0.005755176438678539	93
-0.00033636404502555015	0.0002621181053596689	0.024228807042156124	0.2676118875051887	94
-0.00030359816644474685	0.0003585598665325452	0.02899095972984006	0.3021301884197979	95
0.00015089522996139873	0.0002271346777531452	0.00856693849042307	0.0759459516679636	96
0.0004389251420912246	4.320996135978106e-06	-0.015622376836285805	-0.1624030426389763	97
0.00014680846244013003	-0.00012878488092637422	-0.019219914027964462	-0.16175171767962596	98
-0.0003802658372559942	-0.00013599693973581043	-0.0014151393827808137	0.04879166077535641	99
-0.0004363020549242769	-0.0001525160685362034	0.014776794699895044	0.19209814074408557	100
0.00011216754604604837	-0.00032007482452018157	0.009304743754428727	0.06692314873226343	101
0.0005756803307329988	-0.0006129222759736271	-0.011609766445380615	-0.20688915497877403	102
0.00029179565115851054	-0.0008468004902120902	-0.022693899252800975	-0.314625752108305	103
-0.00045393804072412695	-0.0008597568554003935	-0.009156078226350204	-0.1080283250729409	104
-0.0006826247396708173	-0.0006629375657778037	0.015796113262243786	0.21605390924098525	105
3.2613849221629454e-05	-0.0003941293062278276	0.025872713300969453	0.3317168253127614	106
0.0008716599518411249	-0.00012774589563455065	0.011632020063469348	0.1474146221411514	107
0.0006460098111619302	0.0002445788991031285	-0.009348971788793485	-0.10311356978999395	108
-0.000649337383809761	0.0009265648073124188	-0.013438542949241976	-0.14212963327277545	109
-0.0015049798033883615	0.002014766978483361	0.0019060751375711052	0.03337317125693395	110
-0.00037857794362135125	0.003397705605748914	0.01632347677391139	0.16602182349185043	111
0.0025993449901965805	0.004860344941598541	0.011315056000001253	0.05678295339568819	112
0.005703844582842533	0.006275264493209566	-0.00795347347693302	-0.1955696114603162	113
0.007497522893578749	0.007674149653727514	-0.018841395023135026	-0.31163234162206543	114
0.008395915252176867	0.009129740017627685	-0.007205258875061621	-0.15528786870721362	115
0.01007085262535341	0.010583769651586836	0.017213809669761437	0.11877706724250181	116
0.01331305486891717	0.011809381924416017	0.032482278235262986	0.2512000883235539	117
0.01679567281139217	0.01254968141247171	0.0280975570761441	0.16043134562778727	118
0.018210035690836714	0.012692980415105639	0.01358873230879346	-0.0046672616750633306	119
0.016570940122304652	0.012318498299211608	0.004924523526716157	-0.06977037196901306	120
0.013174467908866828	0.011587210258428165	0.00708036236976398	-0.024753465662397917	121
0.010212466538131026	0.010602596992817265	0.012406842590653382	0.01835134242632845	122
0.008624939759520382	0.00937534618366781	0.013074694563327618	0.004537581049702033	123
0.007495440124130028	0.007904110859913376	0.00996722302134119	-0.0008477099723123993	124
0.0054666365933779566	0.006269258414676963	0.00817075596465334	0.06315978877259679	125
0.002451917704945631	0.004638893286105863	0.007896056272563321	0.13160682131354048	126
-0.00022488988195997031	0.0031853950323945156	0.004363228482980437	0.08111115168323396	127
-0.0012524112809578626	0.001996370276779109	-0.0037070708663942045	-0.09104221076917078	128
-0.000649234706389207	0.0010583475349614268	-0.009889315115209405	-0.22140403235496328	129
0.00037820027433711897	0.0003155323108030946	-0.0072063155800763876	-0.15515959138028057	130
0.000697331859974826	-0.00026002120907454976	0.002263673844153687	0.06053372252409808	131
0.000206083456446712	-0.0006501456938708285	0.008515370621028485	0.2102506254015886	132
-0.0003793959715126452	-0.0008319732393540774	0.00508053481797017	0.14656079145656276	133
-0.0004408113982972076	-0.000831283548106829	-0.00331413352728415	-0.047023566026409655	134
-3.238439797759846e-05	-0.0007319359003302614	-0.006670516779490861	-0.15838764916566694	135
0.000340629131188958	-0.0006286737722998841	-0.0018510678873701128	-0.08817816617190785	136
0.00031282308652355617	-0.0005656531718365154	0.004249424126716035	0.0557870013565618	137
-3.0832047266366445e-05	-0.0005192925160958162	0.004012392935075427	0.10693656466723248	138
-0.00032265878246877714	-0.0004428524420183654	-0.0015183664705278425	0.032830485035457546	139
-0.0002818508545369294	-0.0003273899798864052	-0.005102351557367105	-0.05868674760313278	140
5.5630408488715165e-05	-0.00021294263727379757	-0.0035420373659093597	-0.07842125548598526	141
0.0003776273412817344	-0.000133258674550086	-0.0013872855548687285	-0.05525510426257936	142
0.0003468081698534436	-5.168124233877533e-05	-0.0030496386820816467	-0.0544845048843047	143
-9.801076347517684e-05	0.00013615235800266327	-0.004725595304837008	-0.05184219330181407	144
-0.0006079121245938474	0.0005241699243576126	0.0013001401532289577	0.038626286642577466	145
-0.0006169363316542846	0.0011197082428243766	0.01420667767272023	0.20641572032037406	146
0.00023349570716600526	0.0018539171965753758	0.02119632334629225	0.2856563631416341	147
0.0018035986234566988	0.0026730483162897634	0.010737097365474653	0.12193215740208421	148
0.0036017794138551358	0.0036109167356352776	-0.011593858639900442	-0.21064708367943435	149
0.0052448709295830065	0.004754150703095364	-0.025057072294166316	-0.4264499821900746	150
0.006754880299569407	0.006126502412560578	-0.014433208572430339	-0.30796773354038576	151
0.008377692229849784	0.007614257516076313	0.012764629534076248	0.051260192324097134	152
0.010145262167279089	0.00902061193781482	0.0328877143777076	0.3284219154967404	153
0.011695636160994855	0.010202253792801434	0.030387380166332315	0.3025675132976222	154
0.012562798381339068	0.011151604822640129	0.013018250236799072	0.06850763880552078	155
0.01261152629275404	0.011944544068405661	0.001448550289853052	-0.0995860560091798	156
0.012155014240281977	0.012616555984090774	0.005960191744428267	-0.06309475239593837	157
0.011680796442089744	0.01310297233348004	0.01700250453758137	0.05515028490714647	158
0.01151621764269364	0.013302112133614293	0.019117679649650943	0.06095536857107699	159
0.011722382340421063	0.013181817828690677	0.01023922885605662	-0.05717288335816133	160
0.012164408800859046	0.012805664602457146	0.0031912146232479554	-0.12326524909043733	161
0.01256332990104854	0.012251941686037278	0.008581417929231245	-0.013361562977420208	162
0.012530831534063067	0.011523397462041292	0.020643587009438212	0.16711139790433088	163
0.011742461998538687	0.010556164833900466	0.02344380191434521	0.19440661223376565	164
0.01021265556024751	0.009321724879657947	0.010091406699066304	-0.002717335818624933	165
0.008357908682098196	0.007907203995732977	-0.00785879278778585	-0.23724087108149094	166
0.006657045693977567	0.006479392250912716	-0.012019980313967352	-0.2545581005220057	167
0.005206109223514952	0.0051641588435562165	0.0031191398244099153	-0.006928573892312009	168
0.003697172951965101	0.003965973061417507	0.023914893988812684	0.29080717066266193	169
0.0019156777947485467	0.002811337548221529	0.030793036810505266	0.3744870523524524	170
0.00019425693125461787	0.0016706372484122539	0.016477641360820056	0.17631608937989904	171
-0.0007794676477811038	0.0006325200256188533	-0.008586184393811735	-0.13841779410552318	172
-0.0006740462728391709	-0.00014572055770418547	-0.026594230280806062	-0.34129691962653386	173
5.007535633008275e-05	-0.0005645082232476539	-0.02673382649887178	-0.32157182522643213	174
0.0005300947811037482	-0.0006655593987830386	-0.01130998200887566	-0.1271786237348707	175
0.0003310199872897206	-0.0005985225130849741	0.008350191517177358	0.11111273977763284	176
-0.00019580180924313312	-0.0005074420927950664	0.020282566516996312	0.2665349914615863	177
-0.00040594573556461833	-0.0004415260894029213	0.018652263223102046	0.26534518414994823	178
-0.00011134357880060724	-0.0003615431626290761	0.00632143517628968	0.11500451254702697	179
0.000270417654411222	-0.00021964329192257926	-0.007560329998402908	-0.08956328388760998	180
0.00027668093096686503	-2.7514975126031755e-05	-0.01412439545324785	-0.21700020698539169	181
-5.1323077815138376e-05	0.00014997024085136872	-0.011275115130744242	-0.1978356366351658	182
-0.00027627989707615526	0.0002590811634145878	-0.00423490290146007	-0.08031553490169079	183
-0.00013595978627762618	0.0003059712818454601	0.0008844923828702307	0.028041633643285487	184
0.00015621742045005254	0.00033688371705754963	0.003604997001406704	0.07625387089448508	185
0.00022218752597296494	0.00037301488720588684	0.007824240486004422	0.10545685162591187	186
3.498044364800461e-06	0.0003754698652543084	0.014125662600069012	0.15948253537547785	187
-0.0001967128113020888	0.00028583239758148924	0.016037818204379686	0.19172078739414877	188
-0.00012795704626877196	0.00010296963531016186	0.006898441818118527	0.10799615421799803	189
9.62938462142276e-05	-9.162871009706899e-05	-0.009836342364125101	-0.09104815013179626	190
0.00017531016476626143	-0.0001991924644973818	-0.020683475158481415	-0.25728674619036457	191
2.1600459927874306e-05	-0.00019816956428733972	-0.015431020878242739	-0.23354239944127714	192
-0.0001449825728311806	-0.0001646841760823192	0.0006075436939605144	-0.03997032001839702	193
-0.00010721217821764797	-0.00018909125278914818	0.010933415004288412	0.12591373271241618	194
6.711072501685623e-05	-0.0002743260443615063	0.005714082039755628	0.10297422441880186	195
0.00013659553165332032	-0.0003288150585305269	-0.007100568591954537	-0.04858999520716154	196
1.813074789227772e-05	-0.0002657078877957008	-0.011190009655071642	-0.1210504853474005	197
-0.00011407985460114636	-9.935756527896405e-05	-0.0013353455391168847	-0.01420455209667365	198
-8.005872397880696e-05	7.01241687498938e-05	0.010449630264892916	0.13865644548895006	199
6.152168978474368e-05	0.00016583455345612556	0.009982631940030174	0.13773713695134976	200
0.00010711194718969832	0.00020841334087288456	-0.001204623842930727	-0.02444731555475141	201
-2.475208254855139e-06	0.0002683512635486898	-0.007810146653520613	-0.14263973986486944	202
-0.00010397740960025627	0.0003573382042446916	-0.0007362441696640906	-0.05770814462550858	203
-4.9208883221774275e-05	0.0003981503099682005	0.010211507775099861	0.12638532436860947	204
8.068594595066116e-05	0.0003189473156313486	0.008336273758008574	0.15855704675358379	205
9.078887092557174e-05	0.00015848033183947367	-0.007107520361384571	-0.03314737981948053	206
-4.1866493293420647e-05	4.1259313764918e-05	-0.016926956944774023	-0.21741883419384617	207
-0.00012275443606365826	3.404810183229917e-05	-0.004797636901163239	-0.1271134136236407	208
-1.661779322524072e-05	5.145924239584397e-05	0.019737924817138548	0.18560207319545452	209
0.00013750128406667236	-5.9760715440329766e-05	0.028409986587210875	0.3605106094595147	210
0.00010080943344209698	-0.0003350211440032899	0.0067165674583208115	0.14109935288992226	211
-0.00011215172411486595	-0.0006177995678097718	-0.0259874568870282	-0.2871486819779084	212
-0.00020404210142645337	-0.0006993884533788307	-0.03532751280212615	-0.4648487010683335	213
1.0616242232377787e-05	-0.0005287638470843894	-0.010677988392047602	-0.17806451215980088	214
0.00028976912974449016	-0.00025419030856155744	0.021220162813847095	0.272773611578758	215
0.00020690639311762057	-4.0509066859624595e-05	0.025771175367863115	0.3966116458529926	216
-0.000268586935648876	0.00013376691639774806	0.0003250079477850514	0.074956292796233	217
-0.0005788384338640983	0.00046272130058576226	-0.02261906331071486	-0.2962272334073077	218
-9.79285476202245e-05	0.0010914129103503389	-0.013868137892974357	-0.2701715484468479	219
0.0011864060827172056	0.0019405203081034614	0.017089428353953176	0.11745241478072477	220
0.0026423967687378897	0.002785496631739936	0.03247052297635846	0.3837896897996034	221
0.003686766636947705	0.00350412098941048	0.011457977669754904	0.17671683028539056	222
0.004396572105785272	0.004203258577854606	-0.023030128153173804	-0.2858737106992138	223
0.00531249169775638	0.005068110141031585	-0.029271063746275777	-0.4521536537958093	224
0.006673599211290772	0.0061009273386553806	0.00419752207493658	-0.08855680023765206	225
0.00801602667308469	0.007055950216098547	0.04289633403549924	0.4204382362843023	226
0.008634465199435358	0.00766234580104082	0.044095897821344404	0.49668746749235654	227
0.00836813573844449	0.007896670171467179	0.005606967887233956	0.03734436170651692	228
0.00778846274473027	0.00800033543477087	-0.030638516386383614	-0.4525771540479745	229
0.007584709402774349	0.008217117350742785	-0.025077307310334432	-0.42906283883008445	230
0.007877193397230066	0.008536902571883522	0.015588375254689365	0.07307366396138534	231
0.008221308085047483	0.008723631977697759	0.046640450712376866	0.4850392846099162	232
0.008213042329979351	0.00858964037240596	0.03551064275233965	0.3543389765598951	233
0.007935433107972803	0.008212032725577207	-0.0033621533210878955	-0.15212235052124162	234
0.007767897162471213	0.00786196201298783	-0.026999569804565693	-0.4595156830772053	235
0.007885963981319475	0.007737758141930702	-0.012317732810788674	-0.2451262958174269	236
0.008092109506311444	0.0077954351190785386	0.020901858656483432	0.21967752773218846	237
0.008123522359773937	0.007842800778158084	0.03579956966662538	0.4137168161706287	238
0.007982091778805253	0.007769241656216939	0.0201284521436503	0.16356935756404864	239
0.007877248091803658	0.007654359940464559	-0.003889306616697147	-0.19941683569383836	240
0.007922203737223767	0.007657567536770544	-0.009020355147270431	-0.2649897334856085	241
0.008015397513185056	0.007835152302727234	0.005847529550936863	-0.016472128277206927	242
0.008027587720354591	0.0080882158121552	0.018464796684053295	0.1973251731427802	243
0.007984841076412837	0.00827702552035543	0.012713587789728732	0.11275142910688063	244
0.00798625880597725	0.008355806412953406	-0.002581050395556308	-0.1407913175041132	245
0.008014896313276603	0.008383556362786156	-0.006631869836012455	-0.22822184080358426	246
0.0079628646532651	0.008420889909711779	0.006976085575647866	-0.030630191183940697	247
0.007852122289829934	0.008440216410106054	0.023177789041862084	0.21959579769303633	248
0.007887160692554305	0.008339598438308617	0.024416929291785024	0.23410947440399188	249
0.008166264500686696	0.008028890812164057	0.011057805676415063	0.014948372881292887	250
0.008394565319456922	0.007494418792917056	-0.0008666907888991715	-0.16381256885219142	251
0.00805397191622997	0.0067930357121453126	0.0003726746936791995	-0.09432421298601099	252
0.006943248894106205	0.006002053326080104	0.009680910661079043	0.12645343362725464	253
0.005461470185801717	0.0051753877130827205	0.01354470268205849	0.22876235037457207	254
0.004226190312247424	0.004329745653081361	0.006658381783846034	0.08912874868352318	255
0.003416567535664132	0.0034589617713057116	-0.0036627436807782736	-0.14548461254803335	256
0.002627756534926501	0.0025679603679452058	-0.008095942273055047	-0.24542667570024485	257
0.0014518641128031958	0.0017076398479402323	-0.005563837634846691	-0.14696894007408964	258
0.00010220559881463168	0.0009755164102311083	-0.0012992743875822072	0.018801079991380254	259
-0.0007108242069219122	0.00046085017818346414	0.0015259316690929767	0.10193634923137061	260
-0.0005660786720575727	0.00017051857320823764	0.003931141255185291	0.07617989725591208	261
0.00013429398178332392	1.4425756849370866e-05	0.005812276132758115	0.008758022270883278	262
0.0005451151769338175	-0.00011434535934314196	0.0037472154292052867	-0.043624518742657326	263
0.00026471441548748577	-0.00023515102042078964	-0.002899355624813851	-0.06114256080752187	264
-0.00028943715840574905	-0.0002689213602549125	-0.006934012981984648	-0.02038033742477191	265
-0.0004355920009460634	-0.0001490055157736638	-7.141139590651803e-05	0.09408036579100079	266
-3.8538931183324096e-05	6.239493675267978e-05	0.014250536709800279	0.2162468681402822	267
0.0003761292813694386	0.00019626281638276553	0.019917700588893392	0.20264789875577374	268
0.0002980829490614032	0.00013639513938706297	0.005256880342891712	-0.015192749853810056	269
-0.000149776350486705	-5.150304447064738e-05	-0.019802362551523296	-0.2884975047205568	270
-0.000392829667370301	-0.0001777430643041497	-0.029675332066880094	-0.3417953467199433	271
-0.00013142991826405617	-0.00012988913388546137	-0.010262363227523611	-0.06503574541872185	272
0.00029504525398981184	-2.1607663355747704e-06	0.022214537813003865	0.31239561934329035	273
0.0003437477765007035	-7.605387133867653e-07	0.03494166319273659	0.4136581311742541	274
-5.0360837442845564e-05	-0.00021655098987692525	0.012992406273772896	0.11020401784865783	275
-0.00039211542315447387	-0.0005111592357574356	-0.023186261487522182	-0.3154573010627807	276
-0.00024025179917191758	-0.0006455584881364088	-0.03830698726171951	-0.45053808961405173	277
0.000238167856876054	-0.000514036739482595	-0.019315863345367223	-0.1852293296448602	278
0.0004524036714746609	-0.00022940935455230752	0.011899235016292347	0.18302514259309446	279
9.575331393240152e-05	2.7978688564753943e-05	0.023859691594897956	0.2893272655660888	280
-0.00046191251469491937	0.0002216280678602791	0.0095914121799915	0.09340581191678116	281
-0.0005519380565155199	0.0004927109954610502	-0.008830441319904226	-0.11822439514422069	282
9.303810331097765e-05	0.0009852733874795645	-0.008476093614388084	-0.09692345634973398	283
0.001111779581137134	0.001668614146709989	0.00789486797520021	0.0841539768729953	284
0.0019732144672046717	0.002360016639255693	0.01757824015065674	0.1552786570274518	285
0.0025503346616369826	0.0029173207022329833	0.007228018290796248	0.007181922131302962	286
0.0031620277966177344	0.0033778839330755933	-0.01049563908194823	-0.17029675265221306	287
0.004095889987040488	0.0038872843167913067	-0.012653234186366158	-0.1341663951430179	288
0.0052070466336532305	0.004504884748312866	0.005622953992342255	0.09551887528598943	289
0.006042335769568814	0.005111863032616096	0.02464458888524721	0.24752140039742768	290
0.006306964869842524	0.005526120576256023	0.023152514931620082	0.1279942861202718	291
0.006134829130851362	0.005692686947244766	0.0030395953405394733	-0.13854618495144072	292
0.005904489513871299	0.005737490021852728	-0.013387251718649105	-0.2532900589425507	293
0.005862120441138181	0.005831141328617629	-0.009605098634686796	-0.09829680262802895	294
0.005965192979292437	0.006019579857443877	0.006923030308971721	0.12757184529427293	295
0.00604388653008451	0.006203704186945049	0.015404332044550391	0.153716952541361	296
0.006025811977841517	0.006273664082546335	0.007294627007126615	-0.03551806402706455	297
0.005974012199984457	0.006234448189493877	-0.004158227744320363	-0.18593576944046167	298
0.005962342523397588	0.006185093351456933	-0.0011671391066448776	-0.0843250778132242	299
0.005984755817293588	0.006191137794875508	0.01599758877032619	0.1797559076059354	300
0.0059943952227505225	0.006208554028755045	0.0283413927483116	0.31149087348161486	301
0.005981963835966992	0.006147128298654608	0.020163096759996703	0.14945427596700392	302
0.005978072138441712	0.005993645984857703	-0.0022029913822833166	-0.14990295960321284	303
0.005994760603388974	0.005846843896673443	-0.016684404586685013	-0.287125225853785	304
0.006004351276221494	0.0058205686520464445	-0.009435478259927167	-0.14402599929715393	305
0.005985281251583241	0.005923394890855203	0.010632498272781461	0.106174114427076	306
0.005960800956321216	0.006048904131991972	0.022302142556516434	0.20416612267363501	307
0.005968664049939339	0.0060863231389933796	0.014867584754397974	0.07668855777734154	308
0.0060039316499997586	0.006030037737484505	-0.0017944311054824639	-0.11599063237005927	309
0.006019756371652389	0.005972820689242078	-0.009357608838561546	-0.17376507952000966	310
0.005990558174658297	0.005997552763682745	-0.000497715521028147	-0.055681069121527635	311
0.005951421646519526	0.006088368649226012	0.015201100116690718	0.11436485059467841	312
0.005955291424720959	0.006152287573672201	0.02304043552721572	0.19721597868648352	313
0.006001225540101119	0.006118532838886235	0.018019215572250565	0.1591758001529156	314
0.0060308788777165955	0.006004718924343588	0.007235679774969427	0.0587330514448422	315
0.006003035508350144	0.005886205253195436	-3.8822274219398045e-05	-0.03970265736083037	316
0.005950448792107148	0.00581495628331577	-0.001709291597716758	-0.11139052717171305	317
0.005941318569671103	0.00578205165099221	-0.0018679948748118614	-0.1490311963215275	318
0.005990894396758353	0.005756975072177522	-0.0029381036605141027	-0.13445613552823127	319
0.006037685097853884	0.00574457288779957	-0.0017412156701490332	-0.053463959733368	320
0.006019671342678402	0.005784476255474012	0.005718041753847724	0.06941020496886893	321
0.005956048237528679	0.005892570181310945	0.01707606238911345	0.16908766172684248	322
0.005927377218423414	0.00601893441471979	0.023485201195649938	0.1827805659011894	323
0.005973908080411345	0.006082087619613048	0.017861336246933927	0.09819192938903534	324
0.006039966072507584	0.006050464249739007	0.002926093259393978	-0.03552942273504156	325
0.00604009473826714	0.0059814456572321265	-0.010042500194426238	-0.14069579678028327	326
0.005968883360090382	0.005968642629697226	-0.011223486268302866	-0.1614615694230807	327
0.005914286033513919	0.006047846983909744	-0.0010777642153724431	-0.09695010584711128	328
0.005949844499380212	0.006160068691340918	0.010957292559770519	0.0049966279591531215	329
0.006036881741214807	0.0062107429668564005	0.01623923598654243	0.0884577389918374	330
0.006065147609021484	0.006161562551006826	0.01459782795781185	0.1294960572953079	331
0.005991048005691585	0.006058739593525165	0.01197372900822121	0.13677903905285987	332
0.005901912076140325	0.005974227694959665	0.01156814929816599	0.11488929704291027	333
0.0059148627051462035	0.005931870530465818	0.00958897349447083	0.042722875732506535	334
0.006025293357026647	0.005901344347735069	0.0012313644989846374	-0.08992661777873096	335
0.006097997995461871	0.005859157295548615	-0.010247223248157019	-0.2232868125572269	336
0.006029643370716564	0.00583617351035243	-0.013601135138689418	-0.23823345013479746	337
0.0058908656642738255	0.005888348532130895	-0.0012223361082938826	-0.06806366465314767	338
0.005858353799592502	0.006021589623582003	0.019836658758663	0.19227205105691403	339
0.0059959013133204665	0.006162026601761688	0.03145687841114296	0.3263542090521317	340
0.006148999336762008	0.006216101382189674	0.02161024467776718	0.19204222984483216	341
0.006109980014220245	0.006161406494833913	-0.0021787238541157656	-0.11386468978905451	342
0.005885137974040697	0.006067646455072854	-0.018517434991015966	-0.31793925915296073	343
0.0057358190417212025	0.006018301476335881	-0.01267349034909627	-0.22859323179008545	344
0.005896654771325177	0.006011238124403342	0.008951145626156742	0.06824133544674124	345
0.006260630306350497	0.005942157793838808	0.025659670998798536	0.2916110480234846	346
0.0064058403777905535	0.005690040951501069	0.023316038434319085	0.248136529082556	347
0.005982401392266759	0.005220340188871566	0.00718749387536945	0.015359261620639914	348
0.005060587318173132	0.0046081223903027355	-0.0058358972652775625	-0.16415906557365148	349
0.004053001115845363	0.003967924788850878	-0.005589611947373478	-0.14657997195170708	350
0.0032844449026046114	0.0033659661766195998	0.0028217236252476227	-0.012006809273310354	351
0.002683459947623231	0.0027949388199714777	0.007872855213336628	0.06813623767711925	352
0.0019405328230938897	0.0022194874561026557	0.005503347044200315	0.03971457379226484	353
0.0009482057778248758	0.0016344838168848574	0.00172065127208605	0.0005542480590514376	354
9.657042452419122e-06	0.001080205890476846	0.002741061576718842	0.042598039812492806	355
-0.0004392660739906411	0.0006112434660806998	0.006364324093606939	0.11847210818700424	356
-0.00029237490446453677	0.00025741415756628063	0.005300802031216826	0.10301399417124932	357
9.865082445776143e-05	1.0797699412661574e-05	-0.002604428076370682	-0.035629024460475237	358
0.0002742422695192467	-0.00015824165055268577	-0.010703076145328314	-0.17847386103817356	359
0.00010614625742344736	-0.0002755944058081641	-0.011055972508196576	-0.1870465905953822	360
-0.00014551736937094752	-0.0003486655692377435	-0.003627187976983807	-0.060867333708252785	361
-0.00018182666253441172	-0.00037118662537652326	0.003998139903640081	0.06930276831636911	362
6.957100055402475e-07	-0.00034283899100354695	0.005422341163268715	0.0946859147381216	363
0.00015393984891169264	-0.0002863631234369374	0.0017534534588314245	0.03654416204528252	364
0.00010089482032378386	-0.00024170309788172737	-0.0014155180845004337	-0.00944106564466457	365
-6.713215074766144e-05	-0.00023456058835251816	-0.0012297234217748024	-0.0003457750796005965	366
-0.0001328057058735604	-0.0002472571649038955	0.0002944459249147099	0.020688816683818972	367
-2.8068806566620367e-05	-0.0002291120042338282	0.0005204503941666034	0.006978714660952557	368
0.00010009187728029275	-0.0001483512510348996	-0.00030024921237929974	-0.025091015732878114	369
9.11747235247339e-05	-3.599588147387787e-05	-0.0009664703397251808	-0.036025720013302925	370
-3.052917594424925e-05	3.37414568585704e-05	-0.0024881324562873158	-0.035246544315716125	371
-0.00010305276319193691	1.951045958223374e-05	-0.006235811965037938	-0.0625368346132828	372
-3.9895144743324826e-05	-3.2722078399797724e-05	-0.009122859092154392	-0.09817253184239463	373
6.8401878219531e-05	-2.705200287164266e-05	-0.004372964140687769	-0.049330821522240095	374
8.175102589087942e-05	7.843360824846997e-05	0.009799141625341292	0.12653681453092003	375
-9.579584011090367e-06	0.00021105425559647065	0.02359234962809617	0.307870315994326	376
-8.217794733494932e-05	0.00024506704252565906	0.02222676983478672	0.28911095460198133	377
-4.4997076991352275e-05	0.00013455727651459984	0.0020017287412289883	0.013389478326867661	378
4.722998043645704e-05	-2.306016435786682e-05	-0.021959223979029628	-0.30903815425709835	379
7.307617382806006e-05	-7.321332478959792e-05	-0.02803365982797599	-0.3781717797230211	380
3.5383314690579093e-06	3.898277648363858e-05	-0.010040055963562033	-0.12010294818721931	381
-6.641088418367206e-05	0.00020634639315414947	0.01483652219799329	0.2111309882859407	382
-4.677887264874426e-05	0.00026552687206585885	0.022523837784864068	0.2862618820568115	383
3.2112835407989686e-05	0.00016550239448826832	0.006644750497439575	0.047963768649134556	384
6.52084132327807e-05	2.014803745538471e-05	-0.015087351318626157	-0.2306497834805045	385
1.2142460937719342e-05	-1.4001537507384878e-05	-0.01979922279285108	-0.24501699517567282	386
-5.393316122275627e-05	9.372405804297077e-05	-0.003341985662735707	0.014652212738997517	387
-4.666891245851682e-05	0.00021341012440232886	0.016356763340113052	0.2660729941516655	388
2.0925824219884706e-05	0.0001911197565208719	0.019164131728638636	0.2497550821811234	389
5.806187339257369e-05	1.0940666135435034e-05	0.003627375215968189	-0.0005319089075108245	390
1.777576241185374e-05	-0.00018908904147744597	-0.013058731428900731	-0.21670339965475438	391
-4.3892580755701903e-05	-0.0002608833795961762	-0.014245696149871034	-0.1925642131628212	392
-4.5460183204100967e-05	-0.00019456384505924532	-0.0005439498911974558	0.017466052327149605	393
1.253963686462039e-05	-0.00011607475625249598	0.012767508608691861	0.188513672237806	394
5.166213106405995e-05	-0.00014364578659979845	0.012618429618567423	0.16827077534318752	395
2.1386696511218196e-05	-0.0002606307818193908	0.0004417555822992512	0.003596795188064706	396
-3.577456031496687e-05	-0.0003378006774067436	-0.01151259887175907	-0.14731899314374036	397
-4.364694631286037e-05	-0.0002746161112988933	-0.013439853631610679	-0.17923323918229433	398
6.261307017295403e-06	-0.00010520763978389417	-0.006240804626765049	-0.10538822128235692	399
4.606545462952795e-05	4.089255954592397e-05	0.0019239250549691325	-0.00043394658838695477	400
2.3628401242241836e-05	7.545707109430613e-05	0.004793570971066091	0.07706738446963779	401
-2.9243613200027137e-05	3.755065304419513e-05	0.0029492944214900476	0.10628744312964386	402
-4.161966145466099e-05	4.01941855215672e-05	0.0010483191508626304	0.088103999368385	403
1.5385869515445894e-06	0.0001394045249107727	0.0018609946716353094	0.03664724298558891	404
4.126733543226161e-05	0.0002677472430101758	0.003476125641758884	-0.021275755888614467	405
2.4983766830688047e-05	0.0003033941095048338	0.0019002202431787716	-0.060837852678625876	406
-2.3995257357548646e-05	0.00020122568972348598	-0.003888270701229231	-0.07682002089064685	407
-3.961491521176693e-05	4.677877568314698e-05	-0.009512131898129016	-0.07436863296884084	408
-2.0463110697059236e-06	-2.5770293403087896e-05	-0.008416591184403393	-0.04415842021860861	409
3.721065409935647e-05	3.162979098887773e-05	0.001323020800407665	0.029505867809085706	410
2.5775069809744373e-05	0.00013276940436070164	0.0131049886972373	0.12191121979227888	411
-1.9791150163239388e-05	0.000146718034440922	0.01621094356593753	0.1529092838519578	412
-3.77745391207376e-05	3.377903562320171e-05	0.006174039201012912	0.059757834468920024	413
-4.7826030037606895e-06	-0.00011245571077501525	-0.008965004960282578	-0.10520180690939601	414
3.386280154757393e-05	-0.00016086208883940578	-0.014748663854273675	-0.18669041316747603	415
2.6257652941816083e-05	-7.709714794309e-05	-0.004702066741624166	-0.07868153022709669	416
-1.6438151350823063e-05	4.3341445501240625e-05	0.0115900097274934	0.1369256093315495	417
-3.620855650182317e-05	7.707127532811161e-05	0.016917968211065542	0.24468606275976518	418
-6.9049819766504525e-06	1.3054362605789335e-06	0.004291537276870372	0.11746261444268707	419
3.1198736724072015e-05	-8.729003179321418e-05	-0.014640581510199285	-0.13216043106280118	420
2.6650119124808566e-05	-8.205861305092457e-05	-0.020845669997026507	-0.2569655790105629	421
-1.3779639965582485e-05	1.4642805861767548e-05	-0.00780348290663379	-0.13704418947689856	422
-3.505639282824942e-05	9.123702801169895e-05	0.011367107381934305	0.09176037720972645	423
-8.702886037274121e-06	4.5231551110401415e-05	0.017627532592014723	0.19008345706779267	424
2.911583783393539e-05	-0.0001072819948814373	0.0057785042879933725	0.07460310300266171	425
2.713926788837286e-05	-0.00024639605584311124	-0.01106950648134718	-0.10800374522573578	426
-1.1581911664231503e-05	-0.00026782323109342807	-0.01629505550280147	-0.16251576655003266	427
-3.43002634044247e-05	-0.0001786420049391961	-0.006670916474158956	-0.057217816592176236	428
-1.0334051711449006e-05	-7.449438933109962e-05	0.0066274128574626365	0.07273216530421334	429
2.7538399319989963e-05	-3.4780782610686206e-05	0.011690167217319275	0.10346366698808784	430
2.784823837529511e-05	-5.287287683364815e-05	0.007216000276915561	0.04782595587508613	431
-9.699046416593012e-06	-6.543644677251719e-05	2.1644312987284878e-05	-0.0071754928950673105	432
-3.399793812021402e-05	-3.0450220380704362e-05	-0.004854051510274337	-0.03205174842910341	433
-1.2028517322066126e-05	3.8712468273163726e-05	-0.007709634937909606	-0.06562024523410882	434
2.6324097382795825e-05	0.00010764555889035356	-0.008788215707005491	-0.10731131598013356	435
2.8886048798599e-05	0.00016363063877549702	-0.004494857606966263	-0.07368618089856788	436
-7.904478913592524e-06	0.00020931532321706798	0.007179238608358115	0.0863995922866932	437
-3.4062969052419865e-05	0.0002269946404932575	0.019247726320442193	0.2659617028847653	438
-1.3903443848552752e-05	0.00017797239116753872	0.019115998997636136	0.26696800986643804	439
2.5342415078387815e-05	5.305208881347485e-05	0.0024154789094004616	0.026424037609679877	440
3.0292712321897987e-05	-8.812767385055898e-05	-0.018722478288421086	-0.2676341367639381	441
-6.046518382309845e-06	-0.00015257570291794494	-0.02542651413070638	-0.34500213476515595	442
-3.4448364131934315e-05	-0.00010088812777074905	-0.0114010560881155	-0.14098901936086428	443
-1.6105545907942314e-05	8.542949376982194e-06	0.009802594812566519	0.13038939771749358	444
2.4405966992015454e-05	7.392962923348674e-05	0.018781748002503384	0.2136276461267484	445
3.20407102830238e-05	4.9316028762702384e-05	0.01026116279887865	0.08561706956978116	446
-3.989652414308482e-06	-1.770419254878725e-05	-0.003394650258147827	-0.053316167318774366	447
-3.503379727917461e-05	-4.703387375383375e-05	-0.008122118017823934	-0.04576533905739366	448
-1.8648366087025726e-05	-1.229786034020379e-05	-0.0037121971282501904	0.03765332770332964	449
2.3450699629854106e-05	4.400632414835917e-05	-0.0007061771968221928	0.02248847055893939	450
3.4163147535440494e-05	7.338019063135581e-05	-0.004172422252608048	-0.1066781460569938	451
-1.61520810850759e-06	7.785511571584266e-05	-0.006208995188453945	-0.15844931647317467	452
-3.5786484882465884e-05	9.165668231770837e-05	0.00262641548998244	0.016501345363477263	453
-2.168297786504488e-05	0.00011864867148469733	0.01775096893975165	0.2898667780406759	454
2.227620578840303e-05	0.0001134547974640113	0.022235292264963118	0.3543337453306138	455
3.663628088600038e-05	3.800902082875667e-05	0.006132565787439881	0.07393088441817935	456
1.267899392859667e-06	-7.423186544371746e-05	-0.019156756578783997	-0.3236802585600804	457
-3.651334904393206e-05	-0.00013226612466459226	-0.030152390499525426	-0.4605993713931854	458
-2.523145538106512e-05	-7.631789526051276e-05	-0.015552695281210527	-0.20429210761813224	459
2.068278485988439e-05	5.329027857783951e-05	0.011365044271466278	0.19583359794043712	460
3.932581227767372e-05	0.0001458575567448141	0.02616069964377386	0.3762730112179849	461
4.743140413713837e-06	0.00012126703502868404	0.017536022138049737	0.2224403655373534	462
-3.702704746997307e-05	-8.442880364951076e-08	-0.00355751226950852	-0.06353255384406054	463
-2.9226370907878556e-05	-0.00012336407232169761	-0.017656402985127214	-0.2187617830957081	464
1.856495981228303e-05	-0.0001657672250513644	-0.015985421225426663	-0.17529934975817885	465
4.211961159242413e-05	-0.00011675170739515017	-0.004878986219544128	-0.050919399324077796	466
8.84338808857378e-06	-2.815768965627383e-05	0.00513696729250223	0.04095282216589439	467
-3.7215366752266525e-05	3.647875265238513e-05	0.009728748513711314	0.09325962141718609	468
-3.3665106021733924e-05	4.1746661773680725e-05	0.009986136670905102	0.1276846997022923	469
1.576712441059779e-05	-9.253420644398953e-06	0.006451067148717661	0.10659018558949399	470
4.487695933880274e-05	-8.189624326277508e-05	-0.0011706389899173303	-0.009107175785593086	471
1.3623125926841046e-05	-0.00012695674390128813	-0.009182865237952897	-0.14623162320394045	472
-3.687531292208366e-05	-0.00011085165201216163	-0.010175063776743508	-0.15399170478427318	473
-3.841685953568719e-05	-4.609530094781399e-05	-0.0015759809969325567	0.00853675697916445	474
1.2227379267563173e-05	1.2477583053441786e-05	0.008421819749203675	0.17518216644201634	475
4.746264624883414e-05	1.826694596065786e-05	0.008301949329315446	0.13955909375466263	476
1.9058979271831342e-05	-1.4768713392086796e-05	-0.0024113204771485843	-0.08084457058861072	477
-3.592025483980122e-05	-2.2918272470899602e-05	-0.010344861326256555	-0.22425934487244056	478
-4.34641320079341e-05	3.159992311949642e-05	-0.0037190513261692853	-0.08459161425958318	479
7.800821754292732e-06	0.00010335393181118814	0.011072235456055665	0.2062445020978123	480
4.9722257338626844e-05	0.00010437674093620583	0.014033519982168174	0.286289222965792	481
2.5209781004773002e-05	1.2109939237379009e-05	-0.004350778279412826	-0.011660042929677067	482
-3.408567604850851e-05	-8.14591548173641e-05	-0.027369955278544272	-0.40812537435058366	483
-4.8601819343118205e-05	-5.773085930191237e-05	-0.026956724193644505	-0.4405734274024896	484
2.4159290147661265e-06	8.386994416155046e-05	0.0037231930956075736	0.007457290549110429	485
5.140169714591041e-05	0.00019347894730340365	0.037326338168787	0.5161190241162575	486
3.192912617754062e-05	0.00011400658788140745	0.03805629298966218	0.5429963185162984	487
-3.1276899642122304e-05	-0.00013812280875384955	0.0010969818398792984	0.019746624240242983	488
-5.3663636363774844e-05	-0.00035946034215832406	-0.038439173894938776	-0.5356549258739969	489
-3.922355023474114e-06	-0.00035147285480672044	-0.040298042339907345	-0.5484447169793389	490
5.235408076032259e-05	-0.00012558746379546723	-0.0019048701787071493	-5.011634266749443e-06	491
3.914332267834948e-05	0.00010297764900963355	0.037791753322389265	0.5459348173067127	492
-2.7370557993230266e-05	0.0001365120548075774	0.039033100309671664	0.5393752318413612	493
-5.848501464891711e-05	-2.731340155044497e-06	0.0029198901114696127	0.017605093571933378	494
-1.123993518052039e-05	-0.0001087700867306576	-0.03113181645321045	-0.4581753502122091	495
5.237330144971641e-05	-2.630328524517566e-05	-0.028757491766568624	-0.4160701748071062	496
4.6720277223408387e-05	0.00017698644710534717	0.003185159423924234	0.03984718501038752	497
-2.2255392645586722e-05	0.0002909114678659912	0.02664144626495623	0.38141878712033206	498
-6.285479548790752e-05	0.00020265859200177452	0.015720954446238142	0.247740111769428	499
-1.9498616070113065e-05	2.3815300487877583e-05	-0.015587923572951731	-0.18330194004278882	500
5.12842105434121e-05	-3.8491959736621645e-05	-0.03102850028607165	-0.42512427929394125	501
5.4523557154888096e-05	8.151386811091135e-05	-0.013301928559637737	-0.22418943925620777	502
-1.581720255223497e-05	0.0002331534104555626	0.0178560424921444	0.19000972040054762	503
-6.652798025046872e-05	0.0002206751163422666	0.029439348801240346	0.38974380274335013	504
-2.863178055416242e-05	2.550976272999543e-05	0.012006688621587991	0.2165209088503387	505
4.8877684173210395e-05	-0.00017259056080153566	-0.01205988860248906	-0.08701480462864708	506
6.231624812398293e-05	-0.00019756558542881157	-0.0161361120802126	-0.18888369223857937	507
-8.045854380206267e-06	-7.159361376051117e-05	0.000558074245263275	-0.03843431955456469	508
-6.930280370774774e-05	1.7105396956867448e-05	0.014476814421237095	0.11783586827360314	509
-3.855342849771494e-05	-6.665383700633649e-05	0.007125387627135294	0.05841087933114261	510
4.4981416975402484e-05	-0.0002491675437983321	-0.013068276548483047	-0.14815060952771753	511
