-1.3537501453553908e-05	-0.00017112219110868823	-0.0025714280351524853	-0.036507360640667966	0
-1.1915783493992053e-05	-0.00013319370993519872	-0.0013689672387487443	-0.01650956163183087	1
-6.058587453679968e-06	-7.276221138860115e-05	-2.7093945805040575e-05	0.004220894421455415	2
2.027462146583466e-06	3.997394526013363e-06	0.001101039558831326	0.020240425073937106	3
9.515131001984454e-06	8.780624653326055e-05	0.0017855125298314968	0.028360754730167553	4
1.3741890181361e-05	0.00016760122560417615	0.0019711441858892855	0.028331396406292272	5
1.3155444950475111e-05	0.0002321759797207512	0.0017650022525130022	0.022486823953114986	6
7.884205616432295e-06	0.00027184932591289016	0.0013700583394490055	0.014560784733206095	7
-2.770496594227574e-07	0.00027989122713726917	0.0009932190492844817	0.008141934983252087	8
-8.473405905330938e-06	0.0002535050080742488	0.0007632357556577886	0.005341135552765032	9
-1.3785122616332334e-05	0.0001942527164270002	0.0006882722174994017	0.006134295271018136	10
-1.4266373264085848e-05	0.00010789695900983954	0.0006666662104148498	0.008579588712275755	11
-9.658427095858417e-06	3.7043833444588142e-06	0.0005438387582470323	0.009782424073879838	12
-1.5157958696701904e-06	-0.00010668967328626429	0.00019098824950811654	0.007212680153030715	13
7.312745481169404e-06	-0.00021071545707432987	-0.00042656974991697554	-0.00013926111947226358	14
1.367720867541031e-05	-0.0002964313378207804	-0.0012191015488801325	-0.011209599969407723	15
1.5248785803138637e-05	-0.00035402266716711713	-0.0019930180415254047	-0.023121788742484585	16
1.1372283455194645e-05	-0.00037703887498771776	-0.002515494469958436	-0.03216632802201547	17
3.336514593903022e-06	-0.00036318910264800656	-0.0025992890597935038	-0.03513833976709066	18
-6.0479601027055e-06	-0.000314567235946314	-0.0021757940010753755	-0.03053910540516686	19
-1.3427983718984193e-05	-0.00023726005378460653	-0.0013282260987038318	-0.019196576551637635	20
-1.6104284065631986e-05	-0.00014039626685805257	-0.00027131977174948236	-0.004070914925648051	21
-1.3019047589120218e-05	-3.479795663402545e-05	0.0007164050527323155	0.010693164606078623	22
-5.173227490305808e-06	6.852717713097295e-05	0.0013840601324202415	0.021132784871078895	23
4.690688511816907e-06	0.00015978725823701965	0.0015907064658400804	0.024766695340836097	24
1.3043129755404897e-05	0.00023146943230256667	0.0013487953073200957	0.021368307832852824	25
1.6828646932101404e-05	0.0002789206554329877	0.0008130080102412494	0.012943340163463646	26
1.4583983704488396e-05	0.00030042055020331057	0.00021876008603604886	0.0029313059435864073	27
7.003857769977118e-06	0.00029683664403929875	-0.00020679060191327822	-0.0050703800055486616	28
-3.2642802142663968e-06	0.0002710319171306645	-0.0003281361560978379	-0.008591179961652495	29
-1.2540305817252285e-05	0.0002272159766973467	-0.00014807751659765347	-0.007114086249043427	30
-1.7428454100038276e-05	0.0001703914964343231	0.0001998890677124567	-0.0021489860287870685	31
-1.6060864296602202e-05	0.00010596446300465854	0.0005106726767222106	0.00346307412664632	32
-8.812226334216529e-06	3.9492593473278246e-05	0.00059580785076566	0.006745735141714015	33
1.7880984493922648e-06	-2.3523111968446354e-05	0.00036690096126775536	0.005828273684093887	34
1.193354178613288e-05	-7.791670138030315e-05	-0.00011860493034745578	0.000757908076791023	35
1.7905137645390663e-05	-0.00011927748645797513	-0.0006688551468059334	-0.006433978450786061	36
1.7435343085122484e-05	-0.0001444988913414623	-0.001024587123160884	-0.012453882967586687	37
1.0570719869819247e-05	-0.00015234573313988465	-0.0009589082439749037	-0.014004323425567141	38
-2.9514822987757386e-07	-0.0001438602342840158	-0.00037362327066157584	-0.009120010449951364	39
-1.125034023723593e-05	-0.00012241686327211848	0.0006445864343488272	0.0019171526485306633	40
-1.8270498780226675e-05	-9.329781054309531e-05	0.0018318022135359886	0.01644271495839214	41
-1.8697875594763606e-05	-6.278227957839293e-05	0.002819827813049484	0.03013850790866535	42
-1.2249948222456918e-05	-3.6889461707877245e-05	0.003252446151901031	0.0384003663264862	43
-1.1741923529643393e-06	-2.004109418521664e-05	0.0029065188984409122	0.037884852068402954	44
1.0528365053994078e-05	-1.3972072713243095e-05	0.0017762120565110555	0.02770073660942122	45
1.8545551225903484e-05	-1.7191278892482627e-05	9.000407742988485e-05	0.009825014852209171	46
1.9843867707456525e-05	-2.5180415154708e-05	-0.0017475957543437136	-0.01141350126923973	47
1.3819635406176877e-05	-3.13438341369922e-05	-0.0032721961964259673	-0.030619983785979243	48
2.5737233806154627e-06	-2.8533544147269635e-05	-0.0040963111989758445	-0.042962041379526104	49
-9.812887861591207e-06	-1.0822150416605995e-05	-0.004022416372795056	-0.04559955233601414	50
-1.8756519408567353e-05	2.4876465386092575e-05	-0.003095974070982047	-0.03844891179047541	51
-2.086815574799854e-05	7.77143924840973e-05	-0.0015825790960845988	-0.024050150235298006	52
-1.5242326425665524e-05	0.0001426062347014796	0.00012098374745470866	-0.006617022751467993	53
-3.846086381321858e-06	0.0002108032487639494	0.0016101604920054158	0.009373294681483547	54
9.158710907159959e-06	0.00027124568563286194	0.0025885148411334286	0.020550390455896954	55
1.89308519582777e-05	0.00031243589011743875	0.002938548726906306	0.025517671037078492	56
2.1753512820829428e-05	0.0003244789053110141	0.002727397930099916	0.02495476423283436	57
1.645452875751168e-05	0.00030091779297140245	0.0021512760496496183	0.020982612010296536	58
4.898789829221699e-06	0.00024004248141064246	0.0014441446700809522	0.016087330888191722	59
-8.655281315363573e-06	0.00014545436282381065	0.0007875414553349318	0.012048789120946564	60
-1.9118912555703138e-05	2.579852158906843e-05	0.00025580055403352374	0.009297151515833626	61
-2.248536331295875e-05	-0.00010629274194943724	-0.00018466724079544295	0.006936412111218971	62
-1.7373393113086135e-05	-0.00023588545321952	-0.0006257237137230864	0.003399755326549528	63
-5.605016651290696e-06	-0.00034780968164017717	-0.0011416995378499897	-0.002557049730316917	64
8.426893063103683e-06	-0.0004288002052634677	-0.001722417338136111	-0.01096108139935456	65
1.9389426911157765e-05	-0.0004693881432273105	-0.0022467489379075782	-0.020233961304133137	66
2.303840459521537e-05	-0.00046524336667268544	-0.0025121670903246983	-0.027523504746132615	67
1.7874559219884997e-05	-0.00041773783611839116	-0.0023126029494200595	-0.029682143179934752	68
5.777992879310665e-06	-0.00033361601158450865	-0.001535758945138064	-0.024547543051211096	69
-8.652254131714856e-06	-0.00022380953429700827	-0.0002402591852547634	-0.012030868173463822	70
-1.9832458217887688e-05	-0.00010159632863902032	0.0013226279586740644	0.005447109272800416	71
-2.3356122705338496e-05	1.9554896806437023e-05	0.0027593491670632594	0.023416676075387846	72
-1.77493171067797e-05	0.00012803278325168458	0.0036466172832640992	0.03663818391157842	73
-5.116793406562993e-06	0.00021561116042344937	0.0036714163464891553	0.040805985360195265	74
9.611205425029065e-06	0.00027815350076414993	0.002750046083879829	0.03409503366020345	75
2.0578297800632507e-05	0.0003153850036074898	0.001081085318240355	0.01798170881767278	76
2.3328965590788727e-05	0.000329857696145984	-0.0008927521273504532	-0.0030075218037137717	77
1.6645020440526036e-05	0.0003254464060066949	-0.0026083330295744735	-0.022605875708489435	78
3.13151999488219e-06	0.0003058406855716046	-0.0035552738565457027	-0.03478563027313698	79
-1.1736899455778126e-05	0.0002734952538856819	-0.0034427999673331293	-0.03576174784258838	80
-2.1786661231822102e-05	0.0002293601152482715	-0.002303368035490257	-0.0253328838713624	81
-2.269635060755948e-05	0.0001734642973166261	-0.0004947485892790156	-0.007070070889412267	82
-1.3889455945630211e-05	0.00010614323860947891	0.0014049529236194083	0.01276062106481362	83
1.058676873644769e-06	2.9465733453968353e-05	0.0027787374770376866	0.027225001806529623	84
1.576021605768571e-05	-5.169025554205373e-05	0.0031709325647919866	0.031044123385967272	85
2.364562040532269e-05	-0.00012939932211980618	0.0024401082647387854	0.022437150274940428	86
2.0850475564680726e-05	-0.0001935467123690142	0.0008123764127770461	0.0038448063068869144	87
8.129498301662902e-06	-0.0002337106776204782	-0.0011853543693693108	-0.018745883191844635	88
-9.122689384004172e-06	-0.0002416593800287181	-0.0028929652438594725	-0.03769078474843568	89
-2.2934765982994543e-05	-0.00021381355720139286	-0.0037322352579912017	-0.04619396765341914	90
-2.620890265105265e-05	-0.00015296616087356408	-0.003399195486671923	-0.04061017614602076	91
-1.617182280810609e-05	-6.869833503294785e-05	-0.0019696927498005653	-0.02177434278939109	92
3.7349231812497906e-06	2.3747060789105264e-05	0.000118164024178462	0.005105279061700387	93
2.460920256278261e-05	0.00010596776059138219	0.0022008121836778398	0.03198829434728083	94
3.555302621562344e-05	0.00015974429841166264	0.0036020504204072527	0.05050450282402978	95
2.870936451779011e-05	0.0001704654217012944	0.003853154127588236	0.054623598406751614	96
3.8235324739926534e-06	0.0001298769685378939	0.0028485946468205766	0.0426348110801021	97
-2.989852630406694e-05	3.761131637433938e-05	0.000886222736216336	0.017794008627019523	98
-5.610943881330019e-05	-9.867647892951325e-05	-0.0014218661069498888	-0.012581050949034424	99
-5.77458237267474e-05	-0.0002643367386131848	-0.0033397069302801446	-0.03929347722928348	100
-2.563542470782835e-05	-0.0004393832562900439	-0.00423836632184038	-0.054050904644120074	101
3.4105771533477175e-05	-0.0006001432188071926	-0.003793822891542269	-0.05198810658785725	102
9.769113790714914e-05	-0.0007203966035068304	-0.002089228806707733	-0.033155923543596075	103
0.00012907565066298105	-0.000771837417882188	0.0004101729866808311	-0.0025334929743378864	104
9.357256538194644e-05	-0.000724110921313493	0.003000676602982398	0.03141927480813524	105
-2.3018962109123682e-05	-0.0005450400398541243	0.0049564961879857315	0.05921001089622076	106
-0.0001953124004069655	-0.00020180969283049388	0.0057513673564226365	0.0730172502560335	107
-0.0003463022220401788	0.0003362554614231635	0.005217784632614153	0.06885415985599805	108
-0.00034882183453113444	0.001093103750263847	0.003597226692466023	0.04759072415950438	109
-4.396594603956101e-05	0.0020799525117532664	0.0014692442719917874	0.01459492542789918	110
0.0007247457625983798	0.003288890399698674	-0.00041598446747396264	-0.021835048416002603	111
0.0020678967803057103	0.0046875660906646665	-0.0013495935293635515	-0.05274270241050138	112
0.004007955659268947	0.00621656400204069	-0.0008582025537969269	-0.07082396448227442	113
0.006450453563578931	0.007790769088993257	0.001172959219146673	-0.07215628709926987	114
0.009178879065372979	0.009305333867234847	0.004477254118184372	-0.056942518649306675	115
0.011878499435553507	0.010645920493213619	0.008482935825053023	-0.02917258068717369	116
0.014187050668204877	0.011701916378778614	0.012460123312697153	0.004597641298870024	117
0.015762731031102643	0.012380554060145925	0.015693924341527422	0.03694870880452272	118
0.01635435543040614	0.012619505492425562	0.017637655275937567	0.06131548842148975	119
0.01585666227033039	0.01239567408482616	0.01801164836145049	0.07332278135044318	120
0.01433643101598812	0.011728557073967107	0.016832371732428533	0.07149754329842592	121
0.0120218097550481	0.010677557265075282	0.014376528614371607	0.05729944222864301	122
0.009256389358442522	0.009333760798079757	0.011099428665680908	0.034565381645576584	123
0.006428629905170444	0.007807710466533508	0.007533067841540394	0.008556797289570234	124
0.0038936928610858704	0.006215370383701565	0.004187308742038617	-0.015171667410841992	125
0.001906674591606343	0.004664663874422588	0.0014703260732701695	-0.03187814026421975	126
0.0005830420096433959	0.0032446572580739873	-0.0003638866114525877	-0.03854358392115978	127
-0.00010541314909636335	0.0020187599632607873	-0.0012394126584620645	-0.03444995895438752	128
-0.0003004497503017576	0.0010224048333851727	-0.00125509144791558	-0.021324645052667363	129
-0.0002035108404565433	0.000264784793596597	-0.0006558783828087502	-0.0029948506600702435	130
-1.4435798776484931e-05	-0.0002664469853018121	0.0002188640399669896	0.015432924741818375	131
0.00011988370828175926	-0.0005989292307001983	0.0010056319384916176	0.02875317117074596	132
0.0001335504758357978	-0.0007691616631106332	0.0013963395356825974	0.032974588009260154	133
4.081930485320457e-05	-0.0008169011104676867	0.00121214433245506	0.02645302041000258	134
-9.013926073148614e-05	-0.0007808791124343925	0.00045275568785631477	0.010513206244238016	135
-0.00017775699605922408	-0.000695828316297763	-0.0006961142169636211	-0.010689458407904508	136
-0.00016691598745347268	-0.0005904534592467316	-0.0019062049766519406	-0.031133831343137235	137
-5.421567559234317e-05	-0.0004858717371464364	-0.002796062502815433	-0.04454857152080675	138
0.00010976488920004242	-0.00039417901334064265	-0.0030454472391983223	-0.04627108293848253	139
0.0002415290266162037	-0.0003170964361409516	-0.0025020296703125175	-0.03480623995789883	140
0.00026128611066692094	-0.0002449891013663416	-0.0012449560814164447	-0.012563896048271805	141
0.00013192785630109546	-0.00015678684112348864	0.0004207905645341079	0.014546808269966443	142
-0.000113905354542242	-2.137275610782102e-05	0.002045398015768998	0.03865609140948251	143
-0.0003692454871946836	0.0001992003482568936	0.003171915696387865	0.05222595634655161	144
-0.000474033922692996	0.0005447107787791368	0.003490421913458377	0.05043334867433534	145
-0.00025701250744063144	0.0010505266499302793	0.0029583646931717325	0.03288838796741912	146
0.0004138975004381307	0.0017411017497826805	0.0018430084540426112	0.004081724214920374	147
0.0015881436545536242	0.002624428687670055	0.0006640325082800025	-0.027680688037448237	148
0.003209841047151135	0.0036886199034644723	4.614023485587386e-05	-0.05262265095368389	149
0.005123656030394727	0.0049014330303148584	0.0005228414182328283	-0.062456239846839914	150
0.007108558588583397	0.006212970506928196	0.0023524450836758153	-0.053043525799837725	151
0.008930263409478313	0.007561105817780817	0.005407956328854953	-0.025892190960835476	152
0.010397433746594974	0.008878594123435841	0.009182351100536158	0.01205401023043231	153
0.011405481323598567	0.010100471588903513	0.012915102779613207	0.05034280670294773	154
0.01195544864165558	0.011170333174116517	0.015806041432049237	0.07811490275321967	155
0.012142883078351846	0.01204441106877257	0.017251953870371935	0.08743192998780303	156
0.012120527396949063	0.012692969044098492	0.017030697066618083	0.0757749616038416	157
0.012046342334243166	0.013099223026885598	0.015371597375041426	0.04689249134035047	158
0.012032531459935927	0.013256606920868741	0.012885919656935106	0.009689358593534435	159
0.012110653564941433	0.013165559545189477	0.010376248430600952	-0.024522947006171435	160
0.012222840322289059	0.012831017502967262	0.008583898147187477	-0.045554835327013016	161
0.01224119663230468	0.012261461303224176	0.007955227954672484	-0.04751858490342535	162
0.01200908914898888	0.011469777785525853	0.008503102160751765	-0.03063179841140073	163
0.01139173334810482	0.010475541369689024	0.009809586561011358	-0.0010572088054198216	164
0.010321082458678986	0.009307773360618651	0.01116988337276609	0.031167689997520235	165
0.008822089357892311	0.008006973839836637	0.011830710842916462	0.05542886398453149	166
0.007013181899287476	0.0066253173251747625	0.011244611619240806	0.06397347037936013	167
0.00508141515550243	0.005224341170432271	0.009255964375162004	0.0543542519025727	168
0.0032399201934812157	0.0038701164465243065	0.006157021888303448	0.03008259364963478	169
0.0016798858744172178	0.0026265918342035237	0.002595741882256223	-0.0007043560258540489	170
0.0005301754579768006	0.0015483459635222971	-0.0006330731953329557	-0.028088328308341983	171
-0.00016523920286652834	0.0006742194216101969	-0.0028426451204449357	-0.04374506641637106	172
-0.0004474563133374722	2.3157015273282417e-05	-0.003669238442869298	-0.04369651053612811	173
-0.00042235671203251057	-0.0004068891159016368	-0.003175547342608617	-0.029508871411158644	174
-0.00022718979647266444	-0.0006368344230947779	-0.0018092371810196574	-0.007546475371645056	175
5.767844206924582e-06	-0.0007016680318122332	-0.00023325820325636743	0.013434656956950173	176
0.0001785885038252152	-0.0006440954005347866	0.0009115255832582034	0.02549486061993079	177
0.00024329989431565852	-0.0005079769406697242	0.0012280138101945712	0.02438564823476314	178
0.00020160763540443764	-0.0003328280362173338	0.0006916478270181093	0.011075208675753312	179
9.136284465482308e-05	-0.00015025162523902018	-0.0003578716318571555	-0.008617861171380675	180
-3.42074094717798e-05	1.7393227777689492e-05	-0.0013576676773570456	-0.02616008712204246	181
-0.0001273068046625396	0.00015635840537978616	-0.0017444044494896952	-0.03346013095707645	182
-0.00016032428326338236	0.0002596076652396299	-0.0011784905038478672	-0.025932321248775193	183
-0.0001312242598380058	0.0003245262182925738	0.00031123000478345815	-0.004372437237609158	184
-5.9636772318480175e-05	0.00035101889155123527	0.0023156156237349305	0.025044453503268872	185
2.3436432217351154e-05	0.0003404696277977575	0.004172881221670857	0.05268491644061184	186
8.787442652523694e-05	0.0002956318133337865	0.005193125266778794	0.06866722319667629	187
0.00011434162275981107	0.0002211538237134085	0.004902333834241156	0.06627249824674879	188
9.90110284496081e-05	0.00012422746867169458	0.0032205279205047965	0.044383062931258974	189
5.2425698344397975e-05	1.4833075954928231e-05	0.0005105277129949077	0.008093262033888039	190
-6.153996063398381e-06	-9.477019210838073e-05	-0.0025220913131327374	-0.03274570478460129	191
-5.63149258411041e-05	-0.00019136928901575224	-0.005046130415601636	-0.06658321834127688	192
-8.318028575934975e-05	-0.00026269527587015156	-0.006366822522848332	-0.08381846008789422	193
-8.121127221957705e-05	-0.000299438002885369	-0.0061449501801395055	-0.07982780081086105	194
-5.442333289130182e-05	-0.0002968605420231795	-0.004499676567088659	-0.05636697213709044	195
-1.3628198926783912e-05	-0.00025560064797541305	-0.0019614122053377278	-0.020895476537630735	196
2.7837134628300002e-05	-0.00018147333031941259	0.0007078954600380532	0.01592772364689196	197
5.825746148514874e-05	-8.435964504031424e-05	0.002764889815374937	0.04371687500091313	198
7.035486350531479e-05	2.3504751059801087e-05	0.0037201343805355796	0.05562763687046407	199
6.231538150862467e-05	0.0001294086958384613	0.003479887749843227	0.050338603856936615	200
3.7282996138793224e-05	0.0002217969244046802	0.002349036307090236	0.032121990856722	201
1.976347701513736e-06	0.00029137348865986956	0.0008984925813817436	0.009042759829471132	202
-3.492403436541815e-05	0.000331595602326363	-0.00025295358984940585	-0.010037034373659284	203
-6.427687374386496e-05	0.00033866936742531857	-0.0006637953183767994	-0.018579962304710068	204
-7.789659998254817e-05	0.00031128559478014334	-0.0002227454673004441	-0.014537606069390578	205
-7.009764394537367e-05	0.0002503613212205913	0.0008227605341072548	-0.0008356423451580802	206
-3.945256521769582e-05	0.0001589832693186078	0.0019697986122047414	0.015936980088753328	207
9.53865689736497e-06	4.2617262195775076e-05	0.0026554482005939394	0.028117582519060737	208
6.560958999869378e-05	-9.049679206531169e-05	0.002472901919646596	0.02988112482976392	209
0.00011166895375877344	-0.00022895231031046335	0.0013301719142580209	0.01942225764455587	210
0.00012823634373428723	-0.0003580132786273595	-0.0005052786050956918	-0.00036398420223002995	211
9.936434241240269e-05	-0.0004598746796635367	-0.0024914400385756146	-0.022926456153252547	212
2.0018909659504417e-05	-0.0005144503787567867	-0.003995400920496965	-0.040430797500831867	213
-9.706693869793658e-05	-0.0005006813871718341	-0.004510081902904673	-0.046593869188457315	214
-0.00021753065673031332	-0.000398256999762131	-0.003827206721934557	-0.03895658213471551	215
-0.00028667227829747824	-0.00018957382474690625	-0.0021058473729958353	-0.019782580742347712	216
-0.00023692644232539944	0.00013827161028341758	0.00018655838094357646	0.004731141549287013	217
-8.108706110557555e-07	0.0005916616369861498	0.0024384448575034525	0.026639374895789728	218
0.0004731756818453051	0.0011690004315301357	0.004104362906135118	0.03904047669475867	219
0.0012055549980825803	0.0018598012249821246	0.004886477357347452	0.03847474559113592	220
0.002175942449618737	0.002644485130054805	0.004823837136192196	0.026077325361051704	221
0.0033214685719478	0.0034950348386169105	0.0042596992077513374	0.007085157410952716	222
0.0045448699055733194	0.0043765923826805195	0.0037011564305557488	-0.011110701514185958	223
0.005731059097554569	0.005249991594449763	0.0036236700260897873	-0.021656519100480793	224
0.0067686331653762834	0.006075072976912253	0.004292152215890049	-0.020698385305458714	225
0.007571290609447049	0.006814462400081166	0.005663317892447581	-0.00873146556182863	226
0.008093972812871268	0.007437345272157763	0.007403825557559085	0.009642828708777341	227
0.008339806567095907	0.007922682904044333	0.00901630054878473	0.027454522071452197	228
0.008356266785208753	0.008261338318369123	0.010026059435239803	0.03796080243195604	229
0.008221744978594092	0.00845672153216856	0.010159410044568348	0.03715348513686401	230
0.00802612163664363	0.00852381211735658	0.009447667880480784	0.02526342683073402	231
0.007850334285304114	0.00848671859827791	0.008218275621923642	0.006708451590347058	232
0.007749951887462225	0.00837521697804	0.006975754898412188	-0.011506706059175868	233
0.007746459697410665	0.0082208997830503	0.006215687654666345	-0.022368520796813632	234
0.007827750260355648	0.008053609077990864	0.0062398450141882816	-0.021481341743452738	235
0.007956860841327303	0.007898707585877306	0.0070408556029854606	-0.008785050209129348	236
0.008085976459954014	0.007775492721545723	0.008300186396005924	0.011278391635073517	237
0.008171639064595379	0.007696748764885538	0.009502412716855063	0.03124296997765137	238
0.008187169804395305	0.007669151023914072	0.010126359139506366	0.043246488376899636	239
0.008129390508620004	0.00769406358176134	0.009844943541978186	0.04189423587337485	240
0.008018428849830277	0.007768257695999491	0.008660915751172348	0.026343690940789595	241
0.007891198268802285	0.007884222002867286	0.006927081260473486	0.0008513424448548593	242
0.00779059088856897	0.008029990467140587	0.0052397153859607935	-0.026452074563899183	243
0.007753209861714957	0.008188696728786533	0.004238686796475391	-0.046178878308453394	244
0.007798519683872525	0.008338281249731712	0.004381548217765997	-0.05082773402047187	245
0.007921730607679256	0.008451855619730496	0.005769548169520036	-0.03739359700909795	246
0.008091796832592205	0.008499132686116274	0.008087227352472571	-0.008554026059332396	247
0.008254858151506651	0.008449079764531263	0.010679459249158375	0.027985446545393637	248
0.00834249349423868	0.008273610266168616	0.012743447432984348	0.06178966691201628	249
0.008283393421936541	0.007951790718749468	0.013574232705042768	0.08289242601098387	250
0.008016532125421905	0.007473801655989921	0.012784030510769175	0.08485823612646003	251
0.007503631533320994	0.006843823663790634	0.010424348619335267	0.06672570154095797	252
0.006738677490450927	0.0060811509501547765	0.006972193674499377	0.03323107996804081	253
0.005752517463084298	0.0052191396070588175	0.0031865405938064587	-0.006718274711181929	254
0.004611195453711051	0.004302007391119213	-0.00011672540521750477	-0.04278472341521724	255
0.0034076724480239734	0.0033799218816934987	-0.0022980812324298766	-0.06624755289261675	256
0.0022478481613515747	0.0025031487421994904	-0.0030624066955069248	-0.07238904962650308	257
0.0012331217900341425	0.0017162084677747676	-0.0025125161656223034	-0.061513029390611	258
0.00044278257767162214	0.0010529743664066185	-0.0010784363436688147	-0.038370695002274274	259
-8.003890531161952e-05	0.0005334472274655449	0.000646327512168212	-0.010298488446570733	260
-0.000335548782070133	0.00016261310927560108	0.0021017877888517126	0.01523007903567073	261
-0.00036560966083131326	-6.859502997468491e-05	0.0029250937685276752	0.03279930205496866	262
-0.00024321182860290072	-0.00018057196635288148	0.0030301853564729097	0.040308210755719935	263
-5.5306982813581795e-05	-0.00020115730313604262	0.0025852098030320347	0.03898100812223924	264
0.00011697946897441157	-0.00016132814154985758	0.0019059665339862088	0.032276070155003	265
0.00021589015590559773	-9.117619245694285e-05	0.001311418799786548	0.024206294605091536	266
0.00021789615129298354	-1.6722671836521793e-05	0.0009970235191571145	0.017741335826214486	267
0.00013512942446253934	4.211741877152087e-05	0.0009708242492917189	0.013867548073386065	268
7.1774815798072034e-06	7.237893978579314e-05	0.0010709145090785407	0.01158482138913228	269
-0.00011427979983865875	6.789151309650944e-05	0.0010513587793391124	0.008741947682154942	270
-0.00018345304703395375	2.8473434024586612e-05	0.0006987202338169267	0.003297965794140904	271
-0.00017571754876068754	-4.1132274123295445e-05	-6.816152242892495e-05	-0.005540269936506853	272
-9.560867720027872e-05	-0.00013225109313952155	-0.0011537621365200466	-0.01677194662419644	273
2.490266811799684e-05	-0.00023301967560719882	-0.002312522272754286	-0.02785569567579993	274
0.0001373982380189661	-0.0003288843155310517	-0.0032343028570476404	-0.035641033207012486	275
0.00019399482428515864	-0.00040302870262278866	-0.0036541830623602334	-0.03758671606386314	276
0.00016517178485092252	-0.0004369998828886141	-0.003443900066748206	-0.03276819303832848	277
5.2930492076634834e-05	-0.00041179096015752167	-0.002650674492495941	-0.022269743092633264	278
-0.00010494514933632418	-0.0003095178819614837	-0.0014705839006980824	-0.008809167416824724	279
-0.0002411960770594872	-0.00011562385727280355	-0.00016945035725540692	0.004248282444328795	280
-0.0002745478129598407	0.00017868503244893215	0.001015710734283256	0.014087639300293504	281
-0.00013021688370623455	0.0005742547016329467	0.00195501094916332	0.019374133944992617	282
0.00024014083827778856	0.0010626046716905595	0.002653362307196947	0.02054875651743264	283
0.000844518154837964	0.001625836177164002	0.0032184193461377176	0.01938411022718663	284
0.001646463370988911	0.0022380789997972945	0.0037845885186212473	0.018000561360882638	285
0.002571845404474492	0.0028683959652949006	0.004427387759063463	0.01776965967395314	286
0.0035245470993415513	0.0034847067368284565	0.005107013526158576	0.01858719632573723	287
0.00440682392718612	0.004058008963988611	0.005668524017383605	0.018855372949424555	288
0.005139014022729428	0.00456605116195581	0.005902771479156195	0.01622402433745331	289
0.005673756125560795	0.004995695877670217	0.005646113538239876	0.00881638266772809	290
0.006001646096031509	0.005343496085834024	0.004878421659012962	-0.003564741759776051	291
0.006147751822326311	0.005614426970414669	0.003775810483335797	-0.018791593266077086	292
0.006160849985551113	0.005819161365849829	0.002688945515018658	-0.032686477583783013	293
0.006098953453837793	0.0059706287354102565	0.0020451127242981843	-0.04023455225866005	294
0.006015244249158164	0.006080754673150104	0.002202577143029083	-0.03737326436264822	295
0.005947872062454131	0.006158192472377696	0.0033075509388530776	-0.02272765158285807	296
0.005915540556368292	0.006207550576391566	0.005208389936615412	0.0013879614767342823	297
0.005918932773580212	0.006230174884764536	0.007465611472097474	0.02917437761146854	298
0.005946412842758371	0.006226089867004382	0.00946460474939618	0.0528276262740851	299
0.00598152754021704	0.006196369379173186	0.010601201456339207	0.06490194739476755	300
0.006009792716192174	0.006145095072851185	0.010481715776767939	0.06080763793617671	301
0.006022966967669721	0.006080201343417452	0.009069490173711113	0.04058447191764798	302
0.006020148054359343	0.00601285954873092	0.006723911379672615	0.009279634631683884	303
0.006006152236319661	0.005955515425282996	0.004111584946245566	-0.024302839222902405	304
0.005988394247890314	0.005919123944734447	0.002011955040583976	-0.05016796147517178	305
0.005973693110653903	0.005910395452122053	0.0010766157480485916	-0.06023041202846229	306
0.005966117025601907	0.005929893691349636	0.0016197962554506007	-0.050947800078263064	307
0.0059663529210312125	0.005971600858925051	0.0035100197334308396	-0.024596597073849213	308
0.005972423800798764	0.006024153405601481	0.006201464546275683	0.011279207236315154	309
0.0059811263962749155	0.006073476769057409	0.0088981818353457	0.046122442634353084	310
0.00598944972277075	0.006106148008721485	0.010800176314990433	0.06962553987162007	311
0.00599543886950715	0.006112609039885647	0.011352471229351013	0.07495629214292243	312
0.0059983445545062205	0.00608939782043249	0.010416387747188564	0.060894259956936626	313
0.005998257398574174	0.006039843266471422	0.008307363406561314	0.032171898437201765	314
0.00599561266499649	0.005973096126966732	0.005687501416481808	-0.0020974430428953817	315
0.005990909046859998	0.005901815526279765	0.003348992625132128	-0.03138884978708807	316
0.005984767626841862	0.0058391703246282655	0.0019604074977331055	-0.047151712444421096	317
0.005978195241743875	0.005795953495663676	0.0018594945489663738	-0.04549395632858899	318
0.005972753198647443	0.005778517100278269	0.002959652191671638	-0.028285045967805733	319
0.0059703556750736915	0.005787955130335641	0.004798352375477108	-0.002333069229653012	320
0.005972624841379863	0.005820585491961442	0.006707808278715999	0.02305893927319476	321
0.0059800122761671775	0.005869427479539898	0.008047465649609543	0.039308628386947576	322
0.0059911122675720034	0.005926140011871587	0.008418247582106495	0.041440838894963875	323
0.006002616760950905	0.005982836661384886	0.007786374811209412	0.029668424574664284	324
0.006010150778151337	0.0060333241023137925	0.006476997224076258	0.009148191122583964	325
0.006009847276401839	0.006073563348225106	0.005043387311508891	-0.011975209405324627	326
0.00600012725574022	0.006101436291878326	0.004060242478792513	-0.025535860580782384	327
0.005982928108801509	0.0061161190183287835	0.0039149975164011214	-0.02627916420331538	328
0.005963703197405768	0.006117451164525131	0.0046704173559165545	-0.013736064516801032	329
0.005949915113059292	0.006105627858709368	0.006045663873683325	0.007610767731028988	330
0.005948343330556572	0.006081359314214666	0.007520865922006396	0.029920212628960267	331
0.005962099996594642	0.0060464129385636	0.008526816518383397	0.04478296860570985	332
0.005988548806578165	0.006004257221155931	0.008651906332167836	0.04622962975999509	333
0.00601918088471404	0.005960434598090645	0.0077929295509504195	0.032901878225519175	334
0.0060419029453905905	0.005922334541723532	0.00619665023545079	0.008623279647466543	335
0.006045302389046342	0.005898205340997935	0.0043776974643799415	-0.018837525924205664	336
0.00602357566237449	0.005895480735151369	0.0029418071334416655	-0.04039023096477197	337
0.005980282625291258	0.005918731397330356	0.0023764388120414144	-0.04872950182013722	338
0.005929175544911463	0.005967709227786784	0.002881921923943373	-0.040851908163075525	339
0.0058911076431134605	0.006035986786941127	0.004301801710281855	-0.01911182900320028	340
0.005887275051125108	0.006110594720526293	0.006176193696645772	0.009552105824614639	341
0.0059304089421703945	0.006172854831234687	0.00789901056857377	0.03595829377659551	342
0.006016546214236269	0.006200351370681832	0.008923917728498827	0.05178945935032497	343
0.006120270945013613	0.006169743708993843	0.008947298048777716	0.05240056452706399	344
0.006195652315045504	0.0060599559336151024	0.008005002447624022	0.03836488503129096	345
0.006183621585254434	0.005855215615373272	0.006450106972933932	0.015229471438570032	346
0.006024628405514607	0.0055474581444254645	0.004820554569339496	-0.008434024319993638	347
0.005673666050368409	0.005137742175126301	0.0036438735421535228	-0.024012705082517655	348
0.005113724479497338	0.0046364980144317	0.0032478388522037592	-0.025845682206066367	349
0.004363799254443587	0.004062613960238869	0.003643545002158317	-0.013200379979793125	350
0.003478810265693265	0.0034415236591468744	0.004521854290730035	0.009446303009530088	351
0.0025408652862566493	0.002802572407412024	0.005364533448267473	0.03392044107544048	352
0.0016436581791075104	0.0021760073722050122	0.00563139428394967	0.05114333551752161	353
0.0008737308556294248	0.0015899600752660227	0.004958243107061232	0.05425369248868954	354
0.00029326649322127657	0.0010677757337040742	0.0032965156781358043	0.04099765305230367	355
-7.127780448289991e-05	0.0006259976544428424	0.0009453952351722995	0.014573122664570053	356
-0.00023195906229516328	0.00027323720972066896	-0.001535953734766113	-0.017361737338221134	357
-0.00023314304842695234	1.0051998782676535e-05	-0.003507339469904573	-0.045186076539281105	358
-0.00013829621553637422	-0.00017017803508437626	-0.0044577388306520265	-0.06048358298887137	359
-1.3552922321738415e-05	-0.0002795309109184229	-0.00417594771089181	-0.058819653531982485	360
8.749759183418883e-05	-0.00033326661831173734	-0.0028240359527443733	-0.041201971347391626	361
0.00013397234934084477	-0.00034737597813848267	-0.0008884878010851473	-0.013740392330533327	362
0.00012063496510867548	-0.000336364828669331	0.0009752562116980171	0.014376746060686021	363
6.362557832492505e-05	-0.0003116343194409265	0.002153763915208736	0.03391478711856735	364
-8.982021680503031e-06	-0.00028069285514684616	0.0022728346534527663	0.03862873619485582	365
-6.847539040920672e-05	-0.0002472578748578462	0.0013166396767010898	0.02730414659791298	366
-9.512707661520309e-05	-0.00021211541861375317	-0.00036952149810706193	0.004139055558708589	367
-8.34888121210174e-05	-0.00017444773701620186	-0.002192886756893089	-0.022647425764557923	368
-4.2291646629292936e-05	-0.00013325321676458182	-0.003505650921516543	-0.04351424559913311	369
1.0335454011352156e-05	-8.849019428141744e-05	-0.0038136452718509676	-0.05071968156728024	370
5.422201501862397e-05	-4.167408354854504e-05	-0.0029346405823113164	-0.0408536027810652	371
7.437822585446008e-05	4.181119355697004e-06	-0.0010570104136551303	-0.015973553477825746	372
6.569122924575312e-05	4.5204025330336864e-05	0.001317823685222771	0.017002240045194378	373
3.3767073637209696e-05	7.766289022142353e-05	0.0035287272770854992	0.04843005525598294	374
-8.004562377924435e-06	9.900513211537863e-05	0.004954184157237491	0.06890936978310987	375
-4.38243141040965e-05	0.00010862689715542169	0.005195233387488174	0.07214412024239772	376
-6.124517487693035e-05	0.00010814454162569754	0.0041870695715304305	0.05681423387463239	377
-5.530536790179785e-05	0.00010108145714270243	0.002208599733005351	0.026909626341405257	378
-2.9728035672634684e-05	9.204260223275376e-05	-0.00020819604795399658	-0.009527226154366911	379
5.011550078744351e-06	8.558328296938162e-05	-0.0024370545176621503	-0.04281326978867353	380
3.5855719114007926e-05	8.505510551043644e-05	-0.003933792189172032	-0.06442132403837891	381
5.196279537876536e-05	9.171462482763376e-05	-0.004377830795806568	-0.06931217019911326	382
4.841423862085299e-05	0.00010431280028339257	-0.0037407443891454496	-0.05714035730544291	383
2.7600558225323083e-05	0.00011926664396493046	-0.002268408577633348	-0.03205075215188705	384
-2.0580694628892027e-06	0.00013137917224961143	-0.0003899817960546734	-0.001223804622166886	385
-2.944831714846803e-05	0.00013495217831461425	0.0014129060145413787	0.027310970182933887	386
-4.486432000424867e-05	0.00012505437107132513	0.0027353700490424637	0.04689841580303328	387
-4.33845114569164e-05	9.867963978400915e-05	0.0033408780056852737	0.05387413201318366	388
-2.6372783683891772e-05	5.5558200708218585e-05	0.003194857700361089	0.04817259791350283	389
-6.732056432753289e-07	-1.5426441667957982e-06	0.002439714502701523	0.03286757896253693	390
2.4098209154901798e-05	-6.708903052242014e-05	0.0013279109539609708	0.012910087797405403	391
3.9111342880798284e-05	-0.0001335734213127224	0.0001393406705555634	-0.006463475870680642	392
3.942892210367829e-05	-0.00019268403934328692	-0.0008908218352067557	-0.021143464650484528	393
2.558444675900104e-05	-0.00023663764109764577	-0.0016158298907705646	-0.02899616319560428	394
3.1441894438476083e-06	-0.0002594354481155011	-0.0019870619232226997	-0.029996736026922186	395
-1.949871606662045e-05	-0.0002578193904398653	-0.0020358851870838166	-0.025739151843063423	396
-3.423651411533829e-05	-0.00023176397166001255	-0.001841083814227629	-0.018596369321526463	397
-3.6121980806902237e-05	-0.0001844273761203576	-0.0014962562502184157	-0.010866593811103109	398
-2.499735838369329e-05	-0.00012158735645723665	-0.0010872106219529522	-0.0041811959088193275	399
-5.3526779261202145e-06	-5.0683035910164696e-05	-0.0006823314655761213	0.0006952589609781311	400
1.5461807453501122e-05	2.0346565346254807e-05	-0.00033247342205085543	0.003709309537778857	401
2.996683530691411e-05	8.420763193362852e-05	-7.372145963080359e-05	0.005168750998908405	402
3.3221586285704907e-05	0.00013517889051839797	7.277871829083102e-05	0.005402433202534214	403
2.448357652426762e-05	0.00016968042534742976	0.00010576419808443292	0.0045873129135147565	404
7.312000607650419e-06	0.0001864309320005631	5.0658165175536634e-05	0.002794387841980689	405
-1.186128668483619e-05	0.00018623273108190263	-3.773798633391909e-05	0.0001886870110884946	406
-2.6127027868417564e-05	0.00017149716800267476	-8.235509431819637e-05	-0.002758803827613558	407
-3.0573496789004784e-05	0.0001456590502290269	-2.7722003209480414e-06	-0.005196790550922101	408
-2.3960189581327153e-05	0.00011262032152845308	0.0002576444314338405	-0.006042999613846035	409
-9.02648942814957e-06	7.631650172891784e-05	0.0007049864916002079	-0.004337209834648508	410
8.623849110250131e-06	4.043251276180954e-05	0.0012791286027579972	0.0003255666324541717	411
2.261489524658499e-05	8.231453240371486e-06	0.0018576907488641742	0.007462169642713963	412
2.8090394898250097e-05	-1.7577020718370986e-05	0.002282208100129855	0.015633284980343123	413
2.3385758843998822e-05	-3.499990131163814e-05	0.002401211745355611	0.02271904242797191	414
1.050962245335331e-05	-4.298686919967411e-05	0.002118043216109756	0.026490926606436132	415
-5.693811948133919e-06	-4.168818571556772e-05	0.0014280227176597174	0.025313388861437337	416
-1.9358958052555393e-05	-3.265384924607765e-05	0.00043155504655320847	0.018741881739645836	417
-2.5713332760490294e-05	-1.8852348730309144e-05	-0.000683431046651839	0.007798161698600731	418
-2.2733441138260944e-05	-4.4024345957098185e-06	-0.001686736059306619	-0.00520184922216391	419
-1.17716016606699e-05	6.025007461747146e-06	-0.0023666714501107333	-0.01724719114244808	420
3.0332865243115972e-06	8.080629823378066e-06	-0.002588546227350017	-0.025490507170913747	421
1.6311792666219745e-05	-1.2706562263851279e-06	-0.0023329394599614344	-0.02810110836917991	422
2.3404379997542853e-05	-2.286754935516269e-05	-0.0017015146499594442	-0.024834992987127685	423
2.1987611734900804e-05	-5.482635421480723e-05	-0.0008878629223243702	-0.017124828377443058	424
1.282190751416331e-05	-9.256243300029754e-05	-0.00012157753479613478	-0.007642474843515962	425
-6.144869692031527e-07	-0.00012943389186362937	0.00039794946470374844	0.0005424245152829698	426
-1.3439837815816037e-05	-0.00015793081262193917	0.0005582878098195464	0.004948025971325532	427
-2.113705199974583e-05	-0.00017118683946248188	0.00036439971712245566	0.004494661904980497	428
-2.113730330486718e-05	-0.0001644894533829838	-6.616900100627496e-05	-0.00012192550204493183	429
-1.366671429971916e-05	-0.00013644102773329554	-0.0005416378470604849	-0.006634052510334148	430
-1.5811929249390016e-06	-8.948507103898723e-05	-0.0008562134410274415	-0.011935684711837941	431
1.0720326198826826e-05	-2.9647989784222406e-05	-0.0008541847216459955	-0.013127017253397091	432
1.8892562043647037e-05	3.447661190601086e-05	-0.0004789974613792061	-0.008543294300680356	433
2.0172645097828287e-05	9.330044064163661e-05	0.0002069305802943947	0.0015658161681718456	434
1.4305421034941442e-05	0.00013804145062836133	0.0010372214986517521	0.014941599221426257	435
3.5588108860628003e-06	0.00016237364002808495	0.0017868995761780686	0.02786633767794529	436
-8.148025269781524e-06	0.00016358229204278872	0.002235126679564217	0.03621831935660646	437
-1.667031513728236e-05	0.00014299382104052702	0.0022277084100115188	0.036729465358501495	438
-1.9099893450189444e-05	0.00010560961616488712	0.0017221441323499594	0.02806850982820568	439
-1.4750133571720964e-05	5.9042758132941226e-05	0.0008030531414426102	0.011410788943686339	440
-5.332885746384369e-06	1.1997113476759104e-05	-0.0003360171743365943	-0.009702235303985333	441
5.710178668217399e-06	-2.738880745801098e-05	-0.0014394161784738917	-0.03020506959157963	442
1.4462419003863965e-05	-5.299964686616298e-05	-0.0022524643536350275	-0.04483454560207576	443
1.7916877438285965e-05	-6.172698091123338e-05	-0.002584419295460644	-0.049573426373801806	444
1.500290473072487e-05	-5.381368805988321e-05	-0.0023553014363507565	-0.04279932476480634	445
6.906730853059595e-06	-3.253026728352324e-05	-0.0016149346663486695	-0.02580211161396152	446
-3.4052212076826497e-06	-3.288873319804873e-06	-0.0005297787570269395	-0.0025081547542226967	447
-1.2270808550873596e-05	2.759319267875047e-05	0.0006586819043164949	0.0215249133677644	448
-1.6628888285897397e-05	5.421018436994223e-05	0.0016931221497053545	0.04056903654287637	449
-1.507058996450504e-05	7.219233715159788e-05	0.002361981250417295	0.050235155141533816	450
-8.28628982499054e-06	7.94183920731896e-05	0.002547929754857123	0.048607924740805525	451
1.2300651175200595e-06	7.61927208696733e-05	0.0022512011999082163	0.03668902425221517	452
1.009574375811879e-05	6.48831565174062e-05	0.001582442719030121	0.018031427652948566	453
1.523834368277082e-05	4.913390747553431e-05	0.0007277933684047993	-0.0023194244068050797	454
1.4955433961310227e-05	3.2859481693474054e-05	-0.00010374000165432225	-0.019262407500326432	455
9.471220663703718e-06	1.926947716212018e-05	-0.0007358654885255291	-0.029034637108309894	456
8.109670107663437e-07	1.0159046991457636e-05	-0.0010681671741339352	-0.03016122571856973	457
-7.945236809824875e-06	5.627669387644183e-06	-0.001095156883356962	-0.02369841173330024	458
-1.3755031651029189e-05	4.27562072322855e-06	-0.00089662346011267	-0.012723766867457832	459
-1.4666230940830571e-05	3.8009705826824594e-06	-0.0006032133383155565	-0.0012548491629006068	460
-1.0466847873998974e-05	1.813124751656194e-06	-0.00034863335271933323	0.007052894478692104	461
-2.7185955020615857e-06	-3.378153928636175e-06	-0.00022394114462063433	0.010019043911253757	462
5.822463545916115e-06	-1.222887981934572e-05	-0.0002486908872569991	0.007521195703048904	463
1.2183739656582322e-05	-2.3835349958204605e-05	-0.0003682752477450284	0.0013826394289343062	464
1.4206455885024398e-05	-3.624620108891991e-05	-0.00047821328355170936	-0.0053749741439468885	465
1.1273003451151703e-05	-4.710614064990079e-05	-0.00046706136590425173	-0.009649825260577737	466
4.488299235133825e-06	-5.4420421961367984e-05	-0.0002630607240712157	-0.009368472519190721	467
-3.7349950222970076e-06	-5.7188112138225906e-05	0.0001321020246396105	-0.004213170567019005	468
-1.0532191586720501e-05	-5.569095511570512e-05	0.000635141437191414	0.00427218000918848	469
-1.3580580911645083e-05	-5.133431782642392e-05	0.0011028681075712146	0.013226652054178032	470
-1.1888333823980549e-05	-4.608507443773784e-05	0.0013776200062509093	0.019476062636616456	471
-6.1122218215191185e-06	-4.1691593613716834e-05	0.0013415970967964965	0.02064806795868833	472
1.6956034937031612e-06	-3.895634677098176e-05	0.0009613154119609614	0.016011937221815147	473
8.814716647528756e-06	-3.733037996402359e-05	0.0003058655275261597	0.006749656943152431	474
1.2800541039780671e-05	-3.500596608267247e-05	-0.0004689675543870153	-0.004439657946352791	475
1.2319262648362805e-05	-2.952417681634169e-05	-0.0011670239731375585	-0.014268231072220274	476
7.590122554326523e-06	-1.873656865618474e-05	-0.001613864387521139	-0.019998263620294453	477
2.900163705583502e-07	-1.8224635597188874e-06	-0.0017136296890544174	-0.020388632551414716	478
-7.0393804091190525e-06	1.9986131742331503e-05	-0.001480448087011122	-0.016107953380691695	479
-1.1873017102311239e-05	4.325847303048849e-05	-0.0010322334252306532	-0.009455134566688908	480
-1.2568113456637442e-05	6.292421134123814e-05	-0.0005475775219590932	-0.0034731156872491037	481
-8.918933909573927e-06	7.345004321320132e-05	-0.00019976256294109655	-0.0007635264416976546	482
-2.214721060919689e-06	7.034335153190737e-05	-9.09478819463086e-05	-0.002430180857462821	483
5.21423936376917e-06	5.156557665419309e-05	-0.0002108147036735883	-0.007551068876360024	484
1.0803198778509479e-05	1.8431653919008528e-05	-0.0004364657382412958	-0.013405582207197553	485
1.2634312905995468e-05	-2.4305849722766615e-05	-0.0005763290349578443	-0.016420899032221832	486
1.009150722149424e-05	-6.926984415794e-05	-0.0004448476830628736	-0.013537544919255625	487
4.066494893610953e-06	-0.00010799745145047019	5.753579694146773e-05	-0.0035223864768521383	488
-3.3524564654109114e-06	-0.00013282063653882736	0.000888525573831977	0.012256942685986864	489
-9.600949911788784e-06	-0.00013859920369311933	0.0018553102664983466	0.029925465506287233	490
-1.2520850808227062e-05	-0.00012385083032856112	0.0026610706266844038	0.04410914653715566	491
-1.1102581219353709e-05	-9.098851616172379e-05	0.0029955980855452587	0.049588456493873063	492
-5.8332094059017e-06	-4.562449159266693e-05	0.0026424218428206274	0.0430842723296878	493
1.4692989932724512e-06	4.842615690299219e-06	0.0015667506611407494	0.024580603997247177	494
8.279859501125579e-06	5.295016027271563e-05	-4.775266759670955e-05	-0.0022964721730327105	495
1.2235380677252071e-05	9.272861406820583e-05	-0.0018303928002778467	-0.031040877713263405	496
1.1951628049262399e-05	0.00012069136652842439	-0.003318370158102336	-0.05400216961089418	497
7.506656586667854e-06	0.0001360426727659318	-0.004089076227255101	-0.06459981791822822	498
4.2235488921862907e-07	0.00014013183211685366	-0.003889709600188574	-0.059341281073303	499
-6.853074849741663e-06	0.00013540415763105447	-0.002722839709618228	-0.039001876163895374	500
-1.1787112833937588e-05	0.00012423475580432101	-0.0008587803075425456	-0.008566548612553924	501
-1.2641387073976905e-05	0.00010804139806664011	0.0012321205072544747	0.024087893374382892	502
-9.083080194494282e-06	8.695936439002527e-05	0.0030089415689081443	0.050396503940388984	503
-2.314641809678976e-06	6.016360507790381e-05	0.004013090379884605	0.06353863026206302	504
5.328744906556333e-06	2.670591636456856e-05	0.003998279583307111	0.06036309454501502	505
1.118071933371885e-05	-1.343510044627197e-05	0.002997924465585949	0.042224266986700544	506
1.3170798386003858e-05	-5.846511122746707e-05	0.0013097701675042744	0.014485997284390581	507
1.0555808957126746e-05	-0.00010437461217262592	-0.0005964967279093007	-0.015134809287462032	508
4.197742916418109e-06	-0.00014521273888359843	-0.002218923398667398	-0.03885619860858178	509
-3.7159511101962986e-06	-0.00017402057326469655	-0.003166339096255395	-0.051037524024914294	510
-1.042071087468694e-05	-0.0001842196717586628	-0.0032610164263984494	-0.04963658284094804	511
