-0.00021580251096878396	-0.00018957331737225105	-2.7649642153835564e-05	0.0011631194108253562	0
-0.00022214247105677956	-0.0001660281414857922	8.487212768851335e-05	0.002603524920119952	1
-0.00020806011914859164	-0.0001254251503341249	0.0002034688391389409	0.0039322797082346735	2
-0.00017437023912366236	-7.109811848286546e-05	0.00032014843200575997	0.005061379837385434	3
-0.0001237224901057986	-7.779873151815575e-06	0.0004264932846535918	0.005915855089315187	4
-6.0402018464655405e-05	5.87789192661054e-05	0.0005142097126781197	0.006438315248107689	5
1.0026357771988252e-05	0.00012229743535733693	0.0005757023472605023	0.006592197700441069	6
8.120150961249905e-05	0.0001765187222100124	0.0006046362281118699	0.006363566951356297	7
0.00014653545941628756	0.00021578255676779693	0.0005964478868264753	0.005761427532751474	8
0.00019981844263234342	0.00023556623533232626	0.0005487675778580411	0.004816616371977661	9
0.00023580444268323788	0.00023294344677656452	0.0004617182905667464	0.0035794311544887283	10
0.00025072243021320804	0.00020691694018699642	0.0003380632440684638	0.002116221699076357	11
0.00024266397745154554	0.00015859041431679074	0.00018318204462834968	0.0005052183646554612	12
0.00021180807257403312	9.115820624922379e-05	4.8661996057725206e-06	-0.0011681060056525487	13
0.00016045801369364305	9.706882252117775e-06	-0.00018706332965396733	-0.0028158448241828874	14
9.28820202419937e-05	-7.916057091808434e-05	-0.0003813011229116352	-0.004352362085175001	15
1.4967181031591201e-05	-0.0001678510364427581	-0.0005657368232194302	-0.00569865314725255	16
-6.628607009743928e-05	-0.00024841673828855296	-0.0007282296256209413	-0.006786168658123952	17
-0.00014338623795945847	-0.0003132473890132206	-0.000857428658304814	-0.0075599584559351875	18
-0.00020903511722525413	-0.00035575959644106075	-0.0009435835886060608	-0.007981041781570232	19
-0.0002568122902916122	-0.00037102224449981876	-0.0009792868610920217	-0.008027955054331496	20
-0.00028179617047773995	-0.00035626008048864435	-0.0009600902437752088	-0.00769746624844376	21
-0.0002810621637520176	-0.0003111865085693753	-0.0008849440573745871	-0.007004474524640241	22
-0.00025400832407908097	-0.00023813000236453936	-0.0007564174900469606	-0.005981135628345426	23
-0.00020247355139204433	-0.00014193557006906003	-0.0005806722939685433	-0.004675269255168766	24
-0.0001306316997652146	-2.9641940815374238e-05	-0.0003671791042329115	-0.0031481164715847017	25
-4.466532792303144e-05	9.004504314527725e-05	-0.00012818448280039877	-0.0014715260060718083	26
4.77565973200061e-05	0.00020744368568736092	0.00012204380684072147	0.00027533980844125284	27
0.0001381538440302267	0.0003126973946206698	0.00036814737024493463	0.002009673775900978	28
0.0002180043005389537	0.00039661891410857025	0.0005947217935013064	0.003648943194545554	29
0.00027953860768072645	0.00045150542822310936	0.0007874015998671155	0.005114914523112137	30
0.00031648676565113965	0.0004718523455706498	0.0009339051682670583	0.0063376159467998525	31
0.00032470584889774333	0.00045490015522025315	0.0010249586050315189	0.007259050550781633	32
0.00030262701485999364	0.0004009613064819132	0.0010550233995307978	0.007836458963646837	33
0.0002514750395059091	0.0003134916830049043	0.0010227648799494564	0.008044926575811955	34
0.00017523342912826884	0.00019889251327650983	0.0009312163549113858	0.007879140461680641	35
8.035104238725017e-05	6.605171773561977e-05	0.0007876161970454924	0.007354127676810825	36
-2.478992433682138e-05	-7.434324903571581e-05	0.0006029203637034014	0.006504850912560056	37
-0.00013060196852158687	-0.00021066808012166604	0.00039101899223721506	0.005384598937785431	38
-0.00022715423860937382	-0.0003313299608205967	0.00016771060568233128	0.00406218512483559	39
-0.00030509204788111994	-0.00042576048046837024	-5.0491031292622304e-05	0.002618052882025128	40
-0.00035652996675557096	-0.0004853475789233959	-0.00024762622345792787	0.0011394754681568061	41
-0.00037583447296878807	-0.0005042239379397743	-0.00040953445985260264	-0.0002848783320654623	42
-0.000360219890527369	-0.0004798394977859528	-0.0005249738274766061	-0.0015706701597503897	43
-0.00031009640613069043	-0.00041326267541442205	-0.0005865205479492633	-0.0026435171123761285	44
-0.0002291301394649406	-0.0003091770760877471	-0.0005911699786266453	-0.0034441011205476723	45
-0.00012400078424682458	-0.00017556621372941334	-0.0005405831205203058	-0.003932358460766346	46
-3.8699986110207925e-06	-2.3105815351602468e-05	-0.0004409508874153945	-0.004090390591968501	47
0.00012039898725267964	0.00013569066603947091	-0.0003024798918691159	-0.003923816799400716	48
0.0002372056952768542	0.0002875049890334546	-0.00013853569475394574	-0.0034613980287757176	49
0.00033527666995393285	0.0004193398754509586	3.549041765052701e-05	-0.0027528923420088603	50
0.0004047337525629707	0.0005196417303785133	0.00020349971063793413	-0.0018652454963258907	51
0.000438066964330706	0.0005793224445658335	0.00035007969611563616	-0.0008773632325361803	52
0.0004309182402821854	0.0005925889104204931	0.0004618543635495692	0.0001261579036142199	53
0.0003825967472779481	0.0005575036002179374	0.0005286729012586385	0.0010618595192709596	54
0.0002962688111764625	0.00047622138075484105	0.0005445300425390839	0.0018542599088822052	55
0.00017879376405874163	0.00035487492381512057	0.0005081320488914574	0.002442128073341091	56
4.02088907010714e-05	0.00020311134876099465	0.0004230513895685387	0.00278364449876149	57
-0.00010710071321299143	3.331350293995757e-05	0.00029744808497544645	0.0028599749283031843	58
-0.0002494811370910804	-0.00014043216190777084	0.00014337354199435524	0.0026769036822965175	59
-0.0003732459309977879	-0.0003035354055242116	-2.4289749724716158e-05	0.002264330128989186	60
-0.00046596032273830143	-0.00044216726375395036	-0.0001891654242591346	0.0016736132171984968	61
-0.0005176557359511977	-0.0005444798654376192	-0.0003348830575573428	0.0009729392424470441	62
-0.0005218592075001277	-0.0006016720611717705	-0.000446608696992794	0.00024107036772260206	63
-0.00047633523559827747	-0.0006088031904171163	-0.0005124679128555589	-0.0004400110515732046	64
-0.0003834604000930975	-0.0005652775342068874	-0.0005247291327674813	-0.0009929299645834969	65
-0.00025018203843665257	-0.00047494960445945396	-0.0004806330601457168	-0.0013525208040897226	66
-8.75487917384823e-05	-0.0003458331408406484	-0.0003827828647863375	-0.0014725030460778807	67
9.01601820918925e-05	-0.0001894317423050719	-0.00023904730657122548	-0.0013305880978779585	68
0.00026664256263981504	-1.974339269185041e-05	-6.19719029182693e-05	-0.0009314952186708649	69
0.000425018560921754	0.00014797832857288938	0.00013226202891019907	-0.00030752585906817804	70
0.0005493909726251764	0.00029859964946913004	0.0003252481199997534	0.000483444262913928	71
0.0006263801845341221	0.0004184969409214332	0.0004980167865472323	0.001362465564281972	72
0.0006464914044657386	0.0004968358322549418	0.0006328027166652857	0.002236186943762413	73
0.0006051809103599761	0.000526619679546903	0.000714758202623185	0.003005169534780225	74
0.0005035101052306909	0.0005054055965284746	0.0007334522309635589	0.0035731419534028594	75
0.00034830910554197207	0.0004356135435988834	0.0006840095395530348	0.0038563852607183097	76
0.00015181293042493098	0.0003243887527733828	0.0005677719217996907	0.0037923936996846334	77
-6.922029432689146e-05	0.00018301716661345887	0.00039240382684665055	0.003346991075060324	78
-0.0002948523099991509	2.5934217283133353e-05	0.0001714125663141398	0.0025191919603540346	79
-0.0005036678222283329	-0.00013059441071514456	-7.689388670418205e-05	0.0013432743802298038	80
-0.000674699631517501	-0.00027000888171838404	-0.0003309360490260575	-0.00011223757053632115	81
-0.0007894114510754733	-0.00037707338990867947	-0.0005677560595380438	-0.0017487157343268086	82
-0.0008335613350556824	-0.00043942925995238327	-0.0007651137413881692	-0.0034444499293568966	83
-0.0007987710834561185	-0.0004489361466451943	-0.0009035996694993784	-0.005064038883378894	84
-0.0006836449812700294	-0.00040266795607383837	-0.0009685703700914442	-0.006469409408125812	85
-0.0004943137927775265	-0.00030345590877016654	-0.0009517191373073033	-0.007531552451316547	86
-0.0002443247823042411	-0.00015990746564955834	-0.000852121494634876	-0.008141969872076264	87
4.6147766105602856e-05	1.4126186172936598e-05	-0.0006766353898824086	-0.008222817662055232	88
0.0003517388317884791	0.0002006133206619242	-0.00043958968171167213	-0.007734813121073832	89
0.0006438851626277614	0.000378866651751659	-0.00016175602869970222	-0.006682140435718301	90
0.0008932308887721696	0.0005274172419883986	0.00013133626419063477	-0.0051138286678426	91
0.0010722606642061582	0.0006260885836374352	0.00041162117926007383	-0.0031213689616623385	92
0.00115794636483376	0.000658097660732616	0.0006510780421430367	-0.0008326591852536695	93
0.0011341819975768178	0.0006119993228663593	0.0008244599887327715	0.0015973135707665412	94
0.0009937887024027625	0.00048329515651050195	0.0009119314387137222	0.003998347751482478	95
0.0007398976132032865	0.0002755483358824074	0.0009013744641678202	0.006198514478594648	96
0.00038656136010394254	8.804703728539261e-07	0.000790142174114205	0.00803814916196418	97
-4.149787301144887e-05	-0.00032022720660229167	0.0005860755574544841	0.009383169693799627	98
-0.0005100288741182257	-0.0006598513559574145	0.0003076560028736266	0.010136574592525264	99
-0.0009772341346411815	-0.0009842272340514133	-1.6765296204545774e-05	0.010247106284179235	100
-0.0013964781092227333	-0.0012559392780280745	-0.00035064316359546485	0.009714287484031135	101
-0.0017195410835402392	-0.001436556130054036	-0.0006517235907737049	0.008589334504058164	102
-0.0019001879612938432	-0.0014895226218756775	-0.0008751696420774382	0.006971795591802682	103
-0.0018977875096267303	-0.0013830930809597044	-0.0009770986018926295	0.005002125713977331	104
-0.001680704059657069	-0.0010930787337420588	-0.0009182572206616802	0.0028507599749493986	105
-0.001229191988108393	-0.0006051883640606846	-0.0006675398352192022	0.0007045551616685726	106
-0.0005375533885586867	8.323432214659213e-05	-0.00020505611332925105	-0.001248294823253831	107
0.00038463073057592306	0.000962232506044856	0.00047551828413859294	-0.002833620296554754	108
0.0015123191831941936	0.0020091189880399084	0.0013655252895395308	-0.0039056274004912487	109
0.0028059252427250574	0.0031892580749584036	0.002440990463971079	-0.0043590272506732934	110
0.004213290345281026	0.004457716874942379	0.0036634366018179006	-0.004137909307782305	111
0.005672598457710176	0.005761689188207252	0.004981819457727091	-0.003240596020425651	112
0.007116038919632395	0.007043534426944448	0.006335469506576923	-0.0017200542040174535	113
0.008473965572422446	0.008244224519500475	0.007657840497349373	0.0003201840611012953	114
0.009679258771356825	0.009306957675982948	0.008880796990361454	0.0027342548695614348	115
0.010671577970078653	0.010180682142927094	0.009939125059149108	0.00534565838702129	116
0.011401197735180411	0.010823277129965427	0.01077492724696967	0.007961428657668376	117
0.01183214912847778	0.011204161836745314	0.011341567015113688	0.0103875776032405	118
0.01194443928224194	0.01130614522898934	0.011606859364051578	0.012444506762665172	119
0.01173519079922129	0.011126385718432462	0.011555260802818268	0.013981087777964122	120
0.011218623962389054	0.010676396775005955	0.011188888994298707	0.01488623386540984	121
0.010424892211975699	0.00998110644924208	0.010527294019920584	0.015097008926863881	122
0.009397867977727887	0.009077050070985446	0.009606001796034724	0.014602628670066585	123
0.008192054814666744	0.00800984030364488	0.00847394757305422	0.013444071685526256	124
0.006868866557250344	0.0068311120533599695	0.007190005512466865	0.011709405331053859	125
0.005492559684336441	0.00559517717073473	0.0058188916371974386	0.009525306776772581	126
0.004126127642088901	0.004355642438927446	0.0044267659188190365	0.007045589892775087	127
0.0028274637384760816	0.0031622425584689334	0.0030768807269454363	0.004437804077659033	128
0.0016460726562624456	0.0020581179287427545	0.0018256154195262389	0.0018691286448158215	129
0.0006205618916636319	0.0010777268593868262	0.0007192010514327049	-0.0005071680963183038	130
-0.00022292240383909331	0.0002455268006202376	-0.00020862199396739692	-0.002563506295686831	131
-0.000871230050199254	-0.0004245061311164084	-0.000937852013711172	-0.004206989325971305	132
-0.0013237120773370336	-0.0009285201786395363	-0.0014623128229399828	-0.005384868579875392	133
-0.0015907808374820839	-0.001271663447413409	-0.0017886123763257923	-0.006086070102408235	134
-0.0016916852548651616	-0.0014663240936911347	-0.0019341024397568946	-0.0063387495143117124	135
-0.0016517230898613088	-0.0015299177040655006	-0.0019240530993455398	-0.006204217015678592	136
-0.0014991542676529494	-0.0014824385269123603	-0.0017883212752072592	-0.005767915218418728	137
-0.001262098643290172	-0.001344006424570921	-0.0015578329321851582	-0.005128407190500449	138
-0.0009656965636101823	-0.0011326364829179396	-0.0012612107762953954	-0.0043855145344499705	139
-0.0006297818128224917	-0.0008624336548765027	-0.0009218617914044094	-0.0036288182220043596	140
-0.0002672665684361554	-0.000542372805987398	-0.0005557934859743853	-0.0029276911132680586	141
0.00011662878930691407	-0.00017576873824966184	-0.00017035813676753676	-0.0023238743771080033	142
0.0005242459964595888	0.00023952396522251146	0.00023596326983620249	-0.0018273548277974775	143
0.0009644864901517236	0.0007102094976863102	0.0006727235692220949	-0.0014159703142728264	144
0.0014510428090991289	0.0012460415059806283	0.0011557040723913351	-0.0010387967887133531	145
0.002000040195092462	0.0018578568348322313	0.0017043192014567733	-0.0006229889734128105	146
0.0026273190220230955	0.0025553472509809057	0.002338485603985661	-8.339317752977492e-05	147
0.00334562263937557	0.0033447908836648495	0.0030752643212270227	0.0006660399846197141	148
0.004161965938604174	0.004226972380013454	0.003925611052970121	0.0017002147751828869	149
0.005075446457723313	0.005195507722314776	0.004891565769694775	0.0030714811439647386	150
0.0060757232238043135	0.006235757276381032	0.005964178875954321	0.004800083135018021	151
0.007142331864791712	0.007324461586137141	0.007122409511167607	0.006867536713666163	152
0.008244932591172222	0.008430172793008412	0.008333147535800781	0.0092137470413892	153
0.00934450656072074	0.009514485535939043	0.009552411480067172	0.011738328856944336	154
0.01039543280193768	0.010534000640926224	0.010727668841237534	0.014306194113900585	155
0.01134829940527266	0.011442888870769875	0.011801121898724079	0.01675705533536575	156
0.012153235828759539	0.012195866169091771	0.012713710840129313	0.018918100386984514	157
0.012763503679248488	0.012751351065873627	0.013409514690586245	0.02061876218487358	158
0.013139055544098015	0.01307455284233296	0.013840185882741555	0.021706267894159983	159
0.013249767863529677	0.013140237754786177	0.013969040611563425	0.022060530968719863	160
0.01307807491878039	0.012934940427810368	0.013774446048406552	0.02160695993985156	161
0.012620775155785684	0.0124584270110774	0.013252195878839242	0.020325902189668694	162
0.011889844712906052	0.011724272756031233	0.012416643564131415	0.01825770867116991	163
0.010912170969766228	0.010759484805248985	0.011300461856524995	0.015502774660128907	164
0.009728204765174194	0.0096031756610402	0.009953009166749627	0.012216350350825248	165
0.008389616553057862	0.008304367898046108	0.008437398925738148	0.008598384617205947	166
0.006956122004315464	0.006919080029616555	0.0068264772421745236	0.004879123156086492	167
0.005491709769000658	0.005506901302801728	0.0051980075291033715	0.0013015863667352147	168
0.004060552715778687	0.004127304785118945	0.003629430224017844	-0.0018976353225782193	169
0.002722909937257918	0.0028359699527643386	0.0021926051096713608	-0.004507640757506045	170
0.001531328003966776	0.0016813862517941621	0.0009489494387301548	-0.006360855800464155	171
0.0005274262768794075	0.0007019877152903012	-5.464368580247584e-05	-0.007347474276390652	172
-0.0002604954800556409	-7.597260167885496e-05	-0.0007887832387972582	-0.007425370934170649	173
-0.0008188545466689813	-0.0006396575031861234	-0.0012432194024962783	-0.006624523214784351	174
-0.0011490943171989618	-0.0009899087348441554	-0.0014270171167757829	-0.005045439843937831	175
-0.0012668978347341346	-0.0011405330731718796	-0.0013672565389332403	-0.0028516091516814666	176
-0.0012003848823144247	-0.001116682136835993	-0.0011063730851160638	-0.000256503507606292	177
-0.0009874508971111618	-0.0009524663716056194	-0.0006983606799677877	0.0024938381912165382	178
-0.0006724716351091752	-0.0006880015948870017	-0.00020415417965942743	0.005141224282335094	179
-0.00030264438564301315	-0.00036612798165728844	0.00031342716660243635	0.007437009864050307	180
7.573906828100277e-05	-2.9063172267347105e-05	0.0007947594734500205	0.009163232867854941	181
0.0004207924248951008	0.00028474833507787585	0.0011881024551046713	0.01015135921274833	182
0.0006980363775271631	0.0005433480308532092	0.001453517172437403	0.010296992133131521	183
0.0008826760186820273	0.0007233369666155072	0.0015657017838082835	0.009569230137829978	184
0.0009609920439295992	0.0008111643104572498	0.001515527155615213	0.008013807011294956	185
0.0009307595758565211	0.000803551971663671	0.0013101654622897016	0.00574967763878235	186
0.00080069025655417	0.0007070486443085914	0.0009718245750928861	0.0029592793923737606	187
0.0005889741379923651	0.0005367782925556734	0.0005352188870029308	-0.00012674913584363062	188
0.0003210711166396655	0.0003145132615938042	4.401320597891554e-05	-0.0032491208981608537	189
2.6961205105928594e-05	6.625552298347443e-05	-0.00045343853047007137	-0.006142070519828359	190
-0.0002618959902920948	-0.00018045323612325096	-0.0009086808984961278	-0.008556245780746381	191
-0.0005156228123602804	-0.0003992537953579337	-0.0012776679120454547	-0.010280346203557961	192
-0.0007087399578143378	-0.0005674871051357616	-0.001524804632508211	-0.011159628174652835	193
-0.0008224976216041281	-0.0006682927794046152	-0.0016261710192260028	-0.011109654747821777	194
-0.0008465272373430488	-0.000692113456343371	-0.0015716534344496743	-0.010124070561012933	195
-0.0007796814631110698	-0.0006374841549363928	-0.0013658062766081802	-0.008275693808495426	196
-0.0006300022518559117	-0.0005110493233471223	-0.0010273779982118824	-0.005710793749670266	197
-0.00041383319863225166	-0.0003268178924585698	-0.0005875525541369022	-0.0026370135755859384	198
-0.00015416635510338383	-0.00010473255910555749	-8.706901571166553e-05	0.0006940472373014361	199
0.00012162090359878533	0.00013131182660424952	0.0004275209468437919	0.00400810853229351	200
0.00038443203803541334	0.0003558193955387473	0.000908124074670681	0.007031519470181671	201
0.0006062805375787776	0.0005442020077963757	0.0013095267582090065	0.009514596237709635	202
0.0007630299694120322	0.0006752215741810019	0.0015935766377280793	0.011252972256648924	203
0.0008368022274083642	0.0007331490342686538	0.001732756967861572	0.012105113098985949	204
0.0008178415325812463	0.00070944867962787	0.0017128401860373663	0.012004477515629079	205
0.0007056698667275877	0.0006038382672655788	0.0015343881001568184	0.010965268500784567	206
0.0005094313200270233	0.00042462960373199283	0.0012129668799664834	0.009081273828638634	207
0.0002473929336991046	0.0001883163011902236	0.0007780567781490748	0.006517895398171777	208
-5.435799760045135e-05	-8.156009607787574e-05	0.0002707494957990258	0.003498058375682801	209
-0.00036391168488596464	-0.0003561729147335302	-0.0002595694387901805	0.0002832225434183048	210
-0.0006460613084895651	-0.0006036560511523989	-0.0007592689776986048	-0.0028488572922737224	211
-0.0008651444839631158	-0.0007916458049881587	-0.0011749052583920304	-0.005627694844309103	212
-0.0009879628387145702	-0.0008899073055525713	-0.0014576605878768214	-0.00781292163402862	213
-0.0009865358316818208	-0.0008728271224122323	-0.0015674114906026701	-0.009214451209896288	214
-0.0008404595188737385	-0.0007215651443862927	-0.0014760819623220412	-0.009708227371302017	215
-0.0005386746852979977	-0.00042568756196057866	-0.001170000798189835	-0.009246216508215402	216
-8.049863237043805e-05	1.5853743144095657e-05	-0.0006510683492208193	-0.007859811627621135	217
0.000524163394090605	0.0005944756623120565	6.33593204510172e-05	-0.005656394532603864	218
0.001255442899026917	0.0012924716732669594	0.0009418511217102603	-0.002809401691543807	219
0.002084915681152086	0.0020842305220371633	0.0019414212988155006	0.00045719437964636313	220
0.0029776748935975627	0.0029380652827149874	0.0030109684666078545	0.003888592853161383	221
0.003894898513365655	0.0038185030486124214	0.004095336290508133	0.007221307766983027	222
0.0047967009823516	0.004688849019543166	0.00513964888624668	0.010205791173398595	223
0.005645037404484216	0.0055138179321091545	0.006093554352536832	0.01262755277864304	224
0.006406426637525258	0.0062620222001622304	0.006915021820305078	0.014324940136943982	225
0.00705427685488047	0.006908119905316621	0.007573379663074591	0.015202052685596986	226
0.0075706320167165785	0.0074344555716102465	0.008051351108056118	0.015235705578884113	227
0.007947207078275204	0.007832069826824405	0.008345932214981509	0.014475895362186778	228
0.008185639405960832	0.008101006869211332	0.008468058164379021	0.013039800796478122	229
0.008296948702590845	0.008249906641748229	0.008441108152554971	0.011099926517799435	230
0.008300262334764576	0.008294926915038477	0.008298397861946121	0.008867513439655781	231
0.008220921976772615	0.008258094281690071	0.00807989299101152	0.006572752036629029	232
0.008088136145445523	0.008165227995517804	0.00782844054160938	0.004443606552843916	233
0.007932377637999272	0.008043613071409083	0.007585851263231444	0.002685166167711755	234
0.007782742477124483	0.007919616602599324	0.007389174000891891	0.0014613744497163868	235
0.007664486527592924	0.007816442632513704	0.007267480436040173	0.00088075781916877	236
0.007596937801772419	0.0077522062759563335	0.007239429180041159	0.00098739889731883	237
0.007591948402797987	0.007738478580934216	0.0073118060594260055	0.0017579161048749863	238
0.007653003135713628	0.007779412500691708	0.007479149315195881	0.0031046609790657286	239
0.007775046129986777	0.007871510890671882	0.007724472230626958	0.004884779395684226	240
0.007945027095273395	0.00800404387058898	0.008020999911985608	0.006914253369717866	241
0.008143110057823524	0.008160069678556973	0.008334749932537279	0.00898559406739425	242
0.008344434408923386	0.008317964663728541	0.008627715788468323	0.01088753404094979	243
0.008521275084611873	0.008453328216900396	0.008861363554896598	0.012424896102222787	244
0.00864541902565473	0.008541100339652174	0.009000129689886026	0.013436812400398	245
0.008690560910301485	0.008557715286286223	0.009014613184926926	0.013811629707589878	246
0.008634523358788816	0.008483115179982587	0.008884187316969765	0.013497150108031972	247
0.008461124860898757	0.008302462370625157	0.008598811890523557	0.01250529107617255	248
0.008161550764356516	0.008007417049025457	0.00815990081106769	0.010910765228580357	249
0.0077351258534443775	0.007596884709956997	0.007580185308841449	0.00884393049918262	250
0.007189437564325942	0.007077183113687784	0.006882602424918662	0.006478495835883609	251
0.006539812427615891	0.006461626576790142	0.006098323547320302	0.004015237108106156	252
0.005808200449387613	0.005769572698210492	0.005264111394119557	0.0016632401633541473	253
0.00502156860862931	0.0050250191307047755	0.004419249568054482	-0.00037958980124518874	254
0.004209941796206131	0.004254872357464576	0.0036023220156975516	-0.0019449510061467336	255
0.003404254535869986	0.003487033997739604	0.002848127840797611	-0.002909801125043499	256
0.00263418796582225	0.0027484612654339836	0.002184999635841044	-0.0032078056077784155	257
0.0019261632576299849	0.0020633562333130804	0.0016327527554176392	-0.0028355264524574423	258
0.001301645546303748	0.0014516240002937445	0.0012014327583419913	-0.0018527841284137578	259
0.0007758832965777554	0.0009277142363721216	0.00089095425733804	-0.0003771608266439916	260
0.0003571695345434525	0.0004999262822520793	0.0006916434376408726	0.0014268493710122864	261
4.666692484576139e-05	0.00017021805816252512	0.0005856158565518838	0.003363047515647015	262
-0.0001612079376815442	-6.548307564429489e-05	0.0005488479880976361	0.005221699591490464	263
-0.0002778905631677028	-0.00021651013937157092	0.0005537417224884831	0.006799004105214869	264
-0.000319354062915621	-0.0002963057847798581	0.0005719407214509918	0.007916074312682347	265
-0.0003044944400966218	-0.0003209983397522737	0.0005771394498896662	0.00843569668253278	266
-0.0002533565139700162	-0.00030783097243410127	0.0005476310974484645	0.008275330504523106	267
-0.00018534977312752046	-0.00027357832712147196	0.00046836859944224783	0.007415156621085723	268
-0.0001175995326417106	-0.00023308172769031697	0.0003323606880104085	0.005900434603221351	269
-6.356316804845665e-05	-0.00019802010446717583	0.00014128775590069645	0.003837946017322758	270
-3.201554652859e-05	-0.00017601064328975669	-9.47055782940995e-05	0.001386839430543008	271
-2.6474474737922928e-05	-0.00017010296741168352	-0.0003580095624204238	-0.0012552985254452673	272
-4.5098985132225396e-05	-0.000178696147093087	-0.0006252377604639026	-0.003869888604328606	273
-8.105382890824194e-05	-0.00019587196785380526	-0.0008694422558583265	-0.006236745199109718	274
-0.0001232958873888236	-0.00021210367616706537	-0.0010626482873375344	-0.008153652965656835	275
-0.0001577053535575429	-0.00021526963031567588	-0.0011784756118946279	-0.009454367818852212	276
-0.00016845897774519342	-0.0001918782301492197	-0.0011946097867932542	-0.010023420994895114	277
-0.0001395262411889815	-0.0001283958666056746	-0.0010949037465993747	-0.009806396327007947	278
-5.616303625801051e-05	-1.2564352471918687e-05	-0.0008709266137684208	-0.008814762290999607	279
9.371855119726189e-05	0.00016540150227181195	-0.0005228290042497477	-0.007124834089429322	280
0.0003184121305642606	0.00041183248469220857	-5.9457198585607224e-05	-0.004870972016096426	281
0.0006215965359557103	0.0007289155811552868	0.000502283415432162	-0.0022336422634268737	282
0.0010018910421099915	0.00111434643295142	0.0011387484617085058	0.000576571972103994	283
0.0014528127371247778	0.001561344303721773	0.001821431581163626	0.003337559514254956	284
0.0019631299650436883	0.002059020340136342	0.0025192246095563997	0.005835191578910797	285
0.00251757485438502	0.002593061809520851	0.0032008566432759544	0.007881998388898121	286
0.003097851113978593	0.003146670910131402	0.003837296043848646	0.009333339898851475	287
0.0036838524800181342	0.0037016784867043013	0.004403907356904041	0.010099632655547372	288
0.004254993843699628	0.004239741810483583	0.004882181534020064	0.010153558323603557	289
0.004791551923842928	0.00474353212973006	0.005260899989663843	0.00953163871717998	290
0.0052759154297432045	0.005197821933048051	0.005536646768913772	0.008330075149765012	291
0.005693655378948714	0.005590393131296546	0.0057136433387171325	0.006695269665215935	292
0.006034343402284871	0.005912704441696529	0.005802941647926249	0.004809924918211973	293
0.006292067835089633	0.006160277511504357	0.005821067558434412	0.002876014679501027	294
0.006465622207615115	0.006332784839042906	0.005788253496272491	0.0010961925253298128	295
0.006558366328034542	0.006433846328196801	0.005726432159009875	-0.00034466234236040514	296
0.006577784463624852	0.00647056341251859	0.005657179635365111	-0.0012960873233825454	297
0.006534786342908161	0.006452838401584454	0.005599795199673476	-0.0016553685787902043	298
0.006442813342029315	0.0063925406923340256	0.00556968683379081	-0.0013763774327556306	299
0.0063168232460258655	0.0063025898661159385	0.005577198263803749	-0.0004731442716127102	300
0.006172231857233074	0.006196028080887365	0.005626968387664235	0.0009821101711805988	301
0.006023888443357642	0.006085150704606853	0.005717861830145015	0.002866256802362978	302
0.005885155048445027	0.005980755433372694	0.005843454992747928	0.0050171385985883	303
0.005767147921594702	0.0058915572082789466	0.0059930104760606805	0.007248917531828948	304
0.005678183961540033	0.0058238003920686576	0.006152828880353907	0.00936944526557	305
0.005623457542119391	0.005781082359539491	0.006307834674358235	0.01119803852585226	306
0.005604954859877427	0.0057643853947830755	0.0064432348439513905	0.01258201371344168	307
0.005621595464701083	0.005772297976342688	0.006546086777751376	0.013410460806462757	308
0.005669575168007458	0.005801393359459517	0.0066066251985775456	0.013624001731934643	309
0.005742872086897249	0.005846723723788097	0.006619225324165175	0.01321965817961527	310
0.005833868876418023	0.005902382578733229	0.006582917957474157	0.012250412835744795	311
0.0059340395770200935	0.005962086759950495	0.006501417981447404	0.010819543579410215	312
0.006034648963882425	0.006019731994234237	0.006382676256006223	0.009070296408116888	313
0.006127415514038557	0.0060698821160309335	0.006238011487524959	0.007171894813861867	314
0.006205095526575685	0.006108160792346849	0.006080918821068679	0.005303221193620375	315
0.006261954768102764	0.006131525092227707	0.005925681925373577	0.00363571858512865	316
0.00629410438636244	0.006138411391069006	0.005785932454625671	0.0023171291099857577	317
0.006299688827736124	0.006128754925090038	0.005673303505246624	0.0014576028986252416	318
0.00627892424807909	0.006103893919274616	0.0055963119625141305	0.0011194858033003955	319
0.006233995675381778	0.006066376901878249	0.005559579762548689	0.001311746897990091	320
0.006168829386458342	0.006019697125405642	0.005563468642170822	0.001989569878617393	321
0.006088763211129521	0.0059679807329561345	0.005604160469453365	0.0030591465360553945	322
0.006000141591080439	0.00591565549279895	0.005674169945825721	0.004387220530881673	323
0.005909864202606376	0.00586712485663244	0.0057632327918491	0.0058144811895758635	324
0.0058249169723940735	0.0058264682457267285	0.005859474733957216	0.007171541608490458	325
0.005751912667416717	0.005797183423919267	0.005950738368762684	0.008295987011199216	326
0.005696665296580531	0.005781981220276556	0.006025929027469486	0.009048871318734629	327
0.005663818726754737	0.005782637343813025	0.006076238633739201	0.009329082624175013	328
0.005656545580505704	0.005799901135206004	0.006096118445731408	0.009084188215652277	329
0.005676327990103006	0.00583345724321021	0.006083896346945001	0.008316689913875063	330
0.005722827401651105	0.005881933650035576	0.006041969611842421	0.007085041724114644	331
0.005793846538083038	0.005942948275963531	0.005976546422308054	0.0054992657307192366	332
0.00588538293782756	0.006013186472299513	0.005896954765504923	0.0037115045102817687	333
0.005991770209978221	0.006088502818420803	0.005814581320923583	0.001902323016639381	334
0.006105900254392177	0.006164042418808367	0.005741541280633015	0.0002639761977669976	335
0.006219517123857217	0.006234378934943598	0.005689209000045311	-0.001017846773050804	336
0.006323570889192829	0.006293668463722117	0.005666756081283959	-0.0017821323474349533	337
0.00640861776141613	0.006335819713470517	0.005679846230244499	-0.0019088302008958085	338
0.006465250821761087	0.0063546814471366455	0.0057296245971849655	-0.0013317880795389878	339
0.006484544054310407	0.006344247701562977	0.0058121142591434005	-4.7089666131531604e-05	340
0.006458491062632696	0.006298879838051255	0.00591809625021463	0.001884047249780924	341
0.006380419019692028	0.006213542165192076	0.0060335053786436475	0.00433817397926883	342
0.0062453582144813904	0.0060840449644053145	0.006140326037412524	0.007138159667226675	343
0.0060503481876696165	0.0059072856080998	0.006217924756904276	0.010066722110036305	344
0.00579466303686953	0.005681475516720595	0.006244713783049654	0.012883825245468092	345
0.005479941114227294	0.005406338393044199	0.0062000064811504165	0.015346472337193398	346
0.0051102080548973946	0.0050832638998709115	0.006065904053868043	0.017229196935690083	347
0.00469178679295079	0.004715401024295504	0.005829046015131575	0.018343476128849664	348
0.004233093769643563	0.004307676985842501	0.00548206488123543	0.018554369805083203	349
0.003744326648058245	0.0038667307321515235	0.005024608057580276	0.01779291903685134	350
0.003237055163348798	0.003400754695610068	0.004463825023614561	0.01606319623704873	351
0.0027237328430798537	0.002919244269251621	0.0038142626052677974	0.013443357813682565	352
0.002217152781619741	0.002432660974596879	0.0030971614495933666	0.010080566244269416	353
0.0017298750080597847	0.0019520220104075712	0.0023391983309155166	0.006180177252704332	354
0.001273655857737802	0.0014884352073537086	0.00157076704808168	0.0019900824655808428	355
0.0008589108372712898	0.0010526037862268794	0.0008239311338988263	-0.0022184849911417942	356
0.0004942415736816871	0.0006543291977880344	0.00013021078096654628	-0.006172071598291017	357
0.00018605451244247783	0.0003020422877933719	-0.0004816183169576274	-0.009616278558712072	358
-6.170581685977709e-05	2.392807228175078e-06	-0.0009875364786895945	-0.01233541029738356	359
-0.0002476926565452587	-0.00024007521976353568	-0.0013699394306330996	-0.014168862333740331	360
-0.00037315346070616396	-0.0004231394512640694	-0.0016188123167962315	-0.015022902133216531	361
-0.00044178691012016283	-0.0005469902786631655	-0.0017323256506701385	-0.014876899234198573	362
-0.00045946919521198503	-0.0006141887773287356	-0.001716808948405834	-0.013783542728970252	363
-0.0004338665210314105	-0.0006294922409615888	-0.0015861097703603352	-0.01186310229154183	364
-0.00037395801276639837	-0.0005995570358050255	-0.0013603969192291707	-0.009292297686776259	365
-0.0002894988585739871	-0.0005325370291980938	-0.001064512164702703	-0.006288796498887626	366
-0.00019045719747034064	-0.0004376031567682303	-0.0007260111564081017	-0.0030927212147085063	367
-8.645966628875517e-05	-0.0003244152075547765	-0.00037305806733826897	5.321610702089478e-05	368
1.3720449069502122e-05	-0.0002025801790273441	-3.2348014808579895e-05	0.0029232401887565066	369
0.00010260179008597051	-8.113231423831357e-05	0.00027277424527628186	0.005326046003641699	370
0.00017433490821101155	3.1931887839444124e-05	0.0005238508088608197	0.007118886878463829	371
0.00022492535421266176	0.00013003466200989851	0.0007083861950600446	0.008217090689335956	372
0.00025232975591176886	0.0002082913125529412	0.0008203878163297517	0.008598297782877249	373
0.000256423505851428	0.00026366321912344413	0.0008603447649639601	0.008301190302405262	374
0.0002388473434520623	0.00029498379139061663	0.0008346673465704215	0.007418971589132839	375
0.00020274807985486403	0.00030286087810110513	0.0007546558806002385	0.006088312641005308	376
0.00015243541670322425	0.00028946791728010936	0.0006351064306190151	0.00447486984109417	377
9.298179472221318e-05	0.0002582437738604497	0.0004926899697479965	0.002756760709462366	378
2.9795153085548573e-05	0.00021352717233665604	0.0003442576384946423	0.001107538428110913	379
-3.180477609893498e-05	0.0001601554629108914	0.00020522698654722865	-0.0003197807344216194	380
-8.697746687796448e-05	0.00010305890596439904	8.81924410634804e-05	-0.0014062095357548435	381
-0.00013169420143834855	4.6880663725961357e-05	1.8789877834603577e-06	-0.0020766271126752634	382
-0.00016299177753511997	-4.350610370896808e-06	-4.9476423327783105e-05	-0.0023051427672857476	383
-0.0001791332965128188	-4.747397230467419e-05	-6.627265631368616e-05	-0.002115591690833079	384
-0.00017966924409841653	-8.036034824510855e-05	-5.32227734111819e-05	-0.0015772220376239542	385
-0.00016539952257070068	-0.00010198052656126236	-1.8607977395358136e-05	-0.0007960748098970236	386
-0.00013824419705003508	-0.00011237782526195246	2.6809321363281452e-05	9.705172143213551e-05	387
-0.00010103697379238672	-0.00011255387282271763	7.109948276474813e-05	0.0009608576638466559	388
-5.726040940436648e-05	-0.00010428255135506954	0.00010257354965673995	0.0016586313446282147	389
-1.0745242259870306e-05	-8.987227288224345e-05	0.00011114529392106858	0.002072726265329193	390
3.46421436239402e-05	-7.190002204330247e-05	8.951393456047994e-05	0.002117050351606299	391
7.530031270946026e-05	-5.294179537045844e-05	3.40526928205774e-05	0.0017463904819370536	392
0.00010815955116673663	-3.5323168376519406e-05	-5.468258882870727e-05	0.0009616993848656518	393
0.00013089638762282742	-2.091087143197537e-05	-0.00017187381698849564	-0.00018914627787222724	394
0.0001420820783314883	-1.0961755973663964e-05	-0.00030879812307852534	-0.001615183925109389	395
0.00014125673356660517	-6.039814598777864e-06	-0.00045358919370749737	-0.0031904393233482147	396
0.00012892660147121248	-6.005501860145246e-06	-0.000592331194028515	-0.004765485799072878	397
0.00010648780412848418	-1.0075050349943467e-05	-0.0007103828112788363	-0.006181416601299072	398
7.60851218302934e-05	-1.6941347504753515e-05	-0.0007938073275276228	-0.007284937696236948	399
4.041888198460673e-05	-2.4942739852019296e-05	-0.0008307745035115693	-0.007943186252670448	400
2.516342019715542e-06	-3.226227829152819e-05	-0.0008128022603568963	-0.008056905379466147	401
-3.451403240634847e-05	-3.71377011221494e-05	-0.0007357204023066473	-0.007570755162337564	402
-6.772639246901383e-05	-3.806201599503294e-05	-0.0006002635659508137	-0.006479799393889157	403
-9.456123175737431e-05	-3.395587897140522e-05	-0.00041223389398937593	-0.004831552493925634	404
-0.00011303289606880715	-2.429592024483446e-05	-0.00018221256575908363	-0.0027233703506766606	405
-0.00012186793886259824	-9.187441318321641e-06	7.516022724534006e-05	-0.00029538595032384957	406
-0.0001205853884624266	1.062488794444311e-05	0.0003422786277116315	0.0022804118252453226	407
-0.00010951451353905092	3.3809036818365727e-05	0.0005999461531617477	0.004814015405769333	408
-8.975037497398371e-05	5.855539343636515e-05	0.0008289156002079202	0.007112953731320501	409
-6.30520000977899e-05	8.273425924022661e-05	0.0010114621549973408	0.008998217791802847	410
-3.1692096772773654e-05	0.00010408681583787011	0.0011328548456597037	0.010319179240437275	411
1.7294311661589928e-06	0.00012043241919346137	0.0011826000877546454	0.010966216856982887	412
3.449351219239876e-05	0.00012987368367367667	0.0011553506657400328	0.010879970115428066	413
6.39755250257893e-05	0.00013098103452027776	0.0010514022577445513	0.010056436890803449	414
8.784841429273875e-05	0.00012294019413709723	0.0008767349550828822	0.00854749619743917	415
0.00010426022362645341	0.00010564925727975672	0.0006425960111998228	0.0064568340040566975	416
0.00011197303920550822	7.975632078240612e-05	0.0003646588723046117	0.003931645273108299	417
0.00011045331462157439	4.663369367329407e-05	6.182902876443117e-05	0.0011508436983565518	418
9.990721526917552e-05	8.290094859640315e-06	-0.0002452036475823517	-0.0016891988485531109	419
8.125871792046078e-05	-3.277250215069725e-05	-0.00053554608329598	-0.004390162995827413	420
5.6072442098433276e-05	-7.37460296202459e-05	-0.0007896867992095383	-0.006767232799548921	421
2.6427278314666326e-05	-0.00011173240314243764	-0.0009909556467234655	-0.008663202027859345	422
-5.24947228749701e-06	-0.00014397094050411924	-0.0011267418903296031	-0.009960086577344053	423
-3.637478039625677e-05	-0.00016805850935512926	-0.0011893757698247568	-0.010587326442359685	424
-6.441468573336988e-05	-0.0001821442860376072	-0.0011766080271993508	-0.010525968221860638	425
-8.70855256083743e-05	-0.00018508298981445418	-0.0010916562151452654	-0.009808573340214552	426
-0.00010253608287250201	-0.00017653376141954567	-0.0009428228946142042	-0.008514966080039987	427
-0.00010949646425737972	-0.0001569962123256149	-0.0007427259484152021	-0.006764286577028009	428
-0.00010738191748663423	-0.00012778022785216376	-0.000507212224119683	-0.004704116728093604	429
-9.634311198589542e-05	-9.091145472417026e-05	-0.0002540500313589284	-0.00249767602024504	430
-7.725841777034411e-05	-4.897961113622528e-05	-1.5117473579570346e-06	-0.00031022116996862973	431
-5.16681374992746e-05	-4.9414058008278965e-06	0.0002330361946662773	0.001704181685368726	432
-2.1655156188325492e-05	3.8106432260741514e-05	0.0004344226092613067	0.0034144112621505114	433
1.03192670137431e-05	7.716602919233696e-05	0.0005907401484896197	0.004721632707302327	434
4.16121617792417e-05	0.00010957011603391048	0.0006941144690393053	0.00556552646692204	435
6.961276269035248e-05	0.00013318809847819897	0.0007411225063861627	0.005926997712099988	436
9.195680179670181e-05	0.000146589860902687	0.0007328390742526589	0.00582727951241121	437
0.0001067239145487156	0.00014915402863956563	0.0006745224323346419	0.0053236603589845895	438
0.00011260186948921228	0.0001411118059675616	0.0005749789309939731	0.004502353349809638	439
0.00010900363260653409	0.00012352263999544974	0.0004456719058400153	0.003469255669481867	440
9.612676545017588e-05	9.818342715426292e-05	0.00029965867274435367	0.0023395038771329567	441
7.49490921010902e-05	6.747834485748647e-05	0.00015045039556811624	0.001226801143373554	442
4.715962794676334e-05	3.4181226074984894e-05	1.0892110697389328e-05	0.0002334732562329436	443
1.5029053282049354e-05	1.2263075628802795e-06	-0.00010784561098196345	-0.0005578944912231238	444
-1.8770887521838233e-05	-2.8534148672837802e-05	-0.00019708519299110351	-0.0010905653210273188	445
-5.13852013210251e-05	-5.2565662747467985e-05	-0.00025121198623747975	-0.001337062270676858	446
-8.001334777495833e-05	-6.886145900506337e-05	-0.0002679603774718628	-0.00129970543055842	447
-0.00010214736616271172	-7.610914158066937e-05	-0.0002484063840670185	-0.0010083685380219143	448
-0.00011579039495729782	-7.380014513754039e-05	-0.0001966822875478024	-0.0005158004988412863	449
-0.00011963664547161518	-6.227254042265524e-05	-0.00011945163905387104	0.00010893170341702216	450
-0.00011319661727321093	-4.268315383161049e-05	-2.52014283500904e-05	0.0007881708033331729	451
-9.685552944152217e-05	-1.6910736500322832e-05	7.65790640148774e-05	0.0014437799938842627	452
-7.185828408630152e-05	1.2602372199766896e-05	0.00017625706309074517	0.002004845732842478	453
-4.0220361734001576e-05	4.3057465740143925e-05	0.00026487774395523634	0.0024142532014676944	454
-4.5703769869984406e-06	7.153874349202945e-05	0.0003348804378236885	0.0026335519799974135	455
3.206393859164953e-05	9.526491719612945e-05	0.00038065435417326224	0.0026457170408196846	456
6.650934270136541e-05	0.00011183213195138967	0.0003988953758205522	0.0024556289587586437	457
9.571937978517203e-05	0.00011942760389483005	0.00038874477874809813	0.0020883255813136346	458
0.00011704224582622725	0.00011699551679591937	0.0003517107023548083	0.0015852932522446442	459
0.00012846081112087473	0.00010434043518816325	0.0002913920593403495	0.0009992487646679716	460
0.00012878313894159504	8.215850585226311e-05	0.00021304072029013088	0.0003879968935355804	461
0.00011776553458719052	5.1992642340257644e-05	0.00012300994592732593	-0.0001919788980693322	462
9.615554702571271e-05	1.6114244317787262e-05	2.8144297387373536e-05	-0.0006915285952016634	463
6.564900709056987e-05	-2.2659727075648563e-05	-6.483176440295028e-05	-0.0010738455477665434	464
2.8762576954470846e-05	-6.119984222993343e-05	-0.0001498725816385187	-0.0013179860640102061	465
-1.136922395861609e-05	-9.632843854300813e-05	-0.0002220711303314788	-0.0014205728953483783	466
-5.125662198944146e-05	-0.00012509293549732093	-0.0002779853315746923	-0.001395547744244455	467
-8.735519202459697e-05	-0.00014502493540313743	-0.000315810194295535	-0.0012720382784303353	468
-0.00011637884079904485	-0.00015436253905916342	-0.00033539022676464826	-0.0010905952272236945	469
-0.00013559771840538813	-0.00015221597025520976	-0.0003380813179955798	-0.0008982166350589692	470
-0.00014309416315788528	-0.00013866103173639356	-0.00032648442124794	-0.0007426940031933643	471
-0.00013795275994882305	-0.00011475077583253369	-0.000304083773188255	-0.0006668780955788704	472
-0.00012036579541170568	-8.244260211543136e-05	-0.0002748292584348579	-0.0007034652838235401	473
-9.164242836073177e-05	-4.444523305570554e-05	-0.00024270544269719126	-0.0008708489724395378	474
-5.41181866368978e-05	-3.997056474337301e-06	-0.00021132869004799107	-0.0011704710960696212	475
-1.0970244774712555e-05	3.5406450168295415e-05	-0.00018360895735101274	-0.0015859571518368277	476
3.4047448932976454e-05	7.03136429632662e-05	-0.00016150494604942134	-0.002084139831158274	477
7.69275266560925e-05	9.762038413278491e-05	-0.0001458911582928762	-0.002617888531581007	478
0.00011376349766477334	0.00011484998031387151	-0.00013654407483196717	-0.0031304830261547605	479
0.00014110389386207903	0.00012038429694166339	-0.00013224322440637997	-0.0035611164586792027	480
0.00015627432305093808	0.00011362457741810085	-0.00013097238130096783	-0.003851000072488291	481
0.00015763750664586369	9.506608798563439e-05	-0.00013019740702543275	-0.003949480134866143	482
0.00014476616477696698	6.627784570286711e-05	-0.00012719103379685726	-0.0038195719346585345	483
0.00011851081418171299	2.978679000063475e-05	-0.00011937160461100802	-0.0034423666776655006	484
8.095357980289833e-05	-1.1125852121075808e-05	-0.00010462258932554883	-0.002819869435800702	485
3.5249221483189645e-05	-5.270030768170578e-05	-8.156246255425475e-05	-0.001975970112830604	486
-1.4635146094971012e-05	-9.102360809493549e-05	-4.9739880915154223e-05	-0.0009554209942355136	487
-6.426064063545442e-05	-0.00012237703564076455	-9.736455096606006e-06	0.0001791222651167483	488
-0.0001091086314503548	-0.00014357541852646084	3.6831943267997755e-05	0.0013517614142519547	489
-0.00014498985236471775	-0.00015226788351459415	8.741525828966003e-05	0.0024793270599988444	490
-0.0001684337878133141	-0.00014717221600728247	0.000138721777573438	0.0034781492482856505	491
-0.0001770223227147965	-0.00012822006205286812	0.00018698633848305505	0.004271041626914792	492
-0.0001696357706902061	-9.65974648866226e-05	0.00022829120813660717	0.004793892414906628	493
-0.00014658654852276213	-5.467408585367421e-05	0.0002589124413029534	0.005001288328086232	494
-0.00010962537770224873	-5.824180953106859e-06	0.00027566261696651854	0.004870681144579397	495
-6.181615447406344e-05	4.584784593625324e-05	0.0002762012922989318	0.0044047326747231755	496
-7.287551353381272e-06	9.585557964272504e-05	0.0002592871636854879	0.0036316307700153087	497
4.911908007853086e-05	0.00013972343156689725	0.00022495050199515098	0.002603342357926387	498
0.00010227591127851769	0.0001733902925096292	0.00017457052367169865	0.001391943820329652	499
0.00014723177086948223	0.00019358808688462858	0.00011084947756328026	8.432907441504808e-05	500
0.0001796706680749086	0.0001981604326342654	3.768283583091125e-05	-0.0012242721938065717	501
0.00019632349246150038	0.0001862908776141866	-4.0067458908232996e-05	-0.0024374404129616153	502
0.00019529386962433004	0.00015861732077098335	-0.00011688271923435741	-0.003464803086954748	503
0.0001762660199954736	0.00011721869198929973	-0.00018696020464431008	-0.0042287913761946405	504
0.00014057247845260853	6.547098863119577e-05	-0.0002446240755800671	-0.004670393867142181	505
9.111184931593578e-05	7.781414840145849e-06	-0.0002847468090375533	-0.004753476008589025	506
3.212032222240724e-05	-5.0779380463526064e-05	-0.0003031519401427247	-0.00446735746706813	507
-3.118575663038506e-05	-0.000104917140403042	-0.00029696948477670165	-0.0038274847299701407	508
-9.306662729989491e-05	-0.00014958860271352317	-0.0002649176842040718	-0.002874189692183659	509
-0.00014777561079991255	-0.0001804691744296009	-0.00020748867632256049	-0.001669673533388938	510
-0.0001900892479729725	-0.00019437119659135478	-0.00012702114308184385	-0.0002934867489928542	511
