#E  c	S   khi	temperatura
-4.0	0.0	1.0	0.0	0.05
-4.0	0.0	1.0	0.0	0.1
-4.0	0.0	1.0	0.0	0.15
-4.0	0.0	1.0	0.0	0.2
-4.0	0.0	1.0	0.0	0.25
-4.0	0.0	1.0	0.0	0.3
-4.0	0.0	1.0	0.0	0.35
-4.0	0.0	1.0	0.0	0.4
-4.0	0.0	1.0	0.0	0.45
-4.0	0.0	1.0	0.0	0.5
-4.0	0.0	1.0	0.0	0.55
-4.0	0.0	1.0	0.0	0.6
-4.0	0.0	1.0	0.0	0.65
-4.0	0.0	1.0	0.0	0.7
-4.0	0.0	1.0	0.0	0.75
-4.0	0.0	1.0	0.0	0.8
-4.0	0.0	1.0	0.0	0.85
-3.9992	7.822222222271713e-10	0.9998	4.400000000027838e-11	0.9
-3.9983999999999997	1.389916897523274e-09	0.9995999999999999	8.25263157904444e-11	0.95
-3.9972000000000003	2.6415999999684915e-09	0.9992	2.3360000000027804e-10	1.0
-3.9976	1.6892517006934012e-09	0.9994	1.1085714285800445e-10	1.05
-3.9876	8.382148760374157e-09	0.9968	6.341818181830983e-10	1.1
-3.992	4.35538752366071e-09	0.998	3.130434782631135e-10	1.15
-3.9879999999999995	6.555555555583699e-09	0.9969999999999999	4.916666666687775e-10	1.2
-3.9888	7.184384000004229e-09	0.997	6.64000000000442e-10	1.25
-3.9748000000000006	1.2053017751510025e-08	0.9930000000000001	1.3153846153874254e-09	1.3
-3.9723999999999995	1.1008175583058888e-08	0.9927999999999999	1.097481481486066e-09	1.35
-3.9704	1.2835918367387963e-08	0.9917999999999999	1.6054285714328654e-09	1.4
-3.9668	1.233655172417965e-08	0.9912000000000002	1.396965517242654e-09	1.45
-3.945599999999999	2.1549511111192348e-08	0.9848000000000002	2.886400000001732e-09	1.5
-3.9507999999999996	1.8761123829388167e-08	0.9867999999999998	2.2823225806507673e-09	1.55
-3.9191999999999996	3.3497500000055626e-08	0.9755999999999999	6.579000000005858e-09	1.6
-3.9139999999999993	2.8841138659384806e-08	0.9755999999999997	4.731151515157566e-09	1.65
-3.896000000000001	3.986159169551702e-08	0.9702	6.423294117651647e-09	1.7
-3.8808000000000016	3.9181583673495175e-08	0.9632000000000001	8.764342857148221e-09	1.75
-3.8692000000000006	3.5936296296337044e-08	0.9613999999999998	7.122444444452992e-09	1.8
-3.8492000000000006	4.757738495253848e-08	0.9509999999999998	2.1378378378384006e-08	1.85
-3.8224	5.782337950142299e-08	0.8877999999999999	5.629850526315827e-07	1.9
-3.7891999999999997	5.9317186061839176e-08	0.8935999999999996	3.6824123076923724e-07	1.95
-3.782800000000001	6.538040000001467e-08	0.8491999999999997	7.016568000000045e-07	2.0
-3.6947999999999985	8.693149315887777e-08	0.8395999999999995	3.9601873170732203e-07	2.05
-3.6643999999999988	7.545723356013595e-08	0.6188000000000001	1.9342788571428586e-06	2.1
-3.619200000000002	9.210461871281164e-08	0.5662	1.8739979534883736e-06	2.15
-3.5483999999999987	1.2154016528927753e-07	0.4012000000000001	2.3446116363636374e-06	2.2
-3.518000000000001	1.1196839506172962e-07	0.2352000000000001	2.580057600000001e-06	2.25
-3.4576000000000007	1.2874525519849212e-07	0.07840000000000004	2.4782149565217413e-06	2.3
-3.3464	1.2314538705297702e-07	0.07520000000000002	1.996293446808512e-06	2.35
-3.3419999999999974	1.3063194444447467e-07	-0.05179999999999998	1.9805365e-06	2.4
-3.2099999999999977	1.0450978758852624e-07	0.022	1.5886530612244896e-06	2.45
-3.1795999999999993	1.1527654400000813e-07	-0.03339999999999999	1.3595537600000003e-06	2.5
-3.1115999999999997	1.1974692810458072e-07	0.0342	1.200291607843137e-06	2.55
-3.0852000000000017	1.0459905325442625e-07	0.03279999999999998	1.114169846153846e-06	2.6
-3.0052000000000008	7.494333926664017e-08	-0.020199999999999985	7.589281509433961e-07	2.65
-2.9648000000000008	7.064054869683727e-08	-0.035799999999999985	6.734013333333332e-07	2.7
-2.9295999999999998	6.618425123967421e-08	-0.01620000000000001	6.018820363636365e-07	2.75
-2.9263999999999992	6.688653061225099e-08	-0.05540000000000001	6.462529999999998e-07	2.8
-2.8784000000000005	5.2749079716838974e-08	0.0368	5.149956491228071e-07	2.85
-2.941999999999999	6.21117717003659e-08	0.026400000000000014	6.51969103448276e-07	2.9
-2.8591999999999995	4.208372306809217e-08	-0.019600000000000003	3.5644691525423744e-07	2.95
-2.8215999999999997	3.962382222222634e-08	-0.0328	3.2809386666666656e-07	3.0
-2.8164000000000002	3.416182746573786e-08	0.0708	3.4207003278688525e-07	3.05
-2.7676000000000003	3.1357169614984134e-08	-0.002399999999999995	2.834910967741936e-07	3.1
-2.7699999999999996	4.3162509448228296e-08	0.003400000000000003	2.983379047619048e-07	3.15
-2.7255999999999996	3.587562500000605e-08	-0.0049999999999999975	2.516843750000001e-07	3.2
-2.7204	3.100765917159719e-08	0.0004000000000000159	2.1343950769230755e-07	3.25
-2.7332	2.4008962350783307e-08	-0.016800000000000016	2.0922957575757562e-07	3.3
-2.7183999999999986	2.8283751392301973e-08	-0.045599999999999995	2.34915343283582e-07	3.35
-2.662400000000001	3.3226851211065886e-08	0.03299999999999999	1.8426764705882343e-07	3.4
-2.657199999999999	1.828872925856186e-08	0.010799999999999997	1.5530249275362317e-07	3.45
-2.655199999999999	2.3608946938780402e-08	-0.009800000000000001	1.5852559999999985e-07	3.5
-2.659199999999999	1.8116532434046214e-08	0.004999999999999996	1.467802816901408e-07	3.55
-2.6319999999999997	2.064197530864343e-08	0.04959999999999999	1.3367733333333333e-07	3.6
-2.6355999999999993	1.544202664665251e-08	-0.0019999999999999957	1.5233972602739719e-07	3.65
-2.6068000000000002	2.106191380569656e-08	-0.0058000000000000005	1.5886043243243238e-07	3.7
-2.6096	2.1097130666666746e-08	0.0025999999999999986	1.4057930666666655e-07	3.75
-2.5811999999999995	2.1749695290857937e-08	-0.005399999999999996	1.329653684210526e-07	3.8
-2.5888000000000004	1.7898842975204424e-08	0.0053999999999999986	1.1710867532467532e-07	3.85
-2.5652000000000004	1.7770519395131853e-08	-0.015399999999999995	8.418164102564101e-08	3.9
-2.5476	1.8411305880467955e-08	0.027200000000000012	1.1294217721518988e-07	3.95
-2.552	1.945999999999837e-08	-0.0011999999999999934	1.1093639999999995e-07	4.0
-2.561599999999999	1.7790848955953124e-08	0.009799999999999996	1.2293323456790124e-07	4.05
-2.5407999999999995	1.704661511005626e-08	-0.004000000000000006	8.273170731707318e-08	4.1
-2.5364	2.0012797212948176e-08	0.0174	1.1068250602409637e-07	4.15
-2.527999999999999	1.3551020408165237e-08	-0.02540000000000001	1.0275914285714281e-07	4.2
-2.533199999999999	1.4014538408306199e-08	-0.0014000000000000015	9.869656470588229e-08	4.25
-2.556799999999999	1.6487701460250902e-08	-0.017200000000000014	9.587013953488365e-08	4.3
-2.5020000000000007	1.2537455410222915e-08	-0.002800000000000001	8.822105747126436e-08	4.35
-2.4931999999999994	1.2827355371900788e-08	0.0186	7.796827272727269e-08	4.4
-2.5084000000000013	1.495237470016086e-08	-0.010800000000000006	6.745923595505617e-08	4.45
-2.476000000000001	1.3218765432094661e-08	-0.0374	8.257164444444443e-08	4.5
-2.4464000000000006	1.1402989977054153e-08	0.010400000000000003	6.029854945054943e-08	4.55
-2.4807999999999995	1.1810661625712883e-08	-0.004999999999999996	8.052826086956522e-08	4.6
-2.468399999999999	1.1192711296106326e-08	-0.0038000000000000056	8.004636559139786e-08	4.65
-2.486400000000001	1.2164345857851647e-08	-0.007000000000000002	7.600638297872342e-08	4.7
-2.4428	1.0867660941827375e-08	-0.011200000000000002	6.001381052631579e-08	4.75
-2.428000000000001	8.437499999997451e-09	-0.0126	5.716091666666666e-08	4.8
-2.4572	9.022918482303443e-09	0.023399999999999997	6.048750515463919e-08	4.85
-2.448400000000001	9.879816743020818e-09	0.0020000000000000013	6.874285714285713e-08	4.9
-2.4356	9.28421181512004e-09	-0.007799999999999997	4.601042424242424e-08	4.95
-2.408	1.2313599999999525e-08	0.0168	4.535552e-08	5.0
-2.4368	9.105679835310343e-09	-0.008999999999999992	5.700396039603961e-08	5.05
-2.4271999999999987	8.893564013842308e-09	0.018	4.449411764705883e-08	5.1
-2.4504000000000006	1.008194551795455e-08	0.016800000000000006	4.78092427184466e-08	5.15
-2.4268	1.1065739644969639e-08	-0.0118	4.613992307692308e-08	5.2
-2.4048	6.853137414964681e-09	-0.016400000000000005	6.126293333333332e-08	5.25
-2.4079999999999995	9.683161267354812e-09	-0.0106	4.990875471698112e-08	5.3
-2.4271999999999996	7.847029434885631e-09	-0.014400000000000001	5.393764485981308e-08	5.35
-2.3924000000000007	7.843017832645191e-09	0.004399999999999997	4.147525925925927e-08	5.4
-2.3739999999999997	8.795219257637734e-09	-0.017200000000000003	4.632689908256881e-08	5.45
-2.3836000000000004	6.062492561982251e-09	0.018799999999999997	4.085556363636363e-08	5.5
-2.3876	8.858449801152653e-09	-0.0088	5.2357765765765767e-08	5.55
-2.369600000000001	6.776734693874621e-09	-0.017799999999999993	3.9998500000000006e-08	5.6
-2.3816	6.279407941106977e-09	0.020799999999999996	4.022541592920354e-08	5.65
-2.3908	7.3165158510306826e-09	-0.02099999999999999	4.654561403508771e-08	5.7
-2.354799999999999	7.652464272212269e-09	-0.014400000000000001	3.952806956521739e-08	5.75
-2.3659999999999997	7.004756242567951e-09	-0.004200000000000001	4.1010965517241385e-08	5.8
-2.3608000000000007	4.890162904520381e-09	2.7755575615628914e-19	3.4092307692307696e-08	5.85
-2.3564	5.718770468255638e-09	-0.005200000000000002	4.456433898305084e-08	5.9
-2.3712	6.4545046253786115e-09	0.0068	4.1092033613445377e-08	5.95
-2.3164	6.445288888888228e-09	-0.028200000000000013	3.2521266666666674e-08	6.0
-2.3204	5.066276893654435e-09	-0.009999999999999998	2.694214876033058e-08	6.05
-2.3248	5.471905401773146e-09	0.0236	3.437875409836067e-08	6.1
-2.3408	6.044909775925999e-09	0.011400000000000004	3.9665105691056914e-08	6.15
-2.3280000000000007	6.160249739852623e-09	0.005000000000000005	3.955322580645163e-08	6.2
-2.336	5.34937599999921e-09	0.017399999999999992	3.838278400000002e-08	6.25
-2.3300000000000005	5.04207608969411e-09	-0.0026000000000000034	3.067498412698413e-08	6.3
-2.329200000000001	6.4111501022981925e-09	-0.013800000000000002	3.717411023622049e-08	6.35
-2.307199999999999	4.163125000000537e-09	-0.0032000000000000006	2.6384e-08	6.4
-2.3191999999999995	5.499515654107569e-09	0.009199999999999996	2.611373643410854e-08	6.45
-2.3160000000000007	6.275029585797629e-09	-0.029000000000000005	3.505692307692309e-08	6.5
-2.330799999999999	4.369759338033886e-09	0.003399999999999998	3.532280916030535e-08	6.55
-2.3316	5.364885215794249e-09	0.0188	3.6725090909090904e-08	6.6
-2.3176000000000005	5.519868845043317e-09	0.003800000000000002	3.283843609022556e-08	6.65
-2.2960000000000007	4.783247939405695e-09	0.0018000000000000021	2.9481731343283593e-08	6.7
-2.3235999999999994	6.068815363511529e-09	-0.02860000000000001	3.183709629629631e-08	6.75
-2.3232000000000004	6.080830449825404e-09	0.008400000000000008	3.569623529411764e-08	6.8
-2.312000000000001	5.0875379615307775e-09	0.011199999999999996	3.010008759124088e-08	6.85
-2.2848000000000006	4.942020583909668e-09	-0.0092	2.860776811594204e-08	6.9
-2.34	3.3886444800988093e-09	-0.021400000000000006	3.295833093525182e-08	6.95
-2.3012	4.300114285713394e-09	-0.0026000000000000016	3.0190342857142845e-08	7.0
-2.3108	4.512320305819271e-09	0.0262	3.364192907801418e-08	7.05
-2.2919999999999994	3.0755802420163467e-09	-0.0014000000000000006	2.31127323943662e-08	7.1
-2.2864	5.274984595822833e-09	0.0086	2.217907692307693e-08	7.15
-2.2812	4.515154320986748e-09	-0.0038000000000000035	2.3685500000000007e-08	7.2
-2.2763999999999993	3.762956480380409e-09	0.007000000000000002	2.335310344827587e-08	7.25
-2.2808000000000015	3.344597485454842e-09	0.0016000000000000048	2.5410191780821922e-08	7.3
-2.2504000000000004	4.179710305890184e-09	-0.005799999999999993	2.6093006802721086e-08	7.35
-2.2812	3.7835208181148745e-09	-0.014199999999999997	2.069508108108108e-08	7.4
-2.2792000000000003	4.433558848700042e-09	0.0166	2.8295892617449672e-08	7.45
-2.267600000000001	3.843953777776537e-09	0.0136	2.6654720000000006e-08	7.5
-2.2548000000000004	4.141039428094657e-09	-0.006199999999999992	2.6561006622516555e-08	7.55
-2.2479999999999998	3.3074792243765023e-09	-0.0108	3.032021052631579e-08	7.6
-2.262	3.4960912469559816e-09	0.020600000000000004	2.1913254901960788e-08	7.65
-2.247600000000001	3.441767583064752e-09	0.009599999999999997	2.4534857142857147e-08	7.7
-2.2824000000000013	4.06946763787602e-09	0.020999999999999998	2.4303225806451607e-08	7.75
-2.2776	4.674924391846658e-09	0.021199999999999997	2.7793025641025635e-08	7.8
-2.2819999999999996	3.5798612519772947e-09	-0.012199999999999997	2.6505936305732485e-08	7.85
-2.290000000000001	3.750040057681673e-09	-0.0182	2.3362987341772148e-08	7.9
-2.2644000000000006	3.786660337802101e-09	-0.005000000000000004	2.7616352201257874e-08	7.95
-2.2540000000000022	2.4518749999981327e-09	0.004799999999999999	2.1341200000000006e-08	8.0
-2.270800000000001	3.890491879170114e-09	0.019799999999999995	2.5614857142857145e-08	8.05
-2.238000000000001	2.9623532998008795e-09	-0.026799999999999994	2.2244148148148155e-08	8.1
-2.2680000000000016	2.743648613043944e-09	-0.0008000000000000007	1.8865472392638045e-08	8.15
-2.2380000000000013	3.138013087446579e-09	0.0014000000000000006	1.7446390243902444e-08	8.2
-2.2248000000000014	2.4813898989887504e-09	0.023000000000000007	2.10460606060606e-08	8.25
-2.2584	2.3430744665401133e-09	0.0104	1.745040963855422e-08	8.3
-2.2308000000000003	3.574650937645134e-09	0.001000000000000001	2.0027544910179643e-08	8.35
-2.253199999999999	2.4310884353741837e-09	0.0184	2.0539809523809535e-08	8.4
-2.258800000000001	4.205813521934533e-09	-0.013600000000000003	3.0228449704142015e-08	8.45
-2.2508000000000004	2.5947903114180537e-09	-0.02320000000000001	1.829383529411764e-08	8.5
-2.2656	3.1977894052865425e-09	0.012999999999999994	1.9100584795321645e-08	8.55
-2.2379999999999995	2.8355868036774824e-09	-0.007000000000000001	1.9826744186046516e-08	8.6
-2.2284000000000006	3.0249510508195477e-09	-0.006000000000000005	1.8196531791907514e-08	8.65
-2.2535999999999996	3.209808429118561e-09	-0.007600000000000001	2.363935632183909e-08	8.7
-2.2388	2.2129057959178375e-09	0.004000000000000003	2.1229714285714292e-08	8.75
-2.2008000000000005	3.173471074379827e-09	-0.007800000000000001	1.572631818181818e-08	8.8
-2.2208000000000006	3.3685543745405467e-09	-0.010599999999999998	1.768546892655368e-08	8.85
-2.2300000000000004	3.3142280015141117e-09	0.022600000000000002	1.532274157303371e-08	8.9
-2.2299999999999995	2.973689959739162e-09	-0.0168	1.4156156424581012e-08	8.95
-2.2175999999999996	2.2254617283953047e-09	-0.0016000000000000033	2.1552711111111117e-08	9.0
-2.2420000000000018	2.4512072281051233e-09	0.003999999999999998	1.767071823204421e-08	9.05
-2.2228000000000003	2.5359449341862425e-09	-0.007000000000000001	1.6135164835164836e-08	9.1
-2.2024	2.3346460031649456e-09	-0.010000000000000002	1.909071038251367e-08	9.15
-2.218400000000001	2.7841965973524018e-09	0.0106	1.9021347826086967e-08	9.2
-2.2240000000000006	2.206574141708577e-09	-0.0030000000000000005	1.7274594594594604e-08	9.25
-2.191200000000001	1.977865649207307e-09	-0.0018000000000000004	1.6009419354838717e-08	9.3
-2.2092	1.8918882438728784e-09	-0.0007999999999999996	1.6487016042780755e-08	9.35
-2.2276000000000002	2.6788411045717464e-09	0.011000000000000001	1.7901063829787243e-08	9.4
-2.246400000000001	2.131075837741784e-09	0.014600000000000002	1.9706708994708998e-08	9.45
-2.2248	2.2152864265925706e-09	-0.024200000000000003	1.807406315789474e-08	9.5
-2.2035999999999993	2.5686839724787827e-09	-0.02160000000000001	2.214601047120419e-08	9.55
-2.2020000000000004	1.8033854166661453e-09	-0.0032	1.7397666666666672e-08	9.6
-2.2032000000000007	2.5692781014250666e-09	0.017200000000000003	1.7749388601036276e-08	9.65
-2.2111999999999994	2.4557933893078734e-09	0.026399999999999996	1.9042309278350526e-08	9.7
-2.2232000000000003	1.7644980933593017e-09	-0.01	1.4092307692307697e-08	9.75
-2.2152	2.0917284464803367e-09	0.019000000000000006	1.4819387755102042e-08	9.8
-2.1728000000000005	1.8136164291781665e-09	0.012999999999999998	1.7643654822335026e-08	9.85
-2.2056000000000004	1.8153902662987822e-09	0.004799999999999999	1.3948444444444439e-08	9.9
-2.2147999999999994	2.044893815812674e-09	-0.004400000000000002	1.5514211055276388e-08	9.95

-4.25	0.0	1.0	0.0	0.05
-4.25	0.0	1.0	0.0	0.1
-4.25	0.0	1.0	0.0	0.15
-4.25	0.0	1.0	0.0	0.2
-4.25	0.0	1.0	0.0	0.25
-4.25	0.0	1.0	0.0	0.3
-4.25	0.0	1.0	0.0	0.35
-4.25	0.0	1.0	0.0	0.4
-4.25	0.0	1.0	0.0	0.45
-4.25	0.0	1.0	0.0	0.5
-4.25	0.0	1.0	0.0	0.55
-4.25	0.0	1.0	0.0	0.6
-4.25	0.0	1.0	0.0	0.65
-4.25	0.0	1.0	0.0	0.7
-4.25	0.0	1.0	0.0	0.75
-4.25	0.0	1.0	0.0	0.8
-4.249149999999999	9.900000000653285e-10	0.9997999999999999	4.658823529571855e-11	0.85
-4.2483	1.7482716048945866e-09	0.9996	8.711111110966859e-11	0.9
-4.249149999999999	7.925484765065925e-10	0.9998	4.168421052541087e-11	0.95
-4.2482999999999995	1.4161000000356694e-09	0.9995999999999999	7.840000000092217e-11	1.0
-4.24745	1.9070068027219377e-09	0.9994	1.1085714285800445e-10	1.05
-4.2482999999999995	1.1703305785418753e-09	0.9996	7.127272727154701e-11	1.1
-4.2449	3.0812098298455073e-09	0.9988000000000002	1.9617391304158918e-10	1.15
-4.24575	2.383246527755863e-09	0.9989999999999999	1.5833333333418556e-10	1.2
-4.24105	5.655343999978868e-09	0.9978000000000001	4.412799999995443e-10	1.25
-4.2334000000000005	7.919763313575612e-09	0.996	6.153846153860849e-10	1.3
-4.231300000000001	7.595665294879168e-09	0.9956	5.677037037058834e-10	1.35
-4.233850000000001	6.4103443876802836e-09	0.9962000000000003	4.968571428573146e-10	1.4
-4.2209	1.4937883472050482e-08	0.9923999999999996	1.7533793103514509e-09	1.45
-4.219700000000001	1.2577377777710631e-08	0.9924000000000003	1.321600000000848e-09	1.5
-4.2124000000000015	1.513315296560161e-08	0.9904000000000001	1.62477419354984e-09	1.55
-4.200500000000002	1.711816406242683e-08	0.9876	1.8890000000042207e-09	1.6
-4.188550000000003	1.737795224967676e-08	0.9846	1.9808484848535005e-09	1.65
-4.173450000000003	2.06707525950388e-08	0.9801999999999996	2.7527058823616957e-09	1.7
-4.176050000000003	2.4098440816225535e-08	0.9810000000000002	3.1257142857166187e-09	1.75
-4.153650000000002	2.561706018513438e-08	0.9745999999999998	3.815777777783142e-09	1.8
-4.1270000000000024	3.0837107377582894e-08	0.9687999999999996	3.992216216224314e-09	1.85
-4.10445	3.857880193907757e-08	0.9601999999999993	7.81031578948336e-09	1.9
-4.088	3.24575936883637e-08	0.9567999999999995	5.691076923085257e-09	1.95
-4.075500000000001	3.850562499998489e-08	0.9531999999999995	7.0088000000079195e-09	2.0
-4.070950000000002	4.7101362284328085e-08	0.951	8.365853658540485e-09	2.05
-4.063500000000001	3.9897392290226756e-08	0.9483999999999996	8.425904761911158e-09	2.1
-4.012400000000003	5.5195759870145643e-08	0.9327999999999999	1.382400000000259e-08	2.15
-3.9437000000000015	7.637460743800052e-08	0.9107999999999997	2.0051636363641296e-08	2.2
-3.914150000000002	7.763363456786922e-08	0.8997999999999997	2.1457600000004282e-08	2.25
-3.9366000000000008	6.21813610585997e-08	0.9047999999999996	1.9412869565221573e-08	2.3
-3.8668	9.46260932548684e-08	0.8832000000000001	2.8790468085108076e-08	2.35
-3.8561999999999994	6.309472222223692e-08	0.8776	2.1642666666668124e-08	2.4
-3.758449999999999	8.530586838817636e-08	0.8337999999999998	4.5965551020411345e-08	2.45
-3.731450000000002	1.0069063599996468e-07	0.8297999999999999	5.908784000000234e-08	2.5
-3.7199499999999994	5.805266820455074e-08	0.8286000000000002	3.072172549019559e-08	2.55
-3.6280000000000006	7.507988165678825e-08	0.7920000000000001	3.8276923076922924e-08	2.6
-3.626149999999999	7.379341758632991e-08	0.7894000000000004	3.925901886792345e-08	2.65
-3.5578999999999983	8.918050754459902e-08	0.7595999999999999	6.204385185185213e-08	2.7
-3.5334000000000017	1.0407066446278872e-07	0.7416000000000003	7.062341818181863e-08	2.75
-3.498050000000001	1.2667659119897205e-07	0.7170000000000001	1.0226785714285703e-07	2.8
-3.38695	8.677925207756286e-08	0.6806000000000002	6.948645614035033e-08	2.85
-3.351849999999997	8.353071046376219e-08	0.6617999999999999	7.978193103448288e-08	2.9
-3.3036000000000008	8.690840563056428e-08	0.6256	1.1042928813559338e-07	2.95
-3.2682000000000007	6.84469555555525e-08	0.5896000000000003	8.569279999999882e-08	3.0
-3.21445	8.14312792260146e-08	0.5602	1.3000642622950778e-07	3.05
-3.1975500000000006	7.518340010405699e-08	0.5614000000000001	9.69872258064506e-08	3.1
-3.0914500000000005	8.157082136558687e-08	0.5114000000000001	1.1723822222222187e-07	3.15
-3.1034999999999995	8.620092773437696e-08	0.5068	1.432554999999997e-07	3.2
-3.1045999999999996	9.464694911243035e-08	0.5	1.3090461538461514e-07	3.25
-2.97585	6.209690312213398e-08	0.42820000000000014	1.2640230303030267e-07	3.3
-3.007699999999998	6.611424370685066e-08	0.4531999999999999	1.197425671641795e-07	3.35
-2.9588999999999985	5.964471453288346e-08	0.4324000000000002	1.099712941176467e-07	3.4
-2.8967999999999994	5.254254148288829e-08	0.39199999999999996	1.1413333333333356e-07	3.45
-2.9221	5.712578775510088e-08	0.386	1.268685714285712e-07	3.5
-2.8583499999999997	4.858363618329964e-08	0.35500000000000015	1.1176056338028127e-07	3.55
-2.8941499999999984	5.119215084877138e-08	0.37979999999999997	1.1296655555555572e-07	3.6
-2.7813999999999997	3.725429911803714e-08	0.3175999999999999	9.107463013698646e-08	3.65
-2.8082499999999997	3.426237216946753e-08	0.3114	8.980010810810802e-08	3.7
-2.7938499999999995	4.626697066666894e-08	0.3434000000000001	1.0506783999999988e-07	3.75
-2.7423	3.179100415512592e-08	0.2876000000000001	9.0184842105263e-08	3.8
-2.7837	4.3671317254174126e-08	0.2868	1.1406171428571442e-07	3.85
-2.6949500000000004	3.262771038790245e-08	0.27580000000000005	8.53393846153845e-08	3.9
-2.7418499999999995	3.754034770069203e-08	0.2889999999999999	1.0813924050632933e-07	3.95
-2.6663499999999996	2.351057968750181e-08	0.23980000000000012	9.748989999999978e-08	4.0
-2.66015	2.3948926992837127e-08	0.23420000000000002	8.549718518518509e-08	4.05
-2.6438999999999986	2.8469535990485326e-08	0.19480000000000003	1.0758282926829258e-07	4.1
-2.6428	2.3863062853826347e-08	0.24320000000000003	8.209580722891563e-08	4.15
-2.626350000000001	2.7700072278909606e-08	0.21900000000000006	7.648333333333311e-08	4.2
-2.6029999999999998	2.361245674740538e-08	0.19440000000000002	6.976150588235285e-08	4.25
-2.61905	2.6676499459168256e-08	0.20259999999999997	8.834706976744184e-08	4.3
-2.6112	2.1740023781212914e-08	0.2096	7.934675862068966e-08	4.35
-2.6209499999999992	3.0064745609507544e-08	0.2166000000000001	7.156463636363619e-08	4.4
-2.572050000000001	1.97707600050489e-08	0.17619999999999997	7.880799999999995e-08	4.45
-2.56285	1.3700062962964446e-08	0.16820000000000002	5.953946666666661e-08	4.5
-2.5607499999999987	1.5532514189110192e-08	0.18859999999999996	8.107701098901098e-08	4.55
-2.54265	1.6481676512285944e-08	0.19460000000000005	6.850182608695645e-08	4.6
-2.55405	1.4387488727019718e-08	0.17619999999999997	6.91044301075269e-08	4.65
-2.53045	1.5796309416026516e-08	0.17139999999999997	6.274476595744681e-08	4.7
-2.496350000000001	1.5284843213293286e-08	0.11979999999999999	7.25136e-08	4.75
-2.5123499999999996	1.7550879991319832e-08	0.15019999999999997	6.952491666666662e-08	4.8
-2.507449999999999	1.7575192900417194e-08	0.15300000000000002	7.481030927835043e-08	4.85
-2.5049	1.6047267805080544e-08	0.1396	6.150171428571426e-08	4.9
-2.4660000000000006	1.293480257116414e-08	0.14239999999999994	6.212977777777779e-08	4.95
-2.51	1.758639999999936e-08	0.13919999999999993	5.884671999999998e-08	5.0
-2.479150000000001	1.480012841878023e-08	0.1454	5.460364356435641e-08	5.05
-2.4796000000000005	1.4132003075739534e-08	0.12959999999999997	5.094086274509804e-08	5.1
-2.4420500000000014	1.1923290602317345e-08	0.109	6.26699029126213e-08	5.15
-2.47225	1.1377103365385403e-08	0.1466	4.777007692307691e-08	5.2
-2.4555500000000006	1.3642792743762535e-08	0.11499999999999996	5.687428571428567e-08	5.25
-2.4337999999999997	9.676062655750663e-09	0.09359999999999997	5.442837735849061e-08	5.3
-2.449150000000001	1.1250773866711688e-08	0.11819999999999997	5.63752523364486e-08	5.35
-2.4470499999999995	8.50344564471962e-09	0.11460000000000001	4.577562962962958e-08	5.4
-2.4442000000000004	7.750310579917315e-09	0.124	4.371376146788992e-08	5.45
-2.4336	1.0695054545452999e-08	0.10559999999999997	4.411752727272728e-08	5.5
-2.4373499999999995	1.063719746773934e-08	0.1334	3.7939531531531545e-08	5.55
-2.443750000000001	9.200474330355914e-09	0.12220000000000004	3.8098499999999976e-08	5.6
-2.4020500000000005	7.149360952304874e-09	0.08499999999999996	3.837699115044247e-08	5.65
-2.3966	9.112169898430041e-09	0.1143999999999999	4.376252631578948e-08	5.7
-2.4341000000000004	1.0193176559545892e-08	0.12040000000000005	4.313015652173908e-08	5.75
-2.4115000000000006	6.230157550534173e-09	0.08439999999999999	4.3290758620689666e-08	5.8
-2.4189	7.70013587552065e-09	0.1092	3.500061538461537e-08	5.85
-2.4202499999999993	8.275405774203942e-09	0.081	4.7910169491525405e-08	5.9
-2.3780500000000004	9.737150624955154e-09	0.10420000000000001	2.9449344537815114e-08	5.95
-2.4007000000000005	9.120419444443368e-09	0.0908	4.209893333333333e-08	6.0
-2.3715499999999996	6.719717915443568e-09	0.0862	3.397943801652894e-08	6.05
-2.3807500000000013	6.673122144583762e-09	0.09420000000000003	2.7662885245901636e-08	6.1
-2.37285	5.284586555622106e-09	0.10899999999999994	3.34617886178862e-08	6.15
-2.3733000000000013	8.754190946928226e-09	0.08999999999999997	4.061290322580645e-08	6.2
-2.392150000000001	7.1940166399992906e-09	0.09659999999999998	4.290630400000003e-08	6.25
-2.3455999999999997	6.3124565381714815e-09	0.08960000000000001	2.6914031746031728e-08	6.3
-2.3451500000000003	6.119096658192812e-09	0.10540000000000002	3.618085039370076e-08	6.35
-2.3494999999999995	5.583679199218978e-09	0.05879999999999999	2.5122750000000002e-08	6.4
-2.3481000000000005	5.9665621056424165e-09	0.08680000000000002	2.2849240310077505e-08	6.45
-2.38085	5.386988757396332e-09	0.11220000000000006	3.4164861538461525e-08	6.5
-2.3412500000000005	5.604379115435628e-09	0.09939999999999997	2.887883969465649e-08	6.55
-2.329300000000001	4.714304407712322e-09	0.07239999999999998	3.137915151515152e-08	6.6
-2.3154499999999993	6.322923285658234e-09	0.05700000000000001	2.654285714285714e-08	6.65
-2.330800000000001	6.3022633103131674e-09	0.04799999999999999	2.9313432835820912e-08	6.7
-2.3797999999999995	4.730855418382614e-09	0.08879999999999999	3.001268148148149e-08	6.75
-2.34565	4.495096777681387e-09	0.08340000000000002	2.984770588235293e-08	6.8
-2.3207000000000013	7.276575203792506e-09	0.0636	3.286867153284671e-08	6.85
-2.324550000000001	5.6136415668971564e-09	0.05340000000000002	2.7200637681159438e-08	6.9
-2.3374500000000005	6.265565446923384e-09	0.06340000000000001	3.3922935251798564e-08	6.95
-2.3152500000000007	4.459834183672672e-09	0.059399999999999994	2.4759485714285718e-08	7.0
-2.31185	5.60008601177027e-09	0.07779999999999998	2.4736397163120574e-08	7.05
-2.3076999999999996	4.285302519341259e-09	0.0628	2.5487549295774642e-08	7.1
-2.3150000000000004	4.697344613427874e-09	0.05680000000000002	2.7868195804195806e-08	7.15
-2.3194000000000004	5.608148148147952e-09	0.07759999999999999	3.0858666666666636e-08	7.2
-2.2994000000000008	4.371298929844998e-09	0.06639999999999999	2.174764137931035e-08	7.25
-2.303200000000001	3.9194520547941465e-09	0.07040000000000002	3.224635616438353e-08	7.3
-2.3093	5.345644870192683e-09	0.09	2.8446258503401347e-08	7.35
-2.2687	5.678014974433988e-09	0.050799999999999984	2.9042378378378377e-08	7.4
-2.2785	3.949146434845314e-09	0.0532	2.1135248322147653e-08	7.45
-2.2901000000000002	3.750575999999405e-09	0.05320000000000001	2.4023680000000004e-08	7.5
-2.2786999999999997	4.59406341827083e-09	0.0684	2.5273430463576164e-08	7.55
-2.2838500000000006	4.9490006059551275e-09	0.049	2.3119736842105263e-08	7.6
-2.3075500000000004	4.155025417574256e-09	0.0702	2.5165960784313723e-08	7.65
-2.3084000000000002	4.2501163771287835e-09	0.05440000000000004	2.453070129870129e-08	7.7
-2.29095	3.9653440166490305e-09	0.056600000000000004	2.5858632258064524e-08	7.75
-2.282150000000001	4.297851331360209e-09	0.05499999999999998	2.567564102564104e-08	7.8
-2.287000000000001	3.919266501682827e-09	0.07279999999999999	2.0978547770700648e-08	7.85
-2.258549999999999	3.846602707899843e-09	0.059799999999999985	2.0967037974683552e-08	7.9
-2.28205	3.134060757089986e-09	0.0482	2.2280201257861644e-08	7.95
-2.263200000000001	3.218243749999045e-09	0.04160000000000002	2.157680000000001e-08	8.0
-2.2620999999999993	2.453931561282903e-09	0.04520000000000001	2.072665838509317e-08	8.05
-2.2805999999999993	3.10747447035589e-09	0.07600000000000001	2.0217283950617287e-08	8.1
-2.2579499999999997	4.136783093078563e-09	0.05259999999999999	2.3456736196319018e-08	8.15
-2.2730999999999995	4.000950327186472e-09	0.02840000000000001	1.7474926829268293e-08	8.2
-2.2684999999999986	3.0564921946748196e-09	0.056399999999999985	1.9252169696969715e-08	8.25
-2.2706000000000004	3.4248279866450654e-09	0.0616	1.68258313253012e-08	8.3
-2.268249999999999	3.803892215569221e-09	0.0554	1.9466874251497014e-08	8.35
-2.266549999999999	3.6090345096378114e-09	0.04540000000000001	2.2808142857142858e-08	8.4
-2.269649999999999	3.1578204544663546e-09	0.03860000000000001	2.547933727810652e-08	8.45
-2.2765999999999997	3.335078200692354e-09	0.0504	1.8837458823529416e-08	8.5
-2.2391500000000004	4.460384733763936e-09	0.054199999999999984	2.0278783625731004e-08	8.55
-2.2577499999999997	3.00556888858852e-09	0.06140000000000002	1.6681441860465114e-08	8.6
-2.24335	2.9218520498510906e-09	0.0342	1.901775722543353e-08	8.65
-2.2664500000000007	3.4345550931427193e-09	0.06260000000000002	2.064970114942528e-08	8.7
-2.2544	3.2906631836733503e-09	0.07519999999999998	2.179766857142858e-08	8.75
-2.2480999999999995	3.1501665805787346e-09	0.06599999999999999	1.6949999999999996e-08	8.8
-2.2445500000000007	2.7121258259118005e-09	0.04220000000000002	1.763520903954802e-08	8.85
-2.24935	2.364641775028199e-09	0.0662	2.0419730337078657e-08	8.9
-2.2297	3.007447957304746e-09	0.026000000000000013	1.8918435754189955e-08	8.95
-2.1866499999999993	2.5392009259264625e-09	0.03460000000000001	1.4060933333333338e-08	9.0
-2.252099999999999	2.4780794237050674e-09	0.05799999999999998	1.7188950276243103e-08	9.05
-2.2306	4.329566477478614e-09	0.07279999999999999	2.0154021978021973e-08	9.1
-2.236699999999999	2.782658186270504e-09	0.0684	1.6989551912568308e-08	9.15
-2.2746500000000003	4.048101075141783e-09	0.06500000000000003	2.7194565217391294e-08	9.2
-2.23165	2.6640791818843144e-09	0.044999999999999984	1.864108108108109e-08	9.25
-2.19535	2.595285871198974e-09	0.0294	1.4696387096774192e-08	9.3
-2.2397500000000004	3.2233335239781943e-09	0.042200000000000015	1.6632256684491982e-08	9.35
-2.2323500000000003	2.20673692847415e-09	0.02540000000000001	1.6764723404255314e-08	9.4
-2.2420500000000008	3.083345651017388e-09	0.04180000000000002	1.9810328042328042e-08	9.45
-2.2514999999999996	2.73216066482017e-09	0.05720000000000001	1.3162273684210519e-08	9.5
-2.253649999999999	2.3295334557718725e-09	0.041800000000000025	1.5866764397905757e-08	9.55
-2.21975	2.283548990885363e-09	0.04540000000000002	1.6307124999999995e-08	9.6
-2.2219500000000005	2.1939324545624318e-09	0.03660000000000001	1.4400455958549225e-08	9.65
-2.2356	2.4222170262511994e-09	0.049600000000000026	1.5839010309278348e-08	9.7
-2.21635	2.170827350427391e-09	0.03660000000000002	1.890506666666667e-08	9.75
-2.21715	1.8266480112452887e-09	0.0238	1.6421999999999996e-08	9.8
-2.21595	3.012996727563319e-09	0.047799999999999995	1.9304730964467008e-08	9.85
-2.2040999999999995	2.0024681154985417e-09	0.032400000000000005	1.702448484848485e-08	9.9
-2.1933499999999997	2.757761420166321e-09	0.04220000000000001	1.478508542713569e-08	9.95

-4.5	0.0	1.0	0.0	0.05
-4.5	0.0	1.0	0.0	0.1
-4.5	0.0	1.0	0.0	0.15
-4.5	0.0	1.0	0.0	0.2
-4.5	0.0	1.0	0.0	0.25
-4.5	0.0	1.0	0.0	0.3
-4.5	0.0	1.0	0.0	0.35
-4.5	0.0	1.0	0.0	0.4
-4.5	0.0	1.0	0.0	0.45
-4.5	0.0	1.0	0.0	0.5
-4.5	0.0	1.0	0.0	0.55
-4.5	0.0	1.0	0.0	0.6
-4.5	0.0	1.0	0.0	0.65
-4.5	0.0	1.0	0.0	0.7
-4.5	0.0	1.0	0.0	0.75
-4.499099999999999	1.2529687500872908e-09	0.9997999999999999	4.950000000170096e-11	0.8
-4.5	0.0	1.0	0.0	0.85
-4.5	0.0	1.0	0.0	0.9
-4.5	0.0	1.0	0.0	0.95
-4.4982	1.5876000000503155e-09	0.9996	7.839999999870174e-11	1.0
-4.4973	2.137959183690589e-09	0.9994	1.1085714285800445e-10	1.05
-4.4982	1.3120661157440622e-09	0.9996	7.127272727154701e-11	1.1
-4.495500000000001	2.9092627598861082e-09	0.9990000000000001	1.6521739130427172e-10	1.15
-4.4919	4.606874999997975e-09	0.9982000000000001	2.7300000000063387e-10	1.2
-4.4914000000000005	5.965055999990909e-09	0.998	4.1600000000041603e-10	1.25
-4.4892	6.01988165677629e-09	0.9975999999999999	3.8646153846394045e-10	1.3
-4.4869	7.689382716038734e-09	0.9969999999999999	5.555555555591951e-10	1.35
-4.474000000000001	1.3163265306059146e-08	0.9936	1.307428571430323e-09	1.4
-4.4833000000000025	6.155101070069633e-09	0.9962000000000002	4.797241379327316e-10	1.45
-4.470700000000001	1.1095599999985477e-08	0.9933999999999998	8.562666666696768e-10	1.5
-4.4688000000000025	9.858730489003027e-09	0.9928	8.526451612927798e-10	1.55
-4.466300000000001	1.4614492187467462e-08	0.9918	1.5047500000024693e-09	1.6
-4.451100000000002	1.7387658402149886e-08	0.9878	2.71006060606331e-09	1.65
-4.449100000000002	1.6505847750798622e-08	0.9877999999999999	1.783294117651448e-09	1.7
-4.447600000000004	1.5504457142757316e-08	0.9880000000000002	1.5085714285742062e-09	1.75
-4.422600000000002	2.6608765432044204e-08	0.9819999999999994	2.7333333333428518e-09	1.8
-4.421100000000002	2.5980394448470956e-08	0.9805999999999999	3.2629189189232084e-09	1.85
-4.392000000000002	3.777285318556107e-08	0.9735999999999997	4.668631578952949e-09	1.9
-4.3980000000000015	2.9838264299783115e-08	0.9751999999999996	4.0254358974424515e-09	1.95
-4.370200000000002	3.162989999997201e-08	0.9683999999999995	4.5272000000085024e-09	2.0
-4.356000000000003	3.032956573463929e-08	0.9647999999999998	4.141268292689474e-09	2.05
-4.358600000000004	3.445814058950312e-08	0.9651999999999995	4.861714285722024e-09	2.1
-4.324300000000002	3.329477555433743e-08	0.9573999999999997	5.047627906982365e-09	2.15
-4.3002	4.156603305787393e-08	0.9491999999999996	6.85163636364273e-09	2.2
-4.261500000000001	4.608543209876447e-08	0.9397999999999993	8.017600000008112e-09	2.25
-4.251000000000002	4.93137996219021e-08	0.9347999999999997	9.899826086962292e-09	2.3
-4.2109000000000005	4.447657763693523e-08	0.9249999999999998	8.69361702128092e-09	2.35
-4.1827999999999985	5.600375000002705e-08	0.9159999999999998	1.17000000000043e-08	2.4
-4.1693999999999996	6.131718450647464e-08	0.9123999999999995	1.3445877551026313e-08	2.45
-4.1226	5.938758400001802e-08	0.8988000000000003	1.516223999999866e-08	2.5
-4.0868	6.943753940791933e-08	0.8871999999999999	1.846337254902207e-08	2.55
-4.039200000000001	7.398130177513618e-08	0.8704000000000001	2.3214769230770142e-08	2.6
-4.050499999999998	6.496084015666852e-08	0.8778000000000002	1.7143999999999128e-08	2.65
-3.995399999999999	7.183654320989081e-08	0.8644000000000002	1.8387555555556247e-08	2.7
-3.959199999999999	8.456113719010681e-08	0.8479999999999999	2.882909090909269e-08	2.75
-3.909700000000002	8.131748724487736e-08	0.8257999999999996	3.0465571428575644e-08	2.8
-3.856	7.056201908280329e-08	0.8096	2.6764350877193944e-08	2.85
-3.800700000000001	7.145601664684356e-08	0.7989999999999998	2.591379310345151e-08	2.9
-3.765299999999999	8.855490950877491e-08	0.7738000000000003	4.156461016949041e-08	2.95
-3.811300000000001	7.960367777777262e-08	0.7954000000000001	3.05828000000008e-08	3.0
-3.6866000000000003	9.257988712710924e-08	0.7483999999999998	4.359816393442766e-08	3.05
-3.6509000000000005	1.0121559833506517e-07	0.7314	5.484529032258117e-08	3.1
-3.648900000000002	8.995695641218718e-08	0.7370000000000003	3.8942857142856524e-08	3.15
-3.535500000000001	8.344409179686718e-08	0.6958000000000003	4.465737499999983e-08	3.2
-3.522100000000001	9.49723928994049e-08	0.6841999999999999	6.004418461538481e-08	3.25
-3.4545999999999997	8.261968778696517e-08	0.6524000000000001	6.239466666666644e-08	3.3
-3.487899999999999	6.274233905102318e-08	0.6693999999999999	4.206459701492542e-08	3.35
-3.4216999999999995	5.819732698962697e-08	0.6458000000000002	3.890105882352972e-08	3.4
-3.4013999999999998	7.118843940349151e-08	0.6347999999999999	5.304626086956596e-08	3.45
-3.369300000000001	8.003470204080978e-08	0.6186	6.57201142857146e-08	3.5
-3.268299999999999	8.604491965879912e-08	0.5678	6.841453521126753e-08	3.55
-3.2780000000000005	6.871296296295929e-08	0.5807999999999999	6.315377777777819e-08	3.6
-3.267400000000001	5.87661775192267e-08	0.5716000000000001	5.716558904109517e-08	3.65
-3.2268999999999988	7.796741417093103e-08	0.5505999999999998	8.690713513513599e-08	3.7
-3.205200000000001	6.606574933333226e-08	0.5424	5.877930666666679e-08	3.75
-3.107399999999999	7.895238227147634e-08	0.4916	9.082484210526288e-08	3.8
-3.0555000000000003	5.624068139652737e-08	0.4590000000000001	6.75402597402596e-08	3.85
-3.082399999999999	5.719016436555474e-08	0.47839999999999994	5.923446153846147e-08	3.9
-3.078499999999999	5.651065534369931e-08	0.48100000000000004	6.793670886075893e-08	3.95
-3.0122000000000004	6.704572500000005e-08	0.4436	8.906759999999993e-08	4.0
-3.0490999999999997	5.020099984758765e-08	0.4813999999999999	5.4049481481481824e-08	4.05
-2.9128000000000007	4.419759666864926e-08	0.3880000000000001	6.314146341463387e-08	4.1
-2.9307999999999996	4.053729714037269e-08	0.42480000000000007	5.37661686746985e-08	4.15
-2.8982000000000006	3.8440340136052485e-08	0.3979999999999999	5.9380952380952425e-08	4.2
-2.9059	5.3062527335642716e-08	0.3974000000000001	7.575821176470565e-08	4.25
-2.8604000000000003	4.18030502974568e-08	0.37199999999999994	6.431627906976753e-08	4.3
-2.8541	3.939341524640018e-08	0.3626	6.561204597701155e-08	4.35
-2.8310000000000004	3.323708677686119e-08	0.3652000000000001	6.477490909090888e-08	4.4
-2.850800000000001	3.3131857088749544e-08	0.3840000000000001	4.6867415730336797e-08	4.45
-2.8106	3.167093333333229e-08	0.3596000000000003	5.4950755555555065e-08	4.5
-2.7733999999999988	3.0652549209036914e-08	0.33319999999999994	4.9252219780220084e-08	4.55
-2.7464999999999997	2.9926630434784945e-08	0.3194000000000001	6.117313043478251e-08	4.6
-2.745100000000001	3.330465487339256e-08	0.3053999999999999	6.872868817204303e-08	4.65
-2.725100000000001	2.7109547306472922e-08	0.3165999999999999	5.0145617021276705e-08	4.7
-2.7310999999999996	2.1533868144046963e-08	0.3054000000000001	3.859966315789463e-08	4.75
-2.7011000000000007	2.9435672743055432e-08	0.3126000000000001	4.742758333333323e-08	4.8
-2.6669000000000005	2.034621745137566e-08	0.26660000000000006	4.181534020618551e-08	4.85
-2.6900999999999993	2.2905868388173542e-08	0.2937999999999999	5.6550122448979686e-08	4.9
-2.6882000000000015	2.4707993061929318e-08	0.2947999999999999	5.6252444444444476e-08	4.95
-2.706899999999999	3.0321356000002096e-08	0.29059999999999997	5.6695279999999956e-08	5.0
-2.6608999999999994	1.8555902362515238e-08	0.27460000000000007	4.444918811881187e-08	5.05
-2.6572000000000013	1.9151926182236384e-08	0.2744000000000001	4.309145098039201e-08	5.1
-2.6419999999999995	2.4884532001132388e-08	0.23999999999999996	5.266019417475729e-08	5.15
-2.5878	1.907143491124379e-08	0.2476	3.8704307692307684e-08	5.2
-2.6233000000000004	1.648548208616783e-08	0.2594000000000001	4.064693333333327e-08	5.25
-2.6179000000000006	2.1294620861516418e-08	0.25739999999999996	5.1904226415094324e-08	5.3
-2.584099999999999	1.5131518909951155e-08	0.23459999999999995	3.8427738317757e-08	5.35
-2.5614999999999997	1.4372685185185943e-08	0.23820000000000013	3.8045851851851715e-08	5.4
-2.5982999999999987	2.231061695143723e-08	0.22220000000000012	5.1609467889908136e-08	5.45
-2.5754000000000006	1.5936145454544493e-08	0.22440000000000007	4.2175709090909025e-08	5.5
-2.552	1.242171901631405e-08	0.20000000000000015	4.051891891891877e-08	5.55
-2.5450000000000004	1.7270727040815376e-08	0.20200000000000007	3.663571428571424e-08	5.6
-2.5553999999999992	1.5292298535516455e-08	0.22199999999999986	3.956814159292035e-08	5.65
-2.5650999999999993	1.718343798091863e-08	0.21579999999999994	3.455852631578946e-08	5.7
-2.531999999999999	1.4486502835539742e-08	0.20879999999999996	3.2700104347826094e-08	5.75
-2.5331000000000006	1.4285787752674158e-08	0.2134	4.653868965517239e-08	5.8
-2.5024999999999995	1.2832127985975148e-08	0.20660000000000006	3.8660581196581153e-08	5.85
-2.4800999999999993	9.668770468257492e-09	0.17299999999999996	4.2893220338983025e-08	5.9
-2.475999999999999	1.0023020973096457e-08	0.1696	2.6601411764705858e-08	5.95
-2.5067999999999997	1.2006600000000756e-08	0.21439999999999998	2.7214399999999997e-08	6.0
-2.5000999999999998	1.1450854449832217e-08	0.18339999999999992	2.7425520661157026e-08	6.05
-2.4673	1.0031633969363676e-08	0.17859999999999995	2.8659081967213123e-08	6.1
-2.4871999999999996	8.550508295327664e-09	0.17680000000000004	2.7846764227642227e-08	6.15
-2.4774000000000003	1.1913954214360203e-08	0.1907999999999999	3.390219354838714e-08	6.2
-2.4586000000000015	1.1782154239998135e-08	0.16199999999999992	3.390080000000001e-08	6.25
-2.4842999999999993	1.1668558830939986e-08	0.1846	3.10076825396825e-08	6.3
-2.4172	1.2742801165603036e-08	0.1551999999999999	3.1648755905511836e-08	6.35
-2.4069999999999996	9.021240234375908e-09	0.15	2.8443749999999986e-08	6.4
-2.4139999999999997	8.386515233459923e-09	0.17120000000000005	2.7427224806201516e-08	6.45
-2.4175000000000013	8.677100591715193e-09	0.1509999999999999	2.5223076923076986e-08	6.5
-2.4663000000000004	1.007337800827441e-08	0.1758	3.2626503816793827e-08	6.55
-2.4047999999999994	9.642093663912912e-09	0.14560000000000003	2.3734303030303004e-08	6.6
-2.4263999999999992	9.21726270563678e-09	0.14959999999999998	3.074261654135338e-08	6.65
-2.4466999999999994	9.48587881488134e-09	0.15580000000000005	2.5878149253731283e-08	6.7
-2.3901000000000003	9.22095802469095e-09	0.1394	2.3258725925925922e-08	6.75
-2.3833000000000006	8.400110294117081e-09	0.12739999999999996	3.0678294117647066e-08	6.8
-2.4071000000000002	8.399081464116014e-09	0.13259999999999994	3.275509489051095e-08	6.85
-2.3600999999999996	5.988865784498929e-09	0.10099999999999991	3.034637681159423e-08	6.9
-2.4045999999999994	5.944793747735651e-09	0.14679999999999996	2.221835971223023e-08	6.95
-2.39	7.0289795918367975e-09	0.1352	2.3384228571428566e-08	7.0
-2.4005000000000005	7.407826568079029e-09	0.1426	2.2781900709219866e-08	7.05
-2.3939000000000004	9.441339020035283e-09	0.13339999999999994	3.023160563380285e-08	7.1
-2.3480999999999987	5.694046652649335e-09	0.12179999999999999	2.7738125874125862e-08	7.15
-2.4256999999999995	6.209203317901085e-09	0.1594	2.289394444444445e-08	7.2
-2.3810000000000007	5.684090368607941e-09	0.13160000000000002	2.2578537931034466e-08	7.25
-2.4173	7.383694877087536e-09	0.14179999999999993	2.386953424657536e-08	7.3
-2.3965	6.602573001989445e-09	0.14500000000000002	3.1394557823129226e-08	7.35
-2.3430999999999993	5.689808254200744e-09	0.12379999999999997	2.0948054054054047e-08	7.4
-2.3698999999999995	6.313047160038214e-09	0.1334	2.555763758389262e-08	7.45
-2.3506000000000014	5.59531377777647e-09	0.10999999999999995	2.360000000000002e-08	7.5
-2.353	4.699618437787341e-09	0.11799999999999995	2.1388079470198678e-08	7.55
-2.336799999999999	4.264501385042186e-09	0.12079999999999991	2.3420210526315818e-08	7.6
-2.3382	5.230596779016932e-09	0.12279999999999999	2.005772549019609e-08	7.65
-2.3571	6.5762506324842554e-09	0.13019999999999998	2.1449298701298707e-08	7.7
-2.3508000000000013	5.592068262225564e-09	0.12159999999999999	2.4357987096774207e-08	7.75
-2.3212000000000006	4.170374753450817e-09	0.11599999999999998	1.8635897435897428e-08	7.8
-2.3747000000000007	4.270665747088308e-09	0.1174	2.4577375796178362e-08	7.85
-2.3378999999999994	5.2931565454258e-09	0.13339999999999996	1.8886632911392417e-08	7.9
-2.3206999999999995	6.324197618765478e-09	0.1014	2.5562314465408796e-08	7.95
-2.3401999999999994	5.400306250000209e-09	0.1348	2.2856199999999994e-08	8.0
-2.3221000000000007	3.96166660236834e-09	0.08979999999999995	2.0616099378882e-08	8.05
-2.3308999999999997	5.3671985977745316e-09	0.08420000000000001	2.7459703703703707e-08	8.1
-2.3148	5.224880123452412e-09	0.09200000000000001	2.171288343558282e-08	8.15
-2.3329999999999997	5.783908387864171e-09	0.10199999999999998	2.1868292682926837e-08	8.2
-2.3259000000000016	3.938466850320263e-09	0.1302	2.1929648484848457e-08	8.25
-2.2743999999999995	4.133348816954532e-09	0.09279999999999998	1.534959036144579e-08	8.3
-2.2992	4.710295815554255e-09	0.09759999999999999	1.9528431137724546e-08	8.35
-2.3132999999999995	4.970537131519745e-09	0.09380000000000002	2.3454238095238078e-08	8.4
-2.3143	5.487834459577638e-09	0.10620000000000002	2.0853917159763314e-08	8.45
-2.3106	4.293652595155535e-09	0.09559999999999999	2.2556047058823525e-08	8.5
-2.2942999999999993	3.53483259806486e-09	0.09099999999999998	1.874502923976608e-08	8.55
-2.3251999999999993	4.445235262304708e-09	0.10399999999999998	2.2027906976744188e-08	8.6
-2.3108000000000004	4.8072919242203215e-09	0.09999999999999996	2.4499421965317907e-08	8.65
-2.3219000000000003	4.323608138459326e-09	0.09819999999999997	2.01112183908046e-08	8.7
-2.2927	3.7083049795918604e-09	0.09099999999999994	2.1955428571428594e-08	8.75
-2.255000000000001	2.9603564049578567e-09	0.08199999999999999	1.6059090909090916e-08	8.8
-2.291000000000001	3.401704491046064e-09	0.09719999999999995	1.975159322033899e-08	8.85
-2.2936000000000005	3.904941295290496e-09	0.08480000000000003	1.9875235955056177e-08	8.9
-2.3101999999999996	4.529441652882155e-09	0.10039999999999998	1.9745072625698327e-08	8.95
-2.2800000000000002	4.5311111111107835e-09	0.10960000000000003	2.0564266666666665e-08	9.0
-2.2756000000000003	3.579211867769705e-09	0.08639999999999999	1.649396685082873e-08	9.05
-2.2946	2.7198212776234408e-09	0.0964	1.68297142857143e-08	9.1
-2.3143999999999996	4.84345785183218e-09	0.10399999999999997	2.0065573770491806e-08	9.15
-2.2911999999999995	3.402948960302659e-09	0.08080000000000002	1.7703652173913045e-08	9.2
-2.258999999999999	3.2396201607016885e-09	0.07160000000000001	1.6148583783783793e-08	9.25
-2.2955000000000005	3.7237541912355005e-09	0.1038	1.8414580645161287e-08	9.3
-2.2651	2.9794377877547916e-09	0.0846	1.5502502673796796e-08	9.35
-2.2981	3.0332039384340983e-09	0.10979999999999998	1.7885063829787235e-08	9.4
-2.2316999999999996	2.9163920382969944e-09	0.05540000000000002	1.6396656084656083e-08	9.45
-2.2687	3.3820842105262634e-09	0.0854	1.6487200000000005e-08	9.5
-2.2480000000000007	3.045749842383471e-09	0.07599999999999997	1.6544502617801046e-08	9.55
-2.2941999999999996	2.803641493055827e-09	0.1092	1.4911833333333327e-08	9.6
-2.2563000000000004	3.285705388063834e-09	0.08219999999999997	1.6604310880829023e-08	9.65
-2.2573999999999996	3.3518163460517972e-09	0.08840000000000002	1.9688082474226808e-08	9.7
-2.2544000000000004	3.248877317553962e-09	0.09039999999999998	1.280393846153847e-08	9.75
-2.2824000000000004	3.3425905872551654e-09	0.09120000000000003	1.543118367346938e-08	9.8
-2.2632999999999996	3.239672240975113e-09	0.07700000000000001	1.8569543147208122e-08	9.85
-2.2636	3.1632527293135035e-09	0.07600000000000001	1.7309090909090907e-08	9.9
-2.2468999999999997	3.209352289083757e-09	0.06340000000000004	1.756024120603015e-08	9.95
