0	0.0	0
1	-1.6478385230871666	0
2	-0.8707528206289155	0
3	-15.716436158057258	0
4	-0.7183790510218806	0
5	-17.97768706953606	0
6	-12.841013277945358	0
7	-5.306853688784612	0
8	-9.74215799559817	0
9	-8.11155682854799	0
10	-0.06915129056279312	0
11	-13.44146466359948	0
12	-17.911096372938673	0
13	-9.07098762653145	0
14	-2.980668838042174	0
15	-8.103653080934057	0
16	0.0	0

0	0.0	0
1	-1.6478385230871666	0
2	-0.8707528206289155	0
3	-12.478145759629161	0
4	-0.7183790510218806	0
5	-17.97768706953606	0
6	-12.841013277945358	0
7	-5.306853688784612	0
8	-9.74215799559817	0
9	-8.11155682854799	0
10	-0.06915129056279312	0
11	-13.44146466359948	0
12	-17.911096372938673	0
13	-9.07098762653145	0
14	-2.980668838042174	0
15	-8.103653080934057	0
16	0.0	0

0	0.0	0
1	-1.6478385230871666	0
2	-0.8707528206289155	0
3	-12.478145759629161	0
4	-0.7183790510218806	0
5	-17.97768706953606	0
6	-12.841013277945358	0
7	-5.306853688784612	0
8	-9.74215799559817	0
9	-8.11155682854799	0
10	-0.06915129056279312	0
11	-13.44146466359948	0
12	-6.176942669716535	0
13	-9.07098762653145	0
14	-2.980668838042174	0
15	-8.103653080934057	0
16	0.0	0

0	0.0	0
1	-1.6478385230871666	0
2	-0.8707528206289155	0
3	-6.141594259822268	0
4	-0.7183790510218806	0
5	-17.97768706953606	0
6	-12.841013277945358	0
7	-5.306853688784612	0
8	-9.74215799559817	0
9	-8.11155682854799	0
10	-0.06915129056279312	0
11	-13.44146466359948	0
12	-6.176942669716535	0
13	-9.07098762653145	0
14	-2.980668838042174	0
15	-8.103653080934057	0
16	0.0	0

0	0.0	0
1	-1.6478385230871666	0
2	-0.8707528206289155	0
3	-6.141594259822268	0
4	-0.7183790510218806	0
5	-17.97768706953606	0
6	-12.841013277945358	0
7	-5.306853688784612	0
8	-9.74215799559817	0
9	-8.11155682854799	0
10	-15.531992646567664	0
11	-13.44146466359948	0
12	-6.176942669716535	0
13	-9.07098762653145	0
14	-2.980668838042174	0
15	-8.103653080934057	0
16	0.0	0

0	0.0	0
1	-1.6478385230871666	0
2	-0.8707528206289155	0
3	-6.141594259822268	0
4	-0.7183790510218806	0
5	-17.97768706953606	0
6	-12.841013277945358	0
7	-5.306853688784612	0
8	-9.74215799559817	0
9	-10.40882574330907	0
10	-15.531992646567664	0
11	-13.44146466359948	0
12	-6.176942669716535	0
13	-9.07098762653145	0
14	-2.980668838042174	0
15	-8.103653080934057	0
16	0.0	0

0	0.0	0
1	-1.6478385230871666	0
2	-0.8707528206289155	0
3	-6.141594259822268	0
4	-0.7183790510218806	0
5	-17.97768706953606	0
6	-12.841013277945358	0
7	-5.306853688784612	0
8	-9.74215799559817	0
9	-10.40882574330907	0
10	-15.531992646567664	0
11	-13.44146466359948	0
12	-6.176942669716535	0
13	-5.213549275221169	0
14	-2.980668838042174	0
15	-8.103653080934057	0
16	0.0	0

0	0.0	0
1	-1.6478385230871666	0
2	-0.8707528206289155	0
3	-6.141594259822268	0
4	-15.331700921861097	0
5	-17.97768706953606	0
6	-12.841013277945358	0
7	-5.306853688784612	0
8	-9.74215799559817	0
9	-10.40882574330907	0
10	-15.531992646567664	0
11	-13.44146466359948	0
12	-6.176942669716535	0
13	-5.213549275221169	0
14	-2.980668838042174	0
15	-8.103653080934057	0
16	0.0	0

0	0.0	0
1	-1.6478385230871666	0
2	-0.8707528206289155	0
3	-6.141594259822268	0
4	-15.331700921861097	0
5	-17.97768706953606	0
6	-12.841013277945358	0
7	-5.306853688784612	0
8	-9.74215799559817	0
9	-10.40882574330907	0
10	-15.531992646567664	0
11	-13.44146466359948	0
12	-6.176942669716535	0
13	-5.213549275221169	0
14	-2.980668838042174	0
15	-3.4461697944461473	0
16	0.0	0

0	0.0	0
1	-1.6478385230871666	0
2	-0.8707528206289155	0
3	-6.141594259822268	0
4	-15.331700921861097	0
5	-17.97768706953606	0
6	-12.841013277945358	0
7	-5.306853688784612	0
8	-9.495882280419599	0
9	-10.40882574330907	0
10	-15.531992646567664	0
11	-13.44146466359948	0
12	-6.176942669716535	0
13	-5.213549275221169	0
14	-2.980668838042174	0
15	-3.4461697944461473	0
16	0.0	0

0	0.0	0
1	-1.6478385230871666	0
2	-0.8707528206289155	0
3	-6.141594259822268	0
4	-15.331700921861097	0
5	-17.97768706953606	0
6	-12.841013277945358	0
7	-5.306853688784612	0
8	-9.495882280419599	0
9	-10.40882574330907	0
10	-15.531992646567664	0
11	-13.44146466359948	0
12	-12.49087787312757	0
13	-5.213549275221169	0
14	-2.980668838042174	0
15	-3.4461697944461473	0
16	0.0	0

0	0.0	0
1	-1.6478385230871666	0
2	-6.581884549440996	0
3	-6.141594259822268	0
4	-15.331700921861097	0
5	-17.97768706953606	0
6	-12.841013277945358	0
7	-5.306853688784612	0
8	-9.495882280419599	0
9	-10.40882574330907	0
10	-15.531992646567664	0
11	-13.44146466359948	0
12	-12.49087787312757	0
13	-5.213549275221169	0
14	-2.980668838042174	0
15	-3.4461697944461473	0
16	0.0	0

0	0.0	0
1	-1.6478385230871666	0
2	-6.581884549440996	0
3	-9.73260211849492	0
4	-15.331700921861097	0
5	-17.97768706953606	0
6	-12.841013277945358	0
7	-5.306853688784612	0
8	-9.495882280419599	0
9	-10.40882574330907	0
10	-15.531992646567664	0
11	-13.44146466359948	0
12	-12.49087787312757	0
13	-5.213549275221169	0
14	-2.980668838042174	0
15	-3.4461697944461473	0
16	0.0	0

0	0.0	0
1	-1.6478385230871666	0
2	-6.581884549440996	0
3	-9.73260211849492	0
4	-15.331700921861097	0
5	-11.358242525587475	0
6	-12.841013277945358	0
7	-5.306853688784612	0
8	-9.495882280419599	0
9	-10.40882574330907	0
10	-15.531992646567664	0
11	-13.44146466359948	0
12	-12.49087787312757	0
13	-5.213549275221169	0
14	-2.980668838042174	0
15	-3.4461697944461473	0
16	0.0	0

0	0.0	0
1	-1.6478385230871666	0
2	-6.581884549440996	0
3	-9.73260211849492	0
4	-15.331700921861097	0
5	-11.358242525587475	0
6	-6.539026239054756	0
7	-5.306853688784612	0
8	-9.495882280419599	0
9	-10.40882574330907	0
10	-15.531992646567664	0
11	-13.44146466359948	0
12	-12.49087787312757	0
13	-5.213549275221169	0
14	-2.980668838042174	0
15	-3.4461697944461473	0
16	0.0	0

0	0.0	0
1	-1.6478385230871666	0
2	-6.581884549440996	0
3	-9.73260211849492	0
4	-15.331700921861097	0
5	-11.358242525587475	0
6	-6.539026239054756	0
7	-11.23596110725692	0
8	-9.495882280419599	0
9	-10.40882574330907	0
10	-15.531992646567664	0
11	-13.44146466359948	0
12	-12.49087787312757	0
13	-5.213549275221169	0
14	-2.980668838042174	0
15	-3.4461697944461473	0
16	0.0	0

0	0.0	0
1	-1.6478385230871666	0
2	-6.581884549440996	0
3	-9.73260211849492	0
4	-14.416570558876643	0
5	-11.358242525587475	0
6	-6.539026239054756	0
7	-11.23596110725692	0
8	-9.495882280419599	0
9	-10.40882574330907	0
10	-15.531992646567664	0
11	-13.44146466359948	0
12	-12.49087787312757	0
13	-5.213549275221169	0
14	-2.980668838042174	0
15	-3.4461697944461473	0
16	0.0	0

0	0.0	0
1	-1.6478385230871666	0
2	-6.581884549440996	0
3	-9.73260211849492	0
4	-14.416570558876643	0
5	-11.358242525587475	0
6	-13.285192686578451	0
7	-11.23596110725692	0
8	-9.495882280419599	0
9	-10.40882574330907	0
10	-15.531992646567664	0
11	-13.44146466359948	0
12	-12.49087787312757	0
13	-5.213549275221169	0
14	-2.980668838042174	0
15	-3.4461697944461473	0
16	0.0	0

0	0.0	0
1	-1.6478385230871666	0
2	-6.581884549440996	0
3	-9.73260211849492	0
4	-8.492958275943565	0
5	-11.358242525587475	0
6	-13.285192686578451	0
7	-11.23596110725692	0
8	-9.495882280419599	0
9	-10.40882574330907	0
10	-15.531992646567664	0
11	-13.44146466359948	0
12	-12.49087787312757	0
13	-5.213549275221169	0
14	-2.980668838042174	0
15	-3.4461697944461473	0
16	0.0	0

0	0.0	0
1	-1.6478385230871666	0
2	-6.581884549440996	0
3	-9.73260211849492	0
4	-8.492958275943565	0
5	-11.358242525587475	0
6	-13.285192686578451	0
7	-11.23596110725692	0
8	-11.83060294408789	0
9	-10.40882574330907	0
10	-15.531992646567664	0
11	-13.44146466359948	0
12	-12.49087787312757	0
13	-5.213549275221169	0
14	-2.980668838042174	0
15	-3.4461697944461473	0
16	0.0	0

0	0.0	0
1	-1.6478385230871666	0
2	-6.581884549440996	0
3	-9.73260211849492	0
4	-8.492958275943565	0
5	-11.358242525587475	0
6	-13.285192686578451	0
7	-11.23596110725692	0
8	-11.83060294408789	0
9	-10.40882574330907	0
10	-15.531992646567664	0
11	-13.44146466359948	0
12	-12.49087787312757	0
13	-10.179620561563578	0
14	-2.980668838042174	0
15	-3.4461697944461473	0
16	0.0	0

0	0.0	0
1	-1.6478385230871666	0
2	-6.581884549440996	0
3	-9.73260211849492	0
4	-8.492958275943565	0
5	-11.358242525587475	0
6	-13.285192686578451	0
7	-11.23596110725692	0
8	-11.83060294408789	0
9	-10.40882574330907	0
10	-15.531992646567664	0
11	-15.010037342297696	0
12	-12.49087787312757	0
13	-10.179620561563578	0
14	-2.980668838042174	0
15	-3.4461697944461473	0
16	0.0	0

0	0.0	0
1	-4.165658846904776	0
2	-6.581884549440996	0
3	-9.73260211849492	0
4	-8.492958275943565	0
5	-11.358242525587475	0
6	-13.285192686578451	0
7	-11.23596110725692	0
8	-11.83060294408789	0
9	-10.40882574330907	0
10	-15.531992646567664	0
11	-15.010037342297696	0
12	-12.49087787312757	0
13	-10.179620561563578	0
14	-2.980668838042174	0
15	-3.4461697944461473	0
16	0.0	0

0	0.0	0
1	-4.165658846904776	0
2	-6.581884549440996	0
3	-9.437520484864972	0
4	-8.492958275943565	0
5	-11.358242525587475	0
6	-13.285192686578451	0
7	-11.23596110725692	0
8	-11.83060294408789	0
9	-10.40882574330907	0
10	-15.531992646567664	0
11	-15.010037342297696	0
12	-12.49087787312757	0
13	-10.179620561563578	0
14	-2.980668838042174	0
15	-3.4461697944461473	0
16	0.0	0

0	0.0	0
1	-4.165658846904776	0
2	-6.581884549440996	0
3	-9.437520484864972	0
4	-9.777373368337859	0
5	-11.358242525587475	0
6	-13.285192686578451	0
7	-11.23596110725692	0
8	-11.83060294408789	0
9	-10.40882574330907	0
10	-15.531992646567664	0
11	-15.010037342297696	0
12	-12.49087787312757	0
13	-10.179620561563578	0
14	-2.980668838042174	0
15	-3.4461697944461473	0
16	0.0	0

0	0.0	0
1	-4.165658846904776	0
2	-6.581884549440996	0
3	-9.437520484864972	0
4	-9.777373368337859	0
5	-11.358242525587475	0
6	-13.285192686578451	0
7	-11.23596110725692	0
8	-11.83060294408789	0
9	-10.40882574330907	0
10	-15.531992646567664	0
11	-15.010037342297696	0
12	-12.49087787312757	0
13	-7.031855608338024	0
14	-2.980668838042174	0
15	-3.4461697944461473	0
16	0.0	0

0	0.0	0
1	-3.5491603181457094	0
2	-6.581884549440996	0
3	-9.437520484864972	0
4	-9.777373368337859	0
5	-11.358242525587475	0
6	-13.285192686578451	0
7	-11.23596110725692	0
8	-11.83060294408789	0
9	-10.40882574330907	0
10	-15.531992646567664	0
11	-15.010037342297696	0
12	-12.49087787312757	0
13	-7.031855608338024	0
14	-2.980668838042174	0
15	-3.4461697944461473	0
16	0.0	0

0	0.0	0
1	-3.5491603181457094	0
2	-6.581884549440996	0
3	-9.437520484864972	0
4	-9.777373368337859	0
5	-11.358242525587475	0
6	-13.285192686578451	0
7	-11.23596110725692	0
8	-11.83060294408789	0
9	-10.40882574330907	0
10	-15.531992646567664	0
11	-15.010037342297696	0
12	-12.49087787312757	0
13	-7.853925501744378	0
14	-2.980668838042174	0
15	-3.4461697944461473	0
16	0.0	0

0	0.0	0
1	-3.5491603181457094	0
2	-6.581884549440996	0
3	-8.69322034489209	0
4	-9.777373368337859	0
5	-11.358242525587475	0
6	-13.285192686578451	0
7	-11.23596110725692	0
8	-11.83060294408789	0
9	-10.40882574330907	0
10	-15.531992646567664	0
11	-15.010037342297696	0
12	-12.49087787312757	0
13	-7.853925501744378	0
14	-2.980668838042174	0
15	-3.4461697944461473	0
16	0.0	0

0	0.0	0
1	-3.5491603181457094	0
2	-6.581884549440996	0
3	-8.69322034489209	0
4	-9.777373368337859	0
5	-11.918233896365228	0
6	-13.285192686578451	0
7	-11.23596110725692	0
8	-11.83060294408789	0
9	-10.40882574330907	0
10	-15.531992646567664	0
11	-15.010037342297696	0
12	-12.49087787312757	0
13	-7.853925501744378	0
14	-2.980668838042174	0
15	-3.4461697944461473	0
16	0.0	0

0	0.0	0
1	-3.5491603181457094	0
2	-6.581884549440996	0
3	-8.69322034489209	0
4	-9.777373368337859	0
5	-11.918233896365228	0
6	-13.285192686578451	0
7	-14.659057989931656	0
8	-11.83060294408789	0
9	-10.40882574330907	0
10	-15.531992646567664	0
11	-15.010037342297696	0
12	-12.49087787312757	0
13	-7.853925501744378	0
14	-2.980668838042174	0
15	-3.4461697944461473	0
16	0.0	0

0	0.0	0
1	-3.5491603181457094	0
2	-6.581884549440996	0
3	-8.69322034489209	0
4	-9.777373368337859	0
5	-11.918233896365228	0
6	-13.285192686578451	0
7	-14.659057989931656	0
8	-11.83060294408789	0
9	-10.40882574330907	0
10	-15.531992646567664	0
11	-15.010037342297696	0
12	-12.49087787312757	0
13	-7.853925501744378	0
14	-6.562924341710309	0
15	-3.4461697944461473	0
16	0.0	0

0	0.0	0
1	-3.5491603181457094	0
2	-6.581884549440996	0
3	-8.69322034489209	0
4	-9.777373368337859	0
5	-11.918233896365228	0
6	-13.285192686578451	0
7	-14.659057989931656	0
8	-11.83060294408789	0
9	-16.7369558804943	0
10	-15.531992646567664	0
11	-15.010037342297696	0
12	-12.49087787312757	0
13	-7.853925501744378	0
14	-6.562924341710309	0
15	-3.4461697944461473	0
16	0.0	0

0	0.0	0
1	-3.5491603181457094	0
2	-6.581884549440996	0
3	-8.69322034489209	0
4	-9.777373368337859	0
5	-11.918233896365228	0
6	-13.560314892285108	0
7	-14.659057989931656	0
8	-11.83060294408789	0
9	-16.7369558804943	0
10	-15.531992646567664	0
11	-15.010037342297696	0
12	-12.49087787312757	0
13	-7.853925501744378	0
14	-6.562924341710309	0
15	-3.4461697944461473	0
16	0.0	0

0	0.0	0
1	-3.5491603181457094	0
2	-6.581884549440996	0
3	-8.69322034489209	0
4	-10.222579242635277	0
5	-11.918233896365228	0
6	-13.560314892285108	0
7	-14.659057989931656	0
8	-11.83060294408789	0
9	-16.7369558804943	0
10	-15.531992646567664	0
11	-15.010037342297696	0
12	-12.49087787312757	0
13	-7.853925501744378	0
14	-6.562924341710309	0
15	-3.4461697944461473	0
16	0.0	0

0	0.0	0
1	-3.787951664126295	0
2	-6.581884549440996	0
3	-8.69322034489209	0
4	-10.222579242635277	0
5	-11.918233896365228	0
6	-13.560314892285108	0
7	-14.659057989931656	0
8	-11.83060294408789	0
9	-16.7369558804943	0
10	-15.531992646567664	0
11	-15.010037342297696	0
12	-12.49087787312757	0
13	-7.853925501744378	0
14	-6.562924341710309	0
15	-3.4461697944461473	0
16	0.0	0

0	0.0	0
1	-3.787951664126295	0
2	-6.581884549440996	0
3	-8.69322034489209	0
4	-10.222579242635277	0
5	-12.580394572475047	0
6	-13.560314892285108	0
7	-14.659057989931656	0
8	-11.83060294408789	0
9	-16.7369558804943	0
10	-15.531992646567664	0
11	-15.010037342297696	0
12	-12.49087787312757	0
13	-7.853925501744378	0
14	-6.562924341710309	0
15	-3.4461697944461473	0
16	0.0	0

0	0.0	0
1	-3.787951664126295	0
2	-6.581884549440996	0
3	-8.69322034489209	0
4	-10.222579242635277	0
5	-12.580394572475047	0
6	-13.560314892285108	0
7	-14.659057989931656	0
8	-14.954479114081948	0
9	-16.7369558804943	0
10	-15.531992646567664	0
11	-15.010037342297696	0
12	-12.49087787312757	0
13	-7.853925501744378	0
14	-6.562924341710309	0
15	-3.4461697944461473	0
16	0.0	0

0	0.0	0
1	-3.787951664126295	0
2	-6.581884549440996	0
3	-8.69322034489209	0
4	-10.222579242635277	0
5	-12.580394572475047	0
6	-13.560314892285108	0
7	-14.659057989931656	0
8	-14.954479114081948	0
9	-16.7369558804943	0
10	-15.531992646567664	0
11	-15.010037342297696	0
12	-12.49087787312757	0
13	-12.101097270033963	0
14	-6.562924341710309	0
15	-3.4461697944461473	0
16	0.0	0

0	0.0	0
1	-3.787951664126295	0
2	-6.581884549440996	0
3	-8.69322034489209	0
4	-10.222579242635277	0
5	-12.580394572475047	0
6	-13.560314892285108	0
7	-14.659057989931656	0
8	-14.954479114081948	0
9	-16.7369558804943	0
10	-15.531992646567664	0
11	-15.010037342297696	0
12	-12.49087787312757	0
13	-12.101097270033963	0
14	-7.485477191441529	0
15	-3.4461697944461473	0
16	0.0	0

0	0.0	0
1	-3.787951664126295	0
2	-6.581884549440996	0
3	-8.69322034489209	0
4	-10.222579242635277	0
5	-12.580394572475047	0
6	-13.560314892285108	0
7	-14.659057989931656	0
8	-14.954479114081948	0
9	-16.7369558804943	0
10	-15.531992646567664	0
11	-15.010037342297696	0
12	-12.49087787312757	0
13	-12.101097270033963	0
14	-7.485477191441529	0
15	-4.267895757787503	0
16	0.0	0

0	0.0	0
1	-3.787951664126295	0
2	-6.581884549440996	0
3	-8.69322034489209	0
4	-10.222579242635277	0
5	-12.580394572475047	0
6	-13.560314892285108	0
7	-14.659057989931656	0
8	-14.954479114081948	0
9	-16.7369558804943	0
10	-15.531992646567664	0
11	-15.010037342297696	0
12	-14.52115358694458	0
13	-12.101097270033963	0
14	-7.485477191441529	0
15	-4.267895757787503	0
16	0.0	0

0	0.0	0
1	-3.787951664126295	0
2	-6.581884549440996	0
3	-8.69322034489209	0
4	-10.222579242635277	0
5	-12.580394572475047	0
6	-13.560314892285108	0
7	-14.659057989931656	0
8	-14.954479114081948	0
9	-15.824410894043002	0
10	-15.531992646567664	0
11	-15.010037342297696	0
12	-14.52115358694458	0
13	-12.101097270033963	0
14	-7.485477191441529	0
15	-4.267895757787503	0
16	0.0	0

0	0.0	0
1	-3.787951664126295	0
2	-6.581884549440996	0
3	-8.69322034489209	0
4	-10.222579242635277	0
5	-12.580394572475047	0
6	-13.560314892285108	0
7	-14.659057989931656	0
8	-16.41211246771683	0
9	-15.824410894043002	0
10	-15.531992646567664	0
11	-15.010037342297696	0
12	-14.52115358694458	0
13	-12.101097270033963	0
14	-7.485477191441529	0
15	-4.267895757787503	0
16	0.0	0

0	0.0	0
1	-3.787951664126295	0
2	-6.581884549440996	0
3	-8.69322034489209	0
4	-10.590272069716752	0
5	-12.580394572475047	0
6	-13.560314892285108	0
7	-14.659057989931656	0
8	-16.41211246771683	0
9	-15.824410894043002	0
10	-15.531992646567664	0
11	-15.010037342297696	0
12	-14.52115358694458	0
13	-12.101097270033963	0
14	-7.485477191441529	0
15	-4.267895757787503	0
16	0.0	0

0	0.0	0
1	-3.787951664126295	0
2	-6.581884549440996	0
3	-8.69322034489209	0
4	-10.590272069716752	0
5	-12.580394572475047	0
6	-13.560314892285108	0
7	-14.659057989931656	0
8	-16.41211246771683	0
9	-15.824410894043002	0
10	-15.531992646567664	0
11	-15.863435326141172	0
12	-14.52115358694458	0
13	-12.101097270033963	0
14	-7.485477191441529	0
15	-4.267895757787503	0
16	0.0	0

0	0.0	0
1	-3.787951664126295	0
2	-6.581884549440996	0
3	-8.69322034489209	0
4	-10.590272069716752	0
5	-12.580394572475047	0
6	-13.560314892285108	0
7	-14.659057989931656	0
8	-16.41211246771683	0
9	-15.824410894043002	0
10	-15.531992646567664	0
11	-15.863435326141172	0
12	-14.52115358694458	0
13	-12.101097270033963	0
14	-9.8242512144284	0
15	-4.267895757787503	0
16	0.0	0

0	0.0	0
1	-3.787951664126295	0
2	-6.581884549440996	0
3	-8.69322034489209	0
4	-10.590272069716752	0
5	-12.580394572475047	0
6	-13.560314892285108	0
7	-14.659057989931656	0
8	-16.41211246771683	0
9	-15.824410894043002	0
10	-16.14878113624231	0
11	-15.863435326141172	0
12	-14.52115358694458	0
13	-12.101097270033963	0
14	-9.8242512144284	0
15	-4.267895757787503	0
16	0.0	0

0	0.0	0
1	-3.787951664126295	0
2	-6.581884549440996	0
3	-8.69322034489209	0
4	-10.590272069716752	0
5	-12.580394572475047	0
6	-13.560314892285108	0
7	-14.659057989931656	0
8	-16.41211246771683	0
9	-15.824410894043002	0
10	-16.14878113624231	0
11	-15.863435326141172	0
12	-14.52115358694458	0
13	-12.101097270033963	0
14	-8.389825261070166	0
15	-4.267895757787503	0
16	0.0	0

0	0.0	0
1	-3.787951664126295	0
2	-6.581884549440996	0
3	-8.69322034489209	0
4	-10.590272069716752	0
5	-12.580394572475047	0
6	-13.560314892285108	0
7	-14.659057989931656	0
8	-16.41211246771683	0
9	-15.824410894043002	0
10	-16.14878113624231	0
11	-15.863435326141172	0
12	-14.52115358694458	0
13	-12.101097270033963	0
14	-8.754433449465905	0
15	-4.267895757787503	0
16	0.0	0

0	0.0	0
1	-3.787951664126295	0
2	-6.581884549440996	0
3	-8.69322034489209	0
4	-11.355124677662294	0
5	-12.580394572475047	0
6	-13.560314892285108	0
7	-14.659057989931656	0
8	-16.41211246771683	0
9	-15.824410894043002	0
10	-16.14878113624231	0
11	-15.863435326141172	0
12	-14.52115358694458	0
13	-12.101097270033963	0
14	-8.754433449465905	0
15	-4.267895757787503	0
16	0.0	0

0	0.0	0
1	-3.787951664126295	0
2	-6.581884549440996	0
3	-8.69322034489209	0
4	-11.355124677662294	0
5	-13.20822554057069	0
6	-13.560314892285108	0
7	-14.659057989931656	0
8	-16.41211246771683	0
9	-15.824410894043002	0
10	-16.14878113624231	0
11	-15.863435326141172	0
12	-14.52115358694458	0
13	-12.101097270033963	0
14	-8.754433449465905	0
15	-4.267895757787503	0
16	0.0	0

0	0.0	0
1	-3.787951664126295	0
2	-6.581884549440996	0
3	-8.69322034489209	0
4	-11.355124677662294	0
5	-12.988548355969069	0
6	-13.560314892285108	0
7	-14.659057989931656	0
8	-16.41211246771683	0
9	-15.824410894043002	0
10	-16.14878113624231	0
11	-15.863435326141172	0
12	-14.52115358694458	0
13	-12.101097270033963	0
14	-8.754433449465905	0
15	-4.267895757787503	0
16	0.0	0

0	0.0	0
1	-3.787951664126295	0
2	-6.581884549440996	0
3	-9.775451871963554	0
4	-11.355124677662294	0
5	-12.988548355969069	0
6	-13.560314892285108	0
7	-14.659057989931656	0
8	-16.41211246771683	0
9	-15.824410894043002	0
10	-16.14878113624231	0
11	-15.863435326141172	0
12	-14.52115358694458	0
13	-12.101097270033963	0
14	-8.754433449465905	0
15	-4.267895757787503	0
16	0.0	0

0	0.0	0
1	-3.787951664126295	0
2	-6.581884549440996	0
3	-9.775451871963554	0
4	-11.355124677662294	0
5	-12.988548355969069	0
6	-13.560314892285108	0
7	-14.659057989931656	0
8	-16.41211246771683	0
9	-15.824410894043002	0
10	-16.14878113624231	0
11	-15.863435326141172	0
12	-14.52115358694458	0
13	-12.101097270033963	0
14	-8.754433449465905	0
15	-4.402828648585805	0
16	0.0	0

0	0.0	0
1	-3.787951664126295	0
2	-6.581884549440996	0
3	-9.775451871963554	0
4	-11.355124677662294	0
5	-12.988548355969069	0
6	-13.560314892285108	0
7	-14.659057989931656	0
8	-16.41211246771683	0
9	-16.904388435210528	0
10	-16.14878113624231	0
11	-15.863435326141172	0
12	-14.52115358694458	0
13	-12.101097270033963	0
14	-8.754433449465905	0
15	-4.402828648585805	0
16	0.0	0

0	0.0	0
1	-3.787951664126295	0
2	-6.581884549440996	0
3	-9.775451871963554	0
4	-11.355124677662294	0
5	-12.988548355969069	0
6	-13.560314892285108	0
7	-14.659057989931656	0
8	-16.41211246771683	0
9	-16.904388435210528	0
10	-16.14878113624231	0
11	-15.863435326141172	0
12	-14.52115358694458	0
13	-12.101097270033963	0
14	-8.754433449465905	0
15	-5.141517238171907	0
16	0.0	0

0	0.0	0
1	-3.787951664126295	0
2	-6.581884549440996	0
3	-9.775451871963554	0
4	-11.355124677662294	0
5	-12.988548355969069	0
6	-14.704128580882596	0
7	-14.659057989931656	0
8	-16.41211246771683	0
9	-16.904388435210528	0
10	-16.14878113624231	0
11	-15.863435326141172	0
12	-14.52115358694458	0
13	-12.101097270033963	0
14	-8.754433449465905	0
15	-5.141517238171907	0
16	0.0	0

0	0.0	0
1	-3.787951664126295	0
2	-6.581884549440996	0
3	-9.775451871963554	0
4	-11.355124677662294	0
5	-12.988548355969069	0
6	-14.704128580882596	0
7	-16.865056621266717	0
8	-16.41211246771683	0
9	-16.904388435210528	0
10	-16.14878113624231	0
11	-15.863435326141172	0
12	-14.52115358694458	0
13	-12.101097270033963	0
14	-8.754433449465905	0
15	-5.141517238171907	0
16	0.0	0

0	0.0	0
1	-3.787951664126295	0
2	-6.581884549440996	0
3	-9.775451871963554	0
4	-11.907590211942992	0
5	-12.988548355969069	0
6	-14.704128580882596	0
7	-16.865056621266717	0
8	-16.41211246771683	0
9	-16.904388435210528	0
10	-16.14878113624231	0
11	-15.863435326141172	0
12	-14.52115358694458	0
13	-12.101097270033963	0
14	-8.754433449465905	0
15	-5.141517238171907	0
16	0.0	0

0	0.0	0
1	-3.787951664126295	0
2	-6.581884549440996	0
3	-9.775451871963554	0
4	-11.907590211942992	0
5	-14.147905378454467	0
6	-14.704128580882596	0
7	-16.865056621266717	0
8	-16.41211246771683	0
9	-16.904388435210528	0
10	-16.14878113624231	0
11	-15.863435326141172	0
12	-14.52115358694458	0
13	-12.101097270033963	0
14	-8.754433449465905	0
15	-5.141517238171907	0
16	0.0	0

0	0.0	0
1	-3.787951664126295	0
2	-6.581884549440996	0
3	-9.775451871963554	0
4	-11.907590211942992	0
5	-14.147905378454467	0
6	-14.704128580882596	0
7	-16.865056621266717	0
8	-17.431236496817014	0
9	-16.904388435210528	0
10	-16.14878113624231	0
11	-15.863435326141172	0
12	-14.52115358694458	0
13	-12.101097270033963	0
14	-8.754433449465905	0
15	-5.141517238171907	0
16	0.0	0

0	0.0	0
1	-3.787951664126295	0
2	-6.581884549440996	0
3	-9.775451871963554	0
4	-11.907590211942992	0
5	-14.147905378454467	0
6	-16.61488331277324	0
7	-16.865056621266717	0
8	-17.431236496817014	0
9	-16.904388435210528	0
10	-16.14878113624231	0
11	-15.863435326141172	0
12	-14.52115358694458	0
13	-12.101097270033963	0
14	-8.754433449465905	0
15	-5.141517238171907	0
16	0.0	0

0	0.0	0
1	-3.787951664126295	0
2	-6.581884549440996	0
3	-9.775451871963554	0
4	-11.907590211942992	0
5	-14.565560294709076	0
6	-16.61488331277324	0
7	-16.865056621266717	0
8	-17.431236496817014	0
9	-16.904388435210528	0
10	-16.14878113624231	0
11	-15.863435326141172	0
12	-14.52115358694458	0
13	-12.101097270033963	0
14	-8.754433449465905	0
15	-5.141517238171907	0
16	0.0	0

0	0.0	0
1	-3.787951664126295	0
2	-6.581884549440996	0
3	-9.775451871963554	0
4	-11.907590211942992	0
5	-14.565560294709076	0
6	-16.61488331277324	0
7	-16.865056621266717	0
8	-17.431236496817014	0
9	-16.904388435210528	0
10	-16.92586507432028	0
11	-15.863435326141172	0
12	-14.52115358694458	0
13	-12.101097270033963	0
14	-8.754433449465905	0
15	-5.141517238171907	0
16	0.0	0

0	0.0	0
1	-3.787951664126295	0
2	-6.581884549440996	0
3	-9.775451871963554	0
4	-12.774165087021963	0
5	-14.565560294709076	0
6	-16.61488331277324	0
7	-16.865056621266717	0
8	-17.431236496817014	0
9	-16.904388435210528	0
10	-16.92586507432028	0
11	-15.863435326141172	0
12	-14.52115358694458	0
13	-12.101097270033963	0
14	-8.754433449465905	0
15	-5.141517238171907	0
16	0.0	0

0	0.0	0
1	-3.787951664126295	0
2	-7.284828530405127	0
3	-9.775451871963554	0
4	-12.774165087021963	0
5	-14.565560294709076	0
6	-16.61488331277324	0
7	-16.865056621266717	0
8	-17.431236496817014	0
9	-16.904388435210528	0
10	-16.92586507432028	0
11	-15.863435326141172	0
12	-14.52115358694458	0
13	-12.101097270033963	0
14	-8.754433449465905	0
15	-5.141517238171907	0
16	0.0	0

0	0.0	0
1	-3.787951664126295	0
2	-7.284828530405127	0
3	-9.775451871963554	0
4	-12.774165087021963	0
5	-14.565560294709076	0
6	-16.61488331277324	0
7	-17.31702773913681	0
8	-17.431236496817014	0
9	-16.904388435210528	0
10	-16.92586507432028	0
11	-15.863435326141172	0
12	-14.52115358694458	0
13	-12.101097270033963	0
14	-8.754433449465905	0
15	-5.141517238171907	0
16	0.0	0

0	0.0	0
1	-3.787951664126295	0
2	-7.284828530405127	0
3	-9.775451871963554	0
4	-12.774165087021963	0
5	-15.026198618467742	0
6	-16.61488331277324	0
7	-17.31702773913681	0
8	-17.431236496817014	0
9	-16.904388435210528	0
10	-16.92586507432028	0
11	-15.863435326141172	0
12	-14.52115358694458	0
13	-12.101097270033963	0
14	-8.754433449465905	0
15	-5.141517238171907	0
16	0.0	0

0	0.0	0
1	-3.787951664126295	0
2	-7.284828530405127	0
3	-9.785056443405793	0
4	-12.774165087021963	0
5	-15.026198618467742	0
6	-16.61488331277324	0
7	-17.31702773913681	0
8	-17.431236496817014	0
9	-16.904388435210528	0
10	-16.92586507432028	0
11	-15.863435326141172	0
12	-14.52115358694458	0
13	-12.101097270033963	0
14	-8.754433449465905	0
15	-5.141517238171907	0
16	0.0	0

0	0.0	0
1	-3.787951664126295	0
2	-7.284828530405127	0
3	-10.736153168459353	0
4	-12.774165087021963	0
5	-15.026198618467742	0
6	-16.61488331277324	0
7	-17.31702773913681	0
8	-17.431236496817014	0
9	-16.904388435210528	0
10	-16.92586507432028	0
11	-15.863435326141172	0
12	-14.52115358694458	0
13	-12.101097270033963	0
14	-8.754433449465905	0
15	-5.141517238171907	0
16	0.0	0

0	0.0	0
1	-3.787951664126295	0
2	-7.284828530405127	0
3	-10.736153168459353	0
4	-12.774165087021963	0
5	-15.026198618467742	0
6	-16.61488331277324	0
7	-17.31702773913681	0
8	-17.431236496817014	0
9	-17.561254055166653	0
10	-16.92586507432028	0
11	-15.863435326141172	0
12	-14.52115358694458	0
13	-12.101097270033963	0
14	-8.754433449465905	0
15	-5.141517238171907	0
16	0.0	0

0	0.0	0
1	-3.787951664126295	0
2	-7.284828530405127	0
3	-10.736153168459353	0
4	-12.774165087021963	0
5	-15.34386392217446	0
6	-16.61488331277324	0
7	-17.31702773913681	0
8	-17.431236496817014	0
9	-17.561254055166653	0
10	-16.92586507432028	0
11	-15.863435326141172	0
12	-14.52115358694458	0
13	-12.101097270033963	0
14	-8.754433449465905	0
15	-5.141517238171907	0
16	0.0	0

0	0.0	0
1	-3.787951664126295	0
2	-7.663541176783344	0
3	-10.736153168459353	0
4	-12.774165087021963	0
5	-15.34386392217446	0
6	-16.61488331277324	0
7	-17.31702773913681	0
8	-17.431236496817014	0
9	-17.561254055166653	0
10	-16.92586507432028	0
11	-15.863435326141172	0
12	-14.52115358694458	0
13	-12.101097270033963	0
14	-8.754433449465905	0
15	-5.141517238171907	0
16	0.0	0

0	0.0	0
1	-4.485972404380851	0
2	-7.663541176783344	0
3	-10.736153168459353	0
4	-12.774165087021963	0
5	-15.34386392217446	0
6	-16.61488331277324	0
7	-17.31702773913681	0
8	-17.431236496817014	0
9	-17.561254055166653	0
10	-16.92586507432028	0
11	-15.863435326141172	0
12	-14.52115358694458	0
13	-12.101097270033963	0
14	-8.754433449465905	0
15	-5.141517238171907	0
16	0.0	0

0	0.0	0
1	-4.485972404380851	0
2	-7.663541176783344	0
3	-10.736153168459353	0
4	-12.774165087021963	0
5	-15.34386392217446	0
6	-16.61488331277324	0
7	-17.31702773913681	0
8	-17.431236496817014	0
9	-17.561254055166653	0
10	-17.34737772189678	0
11	-15.863435326141172	0
12	-14.52115358694458	0
13	-12.101097270033963	0
14	-8.754433449465905	0
15	-5.141517238171907	0
16	0.0	0

0	0.0	0
1	-4.485972404380851	0
2	-7.663541176783344	0
3	-10.736153168459353	0
4	-12.774165087021963	0
5	-15.34386392217446	0
6	-16.61488331277324	0
7	-17.31702773913681	0
8	-17.431236496817014	0
9	-17.561254055166653	0
10	-17.34737772189678	0
11	-15.863435326141172	0
12	-14.52115358694458	0
13	-12.101097270033963	0
14	-9.008772639498883	0
15	-5.141517238171907	0
16	0.0	0

0	0.0	0
1	-4.485972404380851	0
2	-7.663541176783344	0
3	-10.736153168459353	0
4	-13.010004709466712	0
5	-15.34386392217446	0
6	-16.61488331277324	0
7	-17.31702773913681	0
8	-17.431236496817014	0
9	-17.561254055166653	0
10	-17.34737772189678	0
11	-15.863435326141172	0
12	-14.52115358694458	0
13	-12.101097270033963	0
14	-9.008772639498883	0
15	-5.141517238171907	0
16	0.0	0

0	0.0	0
1	-4.485972404380851	0
2	-7.663541176783344	0
3	-10.736153168459353	0
4	-13.855828701174435	0
5	-15.34386392217446	0
6	-16.61488331277324	0
7	-17.31702773913681	0
8	-17.431236496817014	0
9	-17.561254055166653	0
10	-17.34737772189678	0
11	-15.863435326141172	0
12	-14.52115358694458	0
13	-12.101097270033963	0
14	-9.008772639498883	0
15	-5.141517238171907	0
16	0.0	0

0	0.0	0
1	-4.485972404380851	0
2	-7.663541176783344	0
3	-10.736153168459353	0
4	-13.855828701174435	0
5	-15.34386392217446	0
6	-16.61488331277324	0
7	-17.31702773913681	0
8	-17.431236496817014	0
9	-17.561254055166653	0
10	-17.34737772189678	0
11	-16.74247924487665	0
12	-14.52115358694458	0
13	-12.101097270033963	0
14	-9.008772639498883	0
15	-5.141517238171907	0
16	0.0	0

0	0.0	0
1	-4.485972404380851	0
2	-7.663541176783344	0
3	-10.736153168459353	0
4	-13.855828701174435	0
5	-15.34386392217446	0
6	-17.04538089118802	0
7	-17.31702773913681	0
8	-17.431236496817014	0
9	-17.561254055166653	0
10	-17.34737772189678	0
11	-16.74247924487665	0
12	-14.52115358694458	0
13	-12.101097270033963	0
14	-9.008772639498883	0
15	-5.141517238171907	0
16	0.0	0

0	0.0	0
1	-4.485972404380851	0
2	-8.548151347730531	0
3	-10.736153168459353	0
4	-13.855828701174435	0
5	-15.34386392217446	0
6	-17.04538089118802	0
7	-17.31702773913681	0
8	-17.431236496817014	0
9	-17.561254055166653	0
10	-17.34737772189678	0
11	-16.74247924487665	0
12	-14.52115358694458	0
13	-12.101097270033963	0
14	-9.008772639498883	0
15	-5.141517238171907	0
16	0.0	0

0	0.0	0
1	-4.485972404380851	0
2	-8.548151347730531	0
3	-10.736153168459353	0
4	-13.855828701174435	0
5	-15.475680263928353	0
6	-17.04538089118802	0
7	-17.31702773913681	0
8	-17.431236496817014	0
9	-17.561254055166653	0
10	-17.34737772189678	0
11	-16.74247924487665	0
12	-14.52115358694458	0
13	-12.101097270033963	0
14	-9.008772639498883	0
15	-5.141517238171907	0
16	0.0	0

0	0.0	0
1	-4.485972404380851	0
2	-8.548151347730531	0
3	-11.619880045975806	0
4	-13.855828701174435	0
5	-15.475680263928353	0
6	-17.04538089118802	0
7	-17.31702773913681	0
8	-17.431236496817014	0
9	-17.561254055166653	0
10	-17.34737772189678	0
11	-16.74247924487665	0
12	-14.52115358694458	0
13	-12.101097270033963	0
14	-9.008772639498883	0
15	-5.141517238171907	0
16	0.0	0

0	0.0	0
1	-4.485972404380851	0
2	-8.548151347730531	0
3	-11.619880045975806	0
4	-13.855828701174435	0
5	-15.475680263928353	0
6	-16.877819263534477	0
7	-17.31702773913681	0
8	-17.431236496817014	0
9	-17.561254055166653	0
10	-17.34737772189678	0
11	-16.74247924487665	0
12	-14.52115358694458	0
13	-12.101097270033963	0
14	-9.008772639498883	0
15	-5.141517238171907	0
16	0.0	0

0	0.0	0
1	-4.485972404380851	0
2	-8.548151347730531	0
3	-11.619880045975806	0
4	-13.855828701174435	0
5	-15.475680263928353	0
6	-16.877819263534477	0
7	-17.31702773913681	0
8	-17.431236496817014	0
9	-17.561254055166653	0
10	-17.68508985808772	0
11	-16.74247924487665	0
12	-14.52115358694458	0
13	-12.101097270033963	0
14	-9.008772639498883	0
15	-5.141517238171907	0
16	0.0	0

0	0.0	0
1	-4.485972404380851	0
2	-8.548151347730531	0
3	-11.619880045975806	0
4	-13.855828701174435	0
5	-15.475680263928353	0
6	-16.877819263534477	0
7	-17.31702773913681	0
8	-17.765392735662644	0
9	-17.561254055166653	0
10	-17.68508985808772	0
11	-16.74247924487665	0
12	-14.52115358694458	0
13	-12.101097270033963	0
14	-9.008772639498883	0
15	-5.141517238171907	0
16	0.0	0

0	0.0	0
1	-4.485972404380851	0
2	-8.548151347730531	0
3	-11.619880045975806	0
4	-13.855828701174435	0
5	-15.475680263928353	0
6	-16.877819263534477	0
7	-17.31702773913681	0
8	-17.765392735662644	0
9	-17.561254055166653	0
10	-17.68508985808772	0
11	-16.74247924487665	0
12	-14.52115358694458	0
13	-12.101097270033963	0
14	-9.23056334851858	0
15	-5.141517238171907	0
16	0.0	0

0	0.0	0
1	-4.485972404380851	0
2	-8.548151347730531	0
3	-11.619880045975806	0
4	-13.855828701174435	0
5	-15.792798452541223	0
6	-16.877819263534477	0
7	-17.31702773913681	0
8	-17.765392735662644	0
9	-17.561254055166653	0
10	-17.68508985808772	0
11	-16.74247924487665	0
12	-14.52115358694458	0
13	-12.101097270033963	0
14	-9.23056334851858	0
15	-5.141517238171907	0
16	0.0	0

0	0.0	0
1	-4.485972404380851	0
2	-8.548151347730531	0
3	-11.619880045975806	0
4	-13.855828701174435	0
5	-15.792798452541223	0
6	-16.958334430460933	0
7	-17.31702773913681	0
8	-17.765392735662644	0
9	-17.561254055166653	0
10	-17.68508985808772	0
11	-16.74247924487665	0
12	-14.52115358694458	0
13	-12.101097270033963	0
14	-9.23056334851858	0
15	-5.141517238171907	0
16	0.0	0

0	0.0	0
1	-4.485972404380851	0
2	-8.548151347730531	0
3	-11.619880045975806	0
4	-13.855828701174435	0
5	-15.828656825480392	0
6	-16.958334430460933	0
7	-17.31702773913681	0
8	-17.765392735662644	0
9	-17.561254055166653	0
10	-17.68508985808772	0
11	-16.74247924487665	0
12	-14.52115358694458	0
13	-12.101097270033963	0
14	-9.23056334851858	0
15	-5.141517238171907	0
16	0.0	0

0	0.0	0
1	-4.485972404380851	0
2	-8.548151347730531	0
3	-11.619880045975806	0
4	-14.232095535804604	0
5	-15.828656825480392	0
6	-16.958334430460933	0
7	-17.31702773913681	0
8	-17.765392735662644	0
9	-17.561254055166653	0
10	-17.68508985808772	0
11	-16.74247924487665	0
12	-14.52115358694458	0
13	-12.101097270033963	0
14	-9.23056334851858	0
15	-5.141517238171907	0
16	0.0	0

0	0.0	0
1	-4.485972404380851	0
2	-8.548151347730531	0
3	-11.619880045975806	0
4	-14.232095535804604	0
5	-15.828656825480392	0
6	-16.958334430460933	0
7	-17.31702773913681	0
8	-17.97700181082331	0
9	-17.561254055166653	0
10	-17.68508985808772	0
11	-16.74247924487665	0
12	-14.52115358694458	0
13	-12.101097270033963	0
14	-9.23056334851858	0
15	-5.141517238171907	0
16	0.0	0

0	0.0	0
1	-4.485972404380851	0
2	-8.548151347730531	0
3	-11.619880045975806	0
4	-14.232095535804604	0
5	-15.828656825480392	0
6	-16.958334430460933	0
7	-17.31702773913681	0
8	-17.97700181082331	0
9	-17.561254055166653	0
10	-17.68508985808772	0
11	-16.74247924487665	0
12	-14.52115358694458	0
13	-12.355373897002867	0
14	-9.23056334851858	0
15	-5.141517238171907	0
16	0.0	0

0	0.0	0
1	-4.485972404380851	0
2	-8.548151347730531	0
3	-11.619880045975806	0
4	-14.232095535804604	0
5	-15.828656825480392	0
6	-16.958334430460933	0
7	-17.31702773913681	0
8	-17.97700181082331	0
9	-17.561254055166653	0
10	-17.68508985808772	0
11	-16.74247924487665	0
12	-14.925064926827899	0
13	-12.355373897002867	0
14	-9.23056334851858	0
15	-5.141517238171907	0
16	0.0	0

0	0.0	0
1	-4.485972404380851	0
2	-8.548151347730531	0
3	-11.619880045975806	0
4	-14.232095535804604	0
5	-15.828656825480392	0
6	-16.958334430460933	0
7	-17.98900449406081	0
8	-17.97700181082331	0
9	-17.561254055166653	0
10	-17.68508985808772	0
11	-16.74247924487665	0
12	-14.925064926827899	0
13	-12.355373897002867	0
14	-9.23056334851858	0
15	-5.141517238171907	0
16	0.0	0

0	0.0	0
1	-4.485972404380851	0
2	-8.548151347730531	0
3	-11.712333824377854	0
4	-14.232095535804604	0
5	-15.828656825480392	0
6	-16.958334430460933	0
7	-17.98900449406081	0
8	-17.97700181082331	0
9	-17.561254055166653	0
10	-17.68508985808772	0
11	-16.74247924487665	0
12	-14.925064926827899	0
13	-12.355373897002867	0
14	-9.23056334851858	0
15	-5.141517238171907	0
16	0.0	0

0	0.0	0
1	-4.485972404380851	0
2	-8.548151347730531	0
3	-11.712333824377854	0
4	-14.290450167101586	0
5	-15.828656825480392	0
6	-16.958334430460933	0
7	-17.98900449406081	0
8	-17.97700181082331	0
9	-17.561254055166653	0
10	-17.68508985808772	0
11	-16.74247924487665	0
12	-14.925064926827899	0
13	-12.355373897002867	0
14	-9.23056334851858	0
15	-5.141517238171907	0
16	0.0	0

0	0.0	0
1	-4.485972404380851	0
2	-8.548151347730531	0
3	-11.712333824377854	0
4	-14.290450167101586	0
5	-15.828656825480392	0
6	-17.527307901987932	0
7	-17.98900449406081	0
8	-17.97700181082331	0
9	-17.561254055166653	0
10	-17.68508985808772	0
11	-16.74247924487665	0
12	-14.925064926827899	0
13	-12.355373897002867	0
14	-9.23056334851858	0
15	-5.141517238171907	0
16	0.0	0

0	0.0	0
1	-4.485972404380851	0
2	-8.548151347730531	0
3	-11.712333824377854	0
4	-14.290450167101586	0
5	-16.505736572996916	0
6	-17.527307901987932	0
7	-17.98900449406081	0
8	-17.97700181082331	0
9	-17.561254055166653	0
10	-17.68508985808772	0
11	-16.74247924487665	0
12	-14.925064926827899	0
13	-12.355373897002867	0
14	-9.23056334851858	0
15	-5.141517238171907	0
16	0.0	0

0	0.0	0
1	-4.485972404380851	0
2	-8.548151347730531	0
3	-11.712333824377854	0
4	-14.381380896213834	0
5	-16.505736572996916	0
6	-17.527307901987932	0
7	-17.98900449406081	0
8	-17.97700181082331	0
9	-17.561254055166653	0
10	-17.68508985808772	0
11	-16.74247924487665	0
12	-14.925064926827899	0
13	-12.355373897002867	0
14	-9.23056334851858	0
15	-5.141517238171907	0
16	0.0	0

0	0.0	0
1	-4.485972404380851	0
2	-8.548151347730531	0
3	-11.712333824377854	0
4	-14.477271911379106	0
5	-16.505736572996916	0
6	-17.527307901987932	0
7	-17.98900449406081	0
8	-17.97700181082331	0
9	-17.561254055166653	0
10	-17.68508985808772	0
11	-16.74247924487665	0
12	-14.925064926827899	0
13	-12.355373897002867	0
14	-9.23056334851858	0
15	-5.141517238171907	0
16	0.0	0

0	0.0	0
1	-4.485972404380851	0
2	-8.548151347730531	0
3	-11.712333824377854	0
4	-14.477271911379106	0
5	-16.505736572996916	0
6	-17.527307901987932	0
7	-17.98900449406081	0
8	-17.97700181082331	0
9	-17.958185543041548	0
10	-17.68508985808772	0
11	-16.74247924487665	0
12	-14.925064926827899	0
13	-12.355373897002867	0
14	-9.23056334851858	0
15	-5.141517238171907	0
16	0.0	0

0	0.0	0
1	-4.485972404380851	0
2	-8.548151347730531	0
3	-11.712333824377854	0
4	-14.477271911379106	0
5	-16.505736572996916	0
6	-17.527307901987932	0
7	-17.98900449406081	0
8	-17.97700181082331	0
9	-17.958185543041548	0
10	-17.68508985808772	0
11	-16.74247924487665	0
12	-14.925064926827899	0
13	-12.428507838187942	0
14	-9.23056334851858	0
15	-5.141517238171907	0
16	0.0	0

0	0.0	0
1	-4.497027769356208	0
2	-8.548151347730531	0
3	-11.712333824377854	0
4	-14.477271911379106	0
5	-16.505736572996916	0
6	-17.527307901987932	0
7	-17.98900449406081	0
8	-17.97700181082331	0
9	-17.958185543041548	0
10	-17.68508985808772	0
11	-16.74247924487665	0
12	-14.925064926827899	0
13	-12.428507838187942	0
14	-9.23056334851858	0
15	-5.141517238171907	0
16	0.0	0

0	0.0	0
1	-4.497027769356208	0
2	-8.548151347730531	0
3	-11.712333824377854	0
4	-14.477271911379106	0
5	-16.505736572996916	0
6	-17.527307901987932	0
7	-17.98900449406081	0
8	-17.97700181082331	0
9	-17.958185543041548	0
10	-17.928616786706144	0
11	-16.74247924487665	0
12	-14.925064926827899	0
13	-12.428507838187942	0
14	-9.23056334851858	0
15	-5.141517238171907	0
16	0.0	0

0	0.0	0
1	-4.497027769356208	0
2	-8.548151347730531	0
3	-11.712333824377854	0
4	-14.477271911379106	0
5	-16.505736572996916	0
6	-17.527307901987932	0
7	-17.98900449406081	0
8	-17.97700181082331	0
9	-17.958185543041548	0
10	-17.928616786706144	0
11	-16.74247924487665	0
12	-14.925064926827899	0
13	-12.45387748219777	0
14	-9.23056334851858	0
15	-5.141517238171907	0
16	0.0	0

0	0.0	0
1	-4.497027769356208	0
2	-8.548151347730531	0
3	-11.712333824377854	0
4	-14.477271911379106	0
5	-16.505736572996916	0
6	-17.527307901987932	0
7	-17.98900449406081	0
8	-17.97700181082331	0
9	-17.958185543041548	0
10	-17.928616786706144	0
11	-16.74247924487665	0
12	-15.123073900726475	0
13	-12.45387748219777	0
14	-9.23056334851858	0
15	-5.141517238171907	0
16	0.0	0

0	0.0	0
1	-4.497027769356208	0
2	-8.548151347730531	0
3	-11.712333824377854	0
4	-14.477271911379106	0
5	-16.505736572996916	0
6	-17.527307901987932	0
7	-17.98900449406081	0
8	-17.97700181082331	0
9	-17.958185543041548	0
10	-17.8464948733179	0
11	-16.74247924487665	0
12	-15.123073900726475	0
13	-12.45387748219777	0
14	-9.23056334851858	0
15	-5.141517238171907	0
16	0.0	0

0	0.0	0
1	-4.497027769356208	0
2	-8.548151347730531	0
3	-11.712333824377854	0
4	-14.477271911379106	0
5	-16.505736572996916	0
6	-17.527307901987932	0
7	-17.98900449406081	0
8	-17.97700181082331	0
9	-17.958185543041548	0
10	-17.8464948733179	0
11	-16.74247924487665	0
12	-15.123073900726475	0
13	-12.45387748219777	0
14	-9.284621002205665	0
15	-5.141517238171907	0
16	0.0	0

0	0.0	0
1	-4.497027769356208	0
2	-8.548151347730531	0
3	-12.107151247642873	0
4	-14.477271911379106	0
5	-16.505736572996916	0
6	-17.527307901987932	0
7	-17.98900449406081	0
8	-17.97700181082331	0
9	-17.958185543041548	0
10	-17.8464948733179	0
11	-16.74247924487665	0
12	-15.123073900726475	0
13	-12.45387748219777	0
14	-9.284621002205665	0
15	-5.141517238171907	0
16	0.0	0

0	0.0	0
1	-4.497027769356208	0
2	-8.548151347730531	0
3	-12.107151247642873	0
4	-14.477271911379106	0
5	-16.505736572996916	0
6	-17.799731165684708	0
7	-17.98900449406081	0
8	-17.97700181082331	0
9	-17.958185543041548	0
10	-17.8464948733179	0
11	-16.74247924487665	0
12	-15.123073900726475	0
13	-12.45387748219777	0
14	-9.284621002205665	0
15	-5.141517238171907	0
16	0.0	0

0	0.0	0
1	-4.497027769356208	0
2	-8.548151347730531	0
3	-12.107151247642873	0
4	-14.503695642869541	0
5	-16.505736572996916	0
6	-17.799731165684708	0
7	-17.98900449406081	0
8	-17.97700181082331	0
9	-17.958185543041548	0
10	-17.8464948733179	0
11	-16.74247924487665	0
12	-15.123073900726475	0
13	-12.45387748219777	0
14	-9.284621002205665	0
15	-5.141517238171907	0
16	0.0	0

0	0.0	0
1	-4.497027769356208	0
2	-8.548151347730531	0
3	-12.107151247642873	0
4	-14.503695642869541	0
5	-16.505736572996916	0
6	-17.799731165684708	0
7	-17.98900449406081	0
8	-17.97700181082331	0
9	-17.958185543041548	0
10	-17.8464948733179	0
11	-17.12173010135393	0
12	-15.123073900726475	0
13	-12.45387748219777	0
14	-9.284621002205665	0
15	-5.141517238171907	0
16	0.0	0

0	0.0	0
1	-4.497027769356208	0
2	-8.548151347730531	0
3	-12.107151247642873	0
4	-14.796741060342933	0
5	-16.505736572996916	0
6	-17.799731165684708	0
7	-17.98900449406081	0
8	-17.97700181082331	0
9	-17.958185543041548	0
10	-17.8464948733179	0
11	-17.12173010135393	0
12	-15.123073900726475	0
13	-12.45387748219777	0
14	-9.284621002205665	0
15	-5.141517238171907	0
16	0.0	0

0	0.0	0
1	-4.497027769356208	0
2	-8.548151347730531	0
3	-12.107151247642873	0
4	-14.796741060342933	0
5	-16.505736572996916	0
6	-17.799731165684708	0
7	-17.98900449406081	0
8	-17.97700181082331	0
9	-17.958185543041548	0
10	-17.8464948733179	0
11	-17.12173010135393	0
12	-15.390169809104389	0
13	-12.45387748219777	0
14	-9.284621002205665	0
15	-5.141517238171907	0
16	0.0	0

0	0.0	0
1	-4.497027769356208	0
2	-8.548151347730531	0
3	-12.1294423172791	0
4	-14.796741060342933	0
5	-16.505736572996916	0
6	-17.799731165684708	0
7	-17.98900449406081	0
8	-17.97700181082331	0
9	-17.958185543041548	0
10	-17.8464948733179	0
11	-17.12173010135393	0
12	-15.390169809104389	0
13	-12.45387748219777	0
14	-9.284621002205665	0
15	-5.141517238171907	0
16	0.0	0

0	0.0	0
1	-4.497027769356208	0
2	-8.548151347730531	0
3	-12.1294423172791	0
4	-14.796741060342933	0
5	-16.505736572996916	0
6	-17.799731165684708	0
7	-17.98900449406081	0
8	-17.97700181082331	0
9	-17.958185543041548	0
10	-17.8464948733179	0
11	-17.12173010135393	0
12	-15.390169809104389	0
13	-12.773565383231453	0
14	-9.284621002205665	0
15	-5.141517238171907	0
16	0.0	0

0	0.0	0
1	-5.025487534082281	0
2	-8.548151347730531	0
3	-12.1294423172791	0
4	-14.796741060342933	0
5	-16.505736572996916	0
6	-17.799731165684708	0
7	-17.98900449406081	0
8	-17.97700181082331	0
9	-17.958185543041548	0
10	-17.8464948733179	0
11	-17.12173010135393	0
12	-15.390169809104389	0
13	-12.773565383231453	0
14	-9.284621002205665	0
15	-5.141517238171907	0
16	0.0	0

0	0.0	0
1	-5.025487534082281	0
2	-8.548151347730531	0
3	-12.1294423172791	0
4	-14.796741060342933	0
5	-16.505736572996916	0
6	-17.799731165684708	0
7	-17.98900449406081	0
8	-17.97700181082331	0
9	-17.958185543041548	0
10	-17.8464948733179	0
11	-17.12173010135393	0
12	-15.390169809104389	0
13	-12.798932991409309	0
14	-9.284621002205665	0
15	-5.141517238171907	0
16	0.0	0

0	0.0	0
1	-4.610106880426141	0
2	-8.548151347730531	0
3	-12.1294423172791	0
4	-14.796741060342933	0
5	-16.505736572996916	0
6	-17.799731165684708	0
7	-17.98900449406081	0
8	-17.97700181082331	0
9	-17.958185543041548	0
10	-17.8464948733179	0
11	-17.12173010135393	0
12	-15.390169809104389	0
13	-12.798932991409309	0
14	-9.284621002205665	0
15	-5.141517238171907	0
16	0.0	0

0	0.0	0
1	-4.610106880426141	0
2	-9.156660157677047	0
3	-12.1294423172791	0
4	-14.796741060342933	0
5	-16.505736572996916	0
6	-17.799731165684708	0
7	-17.98900449406081	0
8	-17.97700181082331	0
9	-17.958185543041548	0
10	-17.8464948733179	0
11	-17.12173010135393	0
12	-15.390169809104389	0
13	-12.798932991409309	0
14	-9.284621002205665	0
15	-5.141517238171907	0
16	0.0	0

0	0.0	0
1	-5.013181025995525	0
2	-9.156660157677047	0
3	-12.1294423172791	0
4	-14.796741060342933	0
5	-16.505736572996916	0
6	-17.799731165684708	0
7	-17.98900449406081	0
8	-17.97700181082331	0
9	-17.958185543041548	0
10	-17.8464948733179	0
11	-17.12173010135393	0
12	-15.390169809104389	0
13	-12.798932991409309	0
14	-9.284621002205665	0
15	-5.141517238171907	0
16	0.0	0

0	0.0	0
1	-5.013181025995525	0
2	-9.156660157677047	0
3	-12.306344597694256	0
4	-14.796741060342933	0
5	-16.505736572996916	0
6	-17.799731165684708	0
7	-17.98900449406081	0
8	-17.97700181082331	0
9	-17.958185543041548	0
10	-17.8464948733179	0
11	-17.12173010135393	0
12	-15.390169809104389	0
13	-12.798932991409309	0
14	-9.284621002205665	0
15	-5.141517238171907	0
16	0.0	0

0	0.0	0
1	-5.013181025995525	0
2	-9.156660157677047	0
3	-12.306344597694256	0
4	-14.796741060342933	0
5	-16.505736572996916	0
6	-17.799731165684708	0
7	-17.98900449406081	0
8	-17.97700181082331	0
9	-17.958185543041548	0
10	-17.8464948733179	0
11	-17.12173010135393	0
12	-15.390169809104389	0
13	-12.861980967254723	0
14	-9.284621002205665	0
15	-5.141517238171907	0
16	0.0	0

0	0.0	0
1	-5.013181025995525	0
2	-9.156660157677047	0
3	-12.306344597694256	0
4	-14.796741060342933	0
5	-16.505736572996916	0
6	-17.799731165684708	0
7	-17.98900449406081	0
8	-17.97700181082331	0
9	-17.958185543041548	0
10	-17.8464948733179	0
11	-17.12173010135393	0
12	-15.390169809104389	0
13	-12.861980967254723	0
14	-9.60384199225317	0
15	-5.141517238171907	0
16	0.0	0

0	0.0	0
1	-5.013181025995525	0
2	-9.156660157677047	0
3	-12.306344597694256	0
4	-14.796741060342933	0
5	-16.550144475120327	0
6	-17.799731165684708	0
7	-17.98900449406081	0
8	-17.97700181082331	0
9	-17.958185543041548	0
10	-17.8464948733179	0
11	-17.12173010135393	0
12	-15.390169809104389	0
13	-12.861980967254723	0
14	-9.60384199225317	0
15	-5.141517238171907	0
16	0.0	0

0	0.0	0
1	-5.013181025995525	0
2	-9.156660157677047	0
3	-12.440082869318147	0
4	-14.796741060342933	0
5	-16.550144475120327	0
6	-17.799731165684708	0
7	-17.98900449406081	0
8	-17.97700181082331	0
9	-17.958185543041548	0
10	-17.8464948733179	0
11	-17.12173010135393	0
12	-15.390169809104389	0
13	-12.861980967254723	0
14	-9.60384199225317	0
15	-5.141517238171907	0
16	0.0	0

0	0.0	0
1	-5.013181025995525	0
2	-9.156660157677047	0
3	-12.440082869318147	0
4	-15.023341909845229	0
5	-16.550144475120327	0
6	-17.799731165684708	0
7	-17.98900449406081	0
8	-17.97700181082331	0
9	-17.958185543041548	0
10	-17.8464948733179	0
11	-17.12173010135393	0
12	-15.390169809104389	0
13	-12.861980967254723	0
14	-9.60384199225317	0
15	-5.141517238171907	0
16	0.0	0

0	0.0	0
1	-5.013181025995525	0
2	-9.156660157677047	0
3	-12.440082869318147	0
4	-15.023341909845229	0
5	-17.121817053699665	0
6	-17.799731165684708	0
7	-17.98900449406081	0
8	-17.97700181082331	0
9	-17.958185543041548	0
10	-17.8464948733179	0
11	-17.12173010135393	0
12	-15.390169809104389	0
13	-12.861980967254723	0
14	-9.60384199225317	0
15	-5.141517238171907	0
16	0.0	0

0	0.0	0
1	-5.013181025995525	0
2	-9.156660157677047	0
3	-12.440082869318147	0
4	-15.023341909845229	0
5	-17.071382839221876	0
6	-17.799731165684708	0
7	-17.98900449406081	0
8	-17.97700181082331	0
9	-17.958185543041548	0
10	-17.8464948733179	0
11	-17.12173010135393	0
12	-15.390169809104389	0
13	-12.861980967254723	0
14	-9.60384199225317	0
15	-5.141517238171907	0
16	0.0	0

0	0.0	0
1	-5.013181025995525	0
2	-9.156660157677047	0
3	-12.440082869318147	0
4	-15.023341909845229	0
5	-17.071382839221876	0
6	-17.799731165684708	0
7	-17.98900449406081	0
8	-17.97700181082331	0
9	-17.958185543041548	0
10	-17.8464948733179	0
11	-17.12173010135393	0
12	-15.390169809104389	0
13	-12.861980967254723	0
14	-9.45154420200018	0
15	-5.141517238171907	0
16	0.0	0

0	0.0	0
1	-5.013181025995525	0
2	-9.156660157677047	0
3	-12.440082869318147	0
4	-15.205688955670832	0
5	-17.071382839221876	0
6	-17.799731165684708	0
7	-17.98900449406081	0
8	-17.97700181082331	0
9	-17.958185543041548	0
10	-17.8464948733179	0
11	-17.12173010135393	0
12	-15.390169809104389	0
13	-12.861980967254723	0
14	-9.45154420200018	0
15	-5.141517238171907	0
16	0.0	0

0	0.0	0
1	-5.013181025995525	0
2	-9.156660157677047	0
3	-12.440082869318147	0
4	-15.205688955670832	0
5	-17.071382839221876	0
6	-17.799731165684708	0
7	-17.98900449406081	0
8	-17.97700181082331	0
9	-17.969526825506254	0
10	-17.8464948733179	0
11	-17.12173010135393	0
12	-15.390169809104389	0
13	-12.861980967254723	0
14	-9.45154420200018	0
15	-5.141517238171907	0
16	0.0	0

0	0.0	0
1	-5.025589723719159	0
2	-9.156660157677047	0
3	-12.440082869318147	0
4	-15.205688955670832	0
5	-17.071382839221876	0
6	-17.799731165684708	0
7	-17.98900449406081	0
8	-17.97700181082331	0
9	-17.969526825506254	0
10	-17.8464948733179	0
11	-17.12173010135393	0
12	-15.390169809104389	0
13	-12.861980967254723	0
14	-9.45154420200018	0
15	-5.141517238171907	0
16	0.0	0

0	0.0	0
1	-5.025589723719159	0
2	-9.156660157677047	0
3	-12.440082869318147	0
4	-15.205688955670832	0
5	-17.071382839221876	0
6	-17.943143439641602	0
7	-17.98900449406081	0
8	-17.97700181082331	0
9	-17.969526825506254	0
10	-17.8464948733179	0
11	-17.12173010135393	0
12	-15.390169809104389	0
13	-12.861980967254723	0
14	-9.45154420200018	0
15	-5.141517238171907	0
16	0.0	0

0	0.0	0
1	-5.025589723719159	0
2	-9.156660157677047	0
3	-12.50760577654785	0
4	-15.205688955670832	0
5	-17.071382839221876	0
6	-17.943143439641602	0
7	-17.98900449406081	0
8	-17.97700181082331	0
9	-17.969526825506254	0
10	-17.8464948733179	0
11	-17.12173010135393	0
12	-15.390169809104389	0
13	-12.861980967254723	0
14	-9.45154420200018	0
15	-5.141517238171907	0
16	0.0	0

0	0.0	0
1	-5.025589723719159	0
2	-9.156660157677047	0
3	-12.50760577654785	0
4	-15.295450864172135	0
5	-17.071382839221876	0
6	-17.943143439641602	0
7	-17.98900449406081	0
8	-17.97700181082331	0
9	-17.969526825506254	0
10	-17.8464948733179	0
11	-17.12173010135393	0
12	-15.390169809104389	0
13	-12.861980967254723	0
14	-9.45154420200018	0
15	-5.141517238171907	0
16	0.0	0

0	0.0	0
1	-5.025589723719159	0
2	-9.215769414286171	0
3	-12.50760577654785	0
4	-15.295450864172135	0
5	-17.071382839221876	0
6	-17.943143439641602	0
7	-17.98900449406081	0
8	-17.97700181082331	0
9	-17.969526825506254	0
10	-17.8464948733179	0
11	-17.12173010135393	0
12	-15.390169809104389	0
13	-12.861980967254723	0
14	-9.45154420200018	0
15	-5.141517238171907	0
16	0.0	0

0	0.0	0
1	-5.025589723719159	0
2	-9.215769414286171	0
3	-12.50760577654785	0
4	-15.295450864172135	0
5	-17.071382839221876	0
6	-17.943143439641602	0
7	-17.98900449406081	0
8	-17.97700181082331	0
9	-17.969526825506254	0
10	-17.97718044760431	0
11	-17.12173010135393	0
12	-15.390169809104389	0
13	-12.861980967254723	0
14	-9.45154420200018	0
15	-5.141517238171907	0
16	0.0	0

0	0.0	0
1	-5.025589723719159	0
2	-9.215769414286171	0
3	-12.50760577654785	0
4	-15.295450864172135	0
5	-17.071382839221876	0
6	-17.943143439641602	0
7	-17.98900449406081	0
8	-17.97700181082331	0
9	-17.969526825506254	0
10	-17.97718044760431	0
11	-17.12173010135393	0
12	-15.390169809104389	0
13	-12.861980967254723	0
14	-9.45154420200018	0
15	-5.191215391288484	0
16	0.0	0

0	0.0	0
1	-5.025589723719159	0
2	-9.215769414286171	0
3	-12.50760577654785	0
4	-15.295450864172135	0
5	-17.071382839221876	0
6	-17.943143439641602	0
7	-17.98900449406081	0
8	-17.97700181082331	0
9	-17.969526825506254	0
10	-17.97718044760431	0
11	-17.12173010135393	0
12	-15.480910253959593	0
13	-12.861980967254723	0
14	-9.45154420200018	0
15	-5.191215391288484	0
16	0.0	0

0	0.0	0
1	-5.025589723719159	0
2	-9.215769414286171	0
3	-12.897755704224204	0
4	-15.295450864172135	0
5	-17.071382839221876	0
6	-17.943143439641602	0
7	-17.98900449406081	0
8	-17.97700181082331	0
9	-17.969526825506254	0
10	-17.97718044760431	0
11	-17.12173010135393	0
12	-15.480910253959593	0
13	-12.861980967254723	0
14	-9.45154420200018	0
15	-5.191215391288484	0
16	0.0	0

0	0.0	0
1	-5.025589723719159	0
2	-9.215769414286171	0
3	-12.897755704224204	0
4	-15.64244589698857	0
5	-17.071382839221876	0
6	-17.943143439641602	0
7	-17.98900449406081	0
8	-17.97700181082331	0
9	-17.969526825506254	0
10	-17.97718044760431	0
11	-17.12173010135393	0
12	-15.480910253959593	0
13	-12.861980967254723	0
14	-9.45154420200018	0
15	-5.191215391288484	0
16	0.0	0

0	0.0	0
1	-5.025589723719159	0
2	-9.584377505578386	0
3	-12.897755704224204	0
4	-15.64244589698857	0
5	-17.071382839221876	0
6	-17.943143439641602	0
7	-17.98900449406081	0
8	-17.97700181082331	0
9	-17.969526825506254	0
10	-17.97718044760431	0
11	-17.12173010135393	0
12	-15.480910253959593	0
13	-12.861980967254723	0
14	-9.45154420200018	0
15	-5.191215391288484	0
16	0.0	0

0	0.0	0
1	-5.025589723719159	0
2	-9.584377505578386	0
3	-13.230719509831	0
4	-15.64244589698857	0
5	-17.071382839221876	0
6	-17.943143439641602	0
7	-17.98900449406081	0
8	-17.97700181082331	0
9	-17.969526825506254	0
10	-17.97718044760431	0
11	-17.12173010135393	0
12	-15.480910253959593	0
13	-12.861980967254723	0
14	-9.45154420200018	0
15	-5.191215391288484	0
16	0.0	0

0	0.0	0
1	-5.320716152951299	0
2	-9.584377505578386	0
3	-13.230719509831	0
4	-15.64244589698857	0
5	-17.071382839221876	0
6	-17.943143439641602	0
7	-17.98900449406081	0
8	-17.97700181082331	0
9	-17.969526825506254	0
10	-17.97718044760431	0
11	-17.12173010135393	0
12	-15.480910253959593	0
13	-12.861980967254723	0
14	-9.45154420200018	0
15	-5.191215391288484	0
16	0.0	0

0	0.0	0
1	-5.320716152951299	0
2	-9.584377505578386	0
3	-13.230719509831	0
4	-15.64244589698857	0
5	-17.28389788417676	0
6	-17.943143439641602	0
7	-17.98900449406081	0
8	-17.97700181082331	0
9	-17.969526825506254	0
10	-17.97718044760431	0
11	-17.12173010135393	0
12	-15.480910253959593	0
13	-12.861980967254723	0
14	-9.45154420200018	0
15	-5.191215391288484	0
16	0.0	0

0	0.0	0
1	-5.320716152951299	0
2	-9.584377505578386	0
3	-13.230719509831	0
4	-15.64244589698857	0
5	-17.28389788417676	0
6	-17.943143439641602	0
7	-17.98900449406081	0
8	-17.97700181082331	0
9	-17.969526825506254	0
10	-17.97718044760431	0
11	-17.12173010135393	0
12	-15.480910253959593	0
13	-12.861980967254723	0
14	-9.577731262639345	0
15	-5.191215391288484	0
16	0.0	0

0	0.0	0
1	-5.320716152951299	0
2	-9.584377505578386	0
3	-13.230719509831	0
4	-15.64244589698857	0
5	-17.28389788417676	0
6	-17.943143439641602	0
7	-17.98900449406081	0
8	-17.97700181082331	0
9	-17.969526825506254	0
10	-17.97718044760431	0
11	-17.192634085622814	0
12	-15.480910253959593	0
13	-12.861980967254723	0
14	-9.577731262639345	0
15	-5.191215391288484	0
16	0.0	0

0	0.0	0
1	-5.320716152951299	0
2	-9.584377505578386	0
3	-13.006454914889003	0
4	-15.64244589698857	0
5	-17.28389788417676	0
6	-17.943143439641602	0
7	-17.98900449406081	0
8	-17.97700181082331	0
9	-17.969526825506254	0
10	-17.97718044760431	0
11	-17.192634085622814	0
12	-15.480910253959593	0
13	-12.861980967254723	0
14	-9.577731262639345	0
15	-5.191215391288484	0
16	0.0	0

0	0.0	0
1	-5.320716152951299	0
2	-9.584377505578386	0
3	-13.006454914889003	0
4	-15.64244589698857	0
5	-17.28389788417676	0
6	-17.943143439641602	0
7	-17.98900449406081	0
8	-17.97700181082331	0
9	-17.969526825506254	0
10	-17.97718044760431	0
11	-17.192634085622814	0
12	-15.480910253959593	0
13	-12.861980967254723	0
14	-9.577731262639345	0
15	-5.369002989571104	0
16	0.0	0

0	0.0	0
1	-5.320716152951299	0
2	-9.584377505578386	0
3	-13.006454914889003	0
4	-15.64244589698857	0
5	-17.28389788417676	0
6	-17.943143439641602	0
7	-17.98900449406081	0
8	-17.97700181082331	0
9	-17.969526825506254	0
10	-17.97718044760431	0
11	-17.221526018440745	0
12	-15.480910253959593	0
13	-12.861980967254723	0
14	-9.577731262639345	0
15	-5.369002989571104	0
16	0.0	0

0	0.0	0
1	-5.320716152951299	0
2	-9.584377505578386	0
3	-13.006454914889003	0
4	-15.64244589698857	0
5	-17.28389788417676	0
6	-17.943143439641602	0
7	-17.98900449406081	0
8	-17.97700181082331	0
9	-17.969526825506254	0
10	-17.97718044760431	0
11	-17.221526018440745	0
12	-15.480910253959593	0
13	-13.101317436983788	0
14	-9.577731262639345	0
15	-5.369002989571104	0
16	0.0	0

0	0.0	0
1	-5.320716152951299	0
2	-9.584377505578386	0
3	-13.006454914889003	0
4	-15.64244589698857	0
5	-17.28389788417676	0
6	-17.943143439641602	0
7	-17.98900449406081	0
8	-17.97700181082331	0
9	-17.969526825506254	0
10	-17.97718044760431	0
11	-17.221526018440745	0
12	-15.480910253959593	0
13	-13.024592145923698	0
14	-9.577731262639345	0
15	-5.369002989571104	0
16	0.0	0

0	0.0	0
1	-5.320716152951299	0
2	-9.584377505578386	0
3	-13.006454914889003	0
4	-15.64244589698857	0
5	-17.28389788417676	0
6	-17.943143439641602	0
7	-17.98900449406081	0
8	-17.97700181082331	0
9	-17.969526825506254	0
10	-17.97718044760431	0
11	-17.221526018440745	0
12	-15.480910253959593	0
13	-13.024592145923698	0
14	-9.577731262639345	0
15	-5.33891162421599	0
16	0.0	0

0	0.0	0
1	-5.320716152951299	0
2	-9.584377505578386	0
3	-13.006454914889003	0
4	-15.64244589698857	0
5	-17.28389788417676	0
6	-17.943143439641602	0
7	-17.98900449406081	0
8	-17.97700181082331	0
9	-17.969526825506254	0
10	-17.97718044760431	0
11	-17.221526018440745	0
12	-15.62945409359016	0
13	-13.024592145923698	0
14	-9.577731262639345	0
15	-5.33891162421599	0
16	0.0	0

0	0.0	0
1	-5.320716152951299	0
2	-9.584377505578386	0
3	-13.006454914889003	0
4	-15.64244589698857	0
5	-17.28389788417676	0
6	-17.943143439641602	0
7	-17.98900449406081	0
8	-17.97700181082331	0
9	-17.969526825506254	0
10	-17.97718044760431	0
11	-17.3448192463758	0
12	-15.62945409359016	0
13	-13.024592145923698	0
14	-9.577731262639345	0
15	-5.33891162421599	0
16	0.0	0

0	0.0	0
1	-5.320716152951299	0
2	-9.584377505578386	0
3	-13.006454914889003	0
4	-15.64244589698857	0
5	-17.28389788417676	0
6	-17.943143439641602	0
7	-17.98900449406081	0
8	-17.97700181082331	0
9	-17.969526825506254	0
10	-17.97718044760431	0
11	-17.32049343929059	0
12	-15.62945409359016	0
13	-13.024592145923698	0
14	-9.577731262639345	0
15	-5.33891162421599	0
16	0.0	0

0	0.0	0
1	-5.320716152951299	0
2	-9.584377505578386	0
3	-13.006454914889003	0
4	-15.64244589698857	0
5	-17.28389788417676	0
6	-17.943143439641602	0
7	-17.98900449406081	0
8	-17.97700181082331	0
9	-17.969526825506254	0
10	-17.97718044760431	0
11	-17.32049343929059	0
12	-15.62945409359016	0
13	-13.024592145923698	0
14	-9.664122922661242	0
15	-5.33891162421599	0
16	0.0	0

0	0.0	0
1	-5.320716152951299	0
2	-9.584377505578386	0
3	-13.150091315884797	0
4	-15.64244589698857	0
5	-17.28389788417676	0
6	-17.943143439641602	0
7	-17.98900449406081	0
8	-17.97700181082331	0
9	-17.969526825506254	0
10	-17.97718044760431	0
11	-17.32049343929059	0
12	-15.62945409359016	0
13	-13.024592145923698	0
14	-9.664122922661242	0
15	-5.33891162421599	0
16	0.0	0

0	0.0	0
1	-5.320716152951299	0
2	-9.732586170712812	0
3	-13.150091315884797	0
4	-15.64244589698857	0
5	-17.28389788417676	0
6	-17.943143439641602	0
7	-17.98900449406081	0
8	-17.97700181082331	0
9	-17.969526825506254	0
10	-17.97718044760431	0
11	-17.32049343929059	0
12	-15.62945409359016	0
13	-13.024592145923698	0
14	-9.664122922661242	0
15	-5.33891162421599	0
16	0.0	0

0	0.0	0
1	-5.320716152951299	0
2	-9.732586170712812	0
3	-13.150091315884797	0
4	-15.674498759524582	0
5	-17.28389788417676	0
6	-17.943143439641602	0
7	-17.98900449406081	0
8	-17.97700181082331	0
9	-17.969526825506254	0
10	-17.97718044760431	0
11	-17.32049343929059	0
12	-15.62945409359016	0
13	-13.024592145923698	0
14	-9.664122922661242	0
15	-5.33891162421599	0
16	0.0	0

0	0.0	0
1	-5.320716152951299	0
2	-9.732586170712812	0
3	-13.190562270000214	0
4	-15.674498759524582	0
5	-17.28389788417676	0
6	-17.943143439641602	0
7	-17.98900449406081	0
8	-17.97700181082331	0
9	-17.969526825506254	0
10	-17.97718044760431	0
11	-17.32049343929059	0
12	-15.62945409359016	0
13	-13.024592145923698	0
14	-9.664122922661242	0
15	-5.33891162421599	0
16	0.0	0

0	0.0	0
1	-5.334369642381294	0
2	-9.732586170712812	0
3	-13.190562270000214	0
4	-15.674498759524582	0
5	-17.28389788417676	0
6	-17.943143439641602	0
7	-17.98900449406081	0
8	-17.97700181082331	0
9	-17.969526825506254	0
10	-17.97718044760431	0
11	-17.32049343929059	0
12	-15.62945409359016	0
13	-13.024592145923698	0
14	-9.664122922661242	0
15	-5.33891162421599	0
16	0.0	0

0	0.0	0
1	-5.334369642381294	0
2	-9.732586170712812	0
3	-13.190562270000214	0
4	-15.674498759524582	0
5	-17.28389788417676	0
6	-17.943143439641602	0
7	-17.98900449406081	0
8	-17.99379734570571	0
9	-17.969526825506254	0
10	-17.97718044760431	0
11	-17.32049343929059	0
12	-15.62945409359016	0
13	-13.024592145923698	0
14	-9.664122922661242	0
15	-5.33891162421599	0
16	0.0	0

0	0.0	0
1	-5.334369642381294	0
2	-9.732586170712812	0
3	-13.190562270000214	0
4	-15.674498759524582	0
5	-17.28389788417676	0
6	-17.943143439641602	0
7	-17.98900449406081	0
8	-17.99379734570571	0
9	-17.969526825506254	0
10	-17.97718044760431	0
11	-17.32049343929059	0
12	-15.62945409359016	0
13	-13.147011416052973	0
14	-9.664122922661242	0
15	-5.33891162421599	0
16	0.0	0

0	0.0	0
1	-5.334369642381294	0
2	-9.732586170712812	0
3	-13.190562270000214	0
4	-15.674498759524582	0
5	-17.28389788417676	0
6	-17.943143439641602	0
7	-17.999039782669673	0
8	-17.99379734570571	0
9	-17.969526825506254	0
10	-17.97718044760431	0
11	-17.32049343929059	0
12	-15.62945409359016	0
13	-13.147011416052973	0
14	-9.664122922661242	0
15	-5.33891162421599	0
16	0.0	0

0	0.0	0
1	-5.334369642381294	0
2	-9.732586170712812	0
3	-13.190562270000214	0
4	-15.674498759524582	0
5	-17.28389788417676	0
6	-17.943143439641602	0
7	-17.999039782669673	0
8	-17.99379734570571	0
9	-17.969526825506254	0
10	-17.97718044760431	0
11	-17.32049343929059	0
12	-15.813584907528735	0
13	-13.147011416052973	0
14	-9.664122922661242	0
15	-5.33891162421599	0
16	0.0	0

0	0.0	0
1	-5.334369642381294	0
2	-9.732586170712812	0
3	-13.190562270000214	0
4	-15.674498759524582	0
5	-17.28389788417676	0
6	-17.943143439641602	0
7	-17.999039782669673	0
8	-17.99379734570571	0
9	-17.969526825506254	0
10	-17.97718044760431	0
11	-17.404144071278065	0
12	-15.813584907528735	0
13	-13.147011416052973	0
14	-9.664122922661242	0
15	-5.33891162421599	0
16	0.0	0

0	0.0	0
1	-5.334369642381294	0
2	-9.732586170712812	0
3	-13.190562270000214	0
4	-15.674498759524582	0
5	-17.28389788417676	0
6	-17.943143439641602	0
7	-17.999039782669673	0
8	-17.99379734570571	0
9	-17.969526825506254	0
10	-17.97718044760431	0
11	-17.404144071278065	0
12	-15.813584907528735	0
13	-13.147011416052973	0
14	-9.726098133934231	0
15	-5.33891162421599	0
16	0.0	0

0	0.0	0
1	-5.334369642381294	0
2	-9.732586170712812	0
3	-13.190562270000214	0
4	-15.674498759524582	0
5	-17.294490005451664	0
6	-17.943143439641602	0
7	-17.999039782669673	0
8	-17.99379734570571	0
9	-17.969526825506254	0
10	-17.97718044760431	0
11	-17.404144071278065	0
12	-15.813584907528735	0
13	-13.147011416052973	0
14	-9.726098133934231	0
15	-5.33891162421599	0
16	0.0	0

0	0.0	0
1	-5.334369642381294	0
2	-9.732586170712812	0
3	-13.190562270000214	0
4	-15.674498759524582	0
5	-17.294490005451664	0
6	-17.943143439641602	0
7	-17.999039782669673	0
8	-17.99379734570571	0
9	-17.969526825506254	0
10	-17.998101743120298	0
11	-17.404144071278065	0
12	-15.813584907528735	0
13	-13.147011416052973	0
14	-9.726098133934231	0
15	-5.33891162421599	0
16	0.0	0

0	0.0	0
1	-5.334369642381294	0
2	-9.732586170712812	0
3	-13.190562270000214	0
4	-15.674498759524582	0
5	-17.294490005451664	0
6	-17.943143439641602	0
7	-17.999039782669673	0
8	-17.99379734570571	0
9	-17.969526825506254	0
10	-17.998101743120298	0
11	-17.404144071278065	0
12	-15.813584907528735	0
13	-13.358419510818175	0
14	-9.726098133934231	0
15	-5.33891162421599	0
16	0.0	0

0	0.0	0
1	-5.334369642381294	0
2	-9.732586170712812	0
3	-13.190562270000214	0
4	-15.674498759524582	0
5	-17.294490005451664	0
6	-17.943143439641602	0
7	-17.999039782669673	0
8	-17.99379734570571	0
9	-17.969526825506254	0
10	-17.998101743120298	0
11	-17.404144071278065	0
12	-15.862746286876025	0
13	-13.358419510818175	0
14	-9.726098133934231	0
15	-5.33891162421599	0
16	0.0	0

0	0.0	0
1	-5.334369642381294	0
2	-9.732586170712812	0
3	-13.190562270000214	0
4	-15.806479764823827	0
5	-17.294490005451664	0
6	-17.943143439641602	0
7	-17.999039782669673	0
8	-17.99379734570571	0
9	-17.969526825506254	0
10	-17.998101743120298	0
11	-17.404144071278065	0
12	-15.862746286876025	0
13	-13.358419510818175	0
14	-9.726098133934231	0
15	-5.33891162421599	0
16	0.0	0

0	0.0	0
1	-5.334369642381294	0
2	-9.732586170712812	0
3	-13.190562270000214	0
4	-15.806479764823827	0
5	-17.294490005451664	0
6	-17.943143439641602	0
7	-17.999039782669673	0
8	-17.99379734570571	0
9	-17.969526825506254	0
10	-17.998101743120298	0
11	-17.404144071278065	0
12	-15.862746286876025	0
13	-13.347539351934383	0
14	-9.726098133934231	0
15	-5.33891162421599	0
16	0.0	0

0	0.0	0
1	-5.334369642381294	0
2	-9.732586170712812	0
3	-13.190562270000214	0
4	-15.721644363837715	0
5	-17.294490005451664	0
6	-17.943143439641602	0
7	-17.999039782669673	0
8	-17.99379734570571	0
9	-17.969526825506254	0
10	-17.998101743120298	0
11	-17.404144071278065	0
12	-15.862746286876025	0
13	-13.347539351934383	0
14	-9.726098133934231	0
15	-5.33891162421599	0
16	0.0	0

0	0.0	0
1	-5.334369642381294	0
2	-9.732586170712812	0
3	-13.233652974192125	0
4	-15.721644363837715	0
5	-17.294490005451664	0
6	-17.943143439641602	0
7	-17.999039782669673	0
8	-17.99379734570571	0
9	-17.969526825506254	0
10	-17.998101743120298	0
11	-17.404144071278065	0
12	-15.862746286876025	0
13	-13.347539351934383	0
14	-9.726098133934231	0
15	-5.33891162421599	0
16	0.0	0

0	0.0	0
1	-5.334369642381294	0
2	-9.732586170712812	0
3	-13.22539130522756	0
4	-15.721644363837715	0
5	-17.294490005451664	0
6	-17.943143439641602	0
7	-17.999039782669673	0
8	-17.99379734570571	0
9	-17.969526825506254	0
10	-17.998101743120298	0
11	-17.404144071278065	0
12	-15.862746286876025	0
13	-13.347539351934383	0
14	-9.726098133934231	0
15	-5.33891162421599	0
16	0.0	0

0	0.0	0
1	-5.334369642381294	0
2	-9.732586170712812	0
3	-13.22539130522756	0
4	-15.721644363837715	0
5	-17.294490005451664	0
6	-17.943143439641602	0
7	-17.999039782669673	0
8	-17.99379734570571	0
9	-17.969526825506254	0
10	-17.998101743120298	0
11	-17.404144071278065	0
12	-15.862746286876025	0
13	-13.347539351934383	0
14	-9.926623744825202	0
15	-5.33891162421599	0
16	0.0	0

0	0.0	0
1	-5.334369642381294	0
2	-9.732586170712812	0
3	-13.22539130522756	0
4	-15.721644363837715	0
5	-17.294490005451664	0
6	-17.943143439641602	0
7	-17.999039782669673	0
8	-17.99379734570571	0
9	-17.969526825506254	0
10	-17.998101743120298	0
11	-17.404144071278065	0
12	-15.862746286876025	0
13	-13.347539351934383	0
14	-9.79345971011745	0
15	-5.33891162421599	0
16	0.0	0

0	0.0	0
1	-5.334369642381294	0
2	-9.740554367795982	0
3	-13.22539130522756	0
4	-15.721644363837715	0
5	-17.294490005451664	0
6	-17.943143439641602	0
7	-17.999039782669673	0
8	-17.99379734570571	0
9	-17.969526825506254	0
10	-17.998101743120298	0
11	-17.404144071278065	0
12	-15.862746286876025	0
13	-13.347539351934383	0
14	-9.79345971011745	0
15	-5.33891162421599	0
16	0.0	0

0	0.0	0
1	-5.334369642381294	0
2	-9.740554367795982	0
3	-13.22539130522756	0
4	-15.721644363837715	0
5	-17.368687053182004	0
6	-17.943143439641602	0
7	-17.999039782669673	0
8	-17.99379734570571	0
9	-17.969526825506254	0
10	-17.998101743120298	0
11	-17.404144071278065	0
12	-15.862746286876025	0
13	-13.347539351934383	0
14	-9.79345971011745	0
15	-5.33891162421599	0
16	0.0	0

0	0.0	0
1	-5.334369642381294	0
2	-9.783216202048306	0
3	-13.22539130522756	0
4	-15.721644363837715	0
5	-17.368687053182004	0
6	-17.943143439641602	0
7	-17.999039782669673	0
8	-17.99379734570571	0
9	-17.969526825506254	0
10	-17.998101743120298	0
11	-17.404144071278065	0
12	-15.862746286876025	0
13	-13.347539351934383	0
14	-9.79345971011745	0
15	-5.33891162421599	0
16	0.0	0

0	0.0	0
1	-5.334369642381294	0
2	-9.783216202048306	0
3	-13.22539130522756	0
4	-15.721644363837715	0
5	-17.368687053182004	0
6	-17.943143439641602	0
7	-17.999039782669673	0
8	-17.99379734570571	0
9	-17.969526825506254	0
10	-17.998101743120298	0
11	-17.404144071278065	0
12	-15.862746286876025	0
13	-13.347539351934383	0
14	-9.874741617900671	0
15	-5.33891162421599	0
16	0.0	0

0	0.0	0
1	-5.334369642381294	0
2	-9.783216202048306	0
3	-13.22539130522756	0
4	-15.721644363837715	0
5	-17.368687053182004	0
6	-17.943143439641602	0
7	-17.999039782669673	0
8	-17.99379734570571	0
9	-17.969526825506254	0
10	-17.998101743120298	0
11	-17.455527834070107	0
12	-15.862746286876025	0
13	-13.347539351934383	0
14	-9.874741617900671	0
15	-5.33891162421599	0
16	0.0	0

0	0.0	0
1	-5.334369642381294	0
2	-9.783216202048306	0
3	-13.24688968318899	0
4	-15.721644363837715	0
5	-17.368687053182004	0
6	-17.943143439641602	0
7	-17.999039782669673	0
8	-17.99379734570571	0
9	-17.969526825506254	0
10	-17.998101743120298	0
11	-17.455527834070107	0
12	-15.862746286876025	0
13	-13.347539351934383	0
14	-9.874741617900671	0
15	-5.33891162421599	0
16	0.0	0

0	0.0	0
1	-5.334369642381294	0
2	-9.783216202048306	0
3	-13.24688968318899	0
4	-15.721644363837715	0
5	-17.368687053182004	0
6	-17.943143439641602	0
7	-17.999039782669673	0
8	-17.99379734570571	0
9	-17.969526825506254	0
10	-17.998101743120298	0
11	-17.455527834070107	0
12	-15.862746286876025	0
13	-13.347539351934383	0
14	-9.857593373854348	0
15	-5.33891162421599	0
16	0.0	0

0	0.0	0
1	-5.334369642381294	0
2	-9.783216202048306	0
3	-13.24688968318899	0
4	-15.721644363837715	0
5	-17.368687053182004	0
6	-17.943143439641602	0
7	-17.999039782669673	0
8	-17.99379734570571	0
9	-17.969526825506254	0
10	-17.998101743120298	0
11	-17.455527834070107	0
12	-15.862746286876025	0
13	-13.347539351934383	0
14	-9.857593373854348	0
15	-5.464231963432372	0
16	0.0	0

0	0.0	0
1	-5.334369642381294	0
2	-9.783216202048306	0
3	-13.24688968318899	0
4	-15.848627906901104	0
5	-17.368687053182004	0
6	-17.943143439641602	0
7	-17.999039782669673	0
8	-17.99379734570571	0
9	-17.969526825506254	0
10	-17.998101743120298	0
11	-17.455527834070107	0
12	-15.862746286876025	0
13	-13.347539351934383	0
14	-9.857593373854348	0
15	-5.464231963432372	0
16	0.0	0

0	0.0	0
1	-5.334369642381294	0
2	-9.783216202048306	0
3	-13.24688968318899	0
4	-15.848627906901104	0
5	-17.368687053182004	0
6	-17.99662606678918	0
7	-17.999039782669673	0
8	-17.99379734570571	0
9	-17.969526825506254	0
10	-17.998101743120298	0
11	-17.455527834070107	0
12	-15.862746286876025	0
13	-13.347539351934383	0
14	-9.857593373854348	0
15	-5.464231963432372	0
16	0.0	0

0	0.0	0
1	-5.334369642381294	0
2	-9.783216202048306	0
3	-13.24688968318899	0
4	-15.848627906901104	0
5	-17.43383176124208	0
6	-17.99662606678918	0
7	-17.999039782669673	0
8	-17.99379734570571	0
9	-17.969526825506254	0
10	-17.998101743120298	0
11	-17.455527834070107	0
12	-15.862746286876025	0
13	-13.347539351934383	0
14	-9.857593373854348	0
15	-5.464231963432372	0
16	0.0	0

0	0.0	0
1	-5.334369642381294	0
2	-9.783216202048306	0
3	-13.24688968318899	0
4	-15.848627906901104	0
5	-17.41358173262784	0
6	-17.99662606678918	0
7	-17.999039782669673	0
8	-17.99379734570571	0
9	-17.969526825506254	0
10	-17.998101743120298	0
11	-17.455527834070107	0
12	-15.862746286876025	0
13	-13.347539351934383	0
14	-9.857593373854348	0
15	-5.464231963432372	0
16	0.0	0

0	0.0	0
1	-5.334369642381294	0
2	-9.783216202048306	0
3	-13.24688968318899	0
4	-15.848627906901104	0
5	-17.41358173262784	0
6	-17.99662606678918	0
7	-17.999039782669673	0
8	-17.99379734570571	0
9	-17.969526825506254	0
10	-17.998101743120298	0
11	-17.455527834070107	0
12	-15.868617355414322	0
13	-13.347539351934383	0
14	-9.857593373854348	0
15	-5.464231963432372	0
16	0.0	0

0	0.0	0
1	-5.334369642381294	0
2	-9.783216202048306	0
3	-13.24688968318899	0
4	-15.848627906901104	0
5	-17.41358173262784	0
6	-17.99662606678918	0
7	-17.999039782669673	0
8	-17.99379734570571	0
9	-17.969526825506254	0
10	-17.998101743120298	0
11	-17.455527834070107	0
12	-15.868617355414322	0
13	-13.347539351934383	0
14	-9.896448810295455	0
15	-5.464231963432372	0
16	0.0	0

0	0.0	0
1	-5.334369642381294	0
2	-9.783216202048306	0
3	-13.24688968318899	0
4	-15.848627906901104	0
5	-17.41358173262784	0
6	-17.99662606678918	0
7	-17.999039782669673	0
8	-17.99379734570571	0
9	-17.969526825506254	0
10	-17.998101743120298	0
11	-17.455527834070107	0
12	-15.908751047607215	0
13	-13.347539351934383	0
14	-9.896448810295455	0
15	-5.464231963432372	0
16	0.0	0

0	0.0	0
1	-5.334369642381294	0
2	-9.783216202048306	0
3	-13.353444472653878	0
4	-15.848627906901104	0
5	-17.41358173262784	0
6	-17.99662606678918	0
7	-17.999039782669673	0
8	-17.99379734570571	0
9	-17.969526825506254	0
10	-17.998101743120298	0
11	-17.455527834070107	0
12	-15.908751047607215	0
13	-13.347539351934383	0
14	-9.896448810295455	0
15	-5.464231963432372	0
16	0.0	0

0	0.0	0
1	-5.334369642381294	0
2	-9.783216202048306	0
3	-13.320856416749962	0
4	-15.848627906901104	0
5	-17.41358173262784	0
6	-17.99662606678918	0
7	-17.999039782669673	0
8	-17.99379734570571	0
9	-17.969526825506254	0
10	-17.998101743120298	0
11	-17.455527834070107	0
12	-15.908751047607215	0
13	-13.347539351934383	0
14	-9.896448810295455	0
15	-5.464231963432372	0
16	0.0	0

0	0.0	0
1	-5.3697305628725545	0
2	-9.783216202048306	0
3	-13.320856416749962	0
4	-15.848627906901104	0
5	-17.41358173262784	0
6	-17.99662606678918	0
7	-17.999039782669673	0
8	-17.99379734570571	0
9	-17.969526825506254	0
10	-17.998101743120298	0
11	-17.455527834070107	0
12	-15.908751047607215	0
13	-13.347539351934383	0
14	-9.896448810295455	0
15	-5.464231963432372	0
16	0.0	0

0	0.0	0
1	-5.3697305628725545	0
2	-9.899511465588754	0
3	-13.320856416749962	0
4	-15.848627906901104	0
5	-17.41358173262784	0
6	-17.99662606678918	0
7	-17.999039782669673	0
8	-17.99379734570571	0
9	-17.969526825506254	0
10	-17.998101743120298	0
11	-17.455527834070107	0
12	-15.908751047607215	0
13	-13.347539351934383	0
14	-9.896448810295455	0
15	-5.464231963432372	0
16	0.0	0

0	0.0	0
1	-5.3697305628725545	0
2	-9.899511465588754	0
3	-13.320856416749962	0
4	-15.848627906901104	0
5	-17.41358173262784	0
6	-17.99662606678918	0
7	-17.999039782669673	0
8	-17.99379734570571	0
9	-17.999346683577684	0
10	-17.998101743120298	0
11	-17.455527834070107	0
12	-15.908751047607215	0
13	-13.347539351934383	0
14	-9.896448810295455	0
15	-5.464231963432372	0
16	0.0	0

0	0.0	0
1	-5.3697305628725545	0
2	-9.899511465588754	0
3	-13.320856416749962	0
4	-15.848627906901104	0
5	-17.41358173262784	0
6	-17.99662606678918	0
7	-17.999039782669673	0
8	-17.99379734570571	0
9	-17.999346683577684	0
10	-17.998101743120298	0
11	-17.455527834070107	0
12	-15.908751047607215	0
13	-13.359670013065525	0
14	-9.896448810295455	0
15	-5.464231963432372	0
16	0.0	0

0	0.0	0
1	-5.3697305628725545	0
2	-9.84171360706326	0
3	-13.320856416749962	0
4	-15.848627906901104	0
5	-17.41358173262784	0
6	-17.99662606678918	0
7	-17.999039782669673	0
8	-17.99379734570571	0
9	-17.999346683577684	0
10	-17.998101743120298	0
11	-17.455527834070107	0
12	-15.908751047607215	0
13	-13.359670013065525	0
14	-9.896448810295455	0
15	-5.464231963432372	0
16	0.0	0

0	0.0	0
1	-5.435907256144921	0
2	-9.84171360706326	0
3	-13.320856416749962	0
4	-15.848627906901104	0
5	-17.41358173262784	0
6	-17.99662606678918	0
7	-17.999039782669673	0
8	-17.99379734570571	0
9	-17.999346683577684	0
10	-17.998101743120298	0
11	-17.455527834070107	0
12	-15.908751047607215	0
13	-13.359670013065525	0
14	-9.896448810295455	0
15	-5.464231963432372	0
16	0.0	0

0	0.0	0
1	-5.435907256144921	0
2	-9.84171360706326	0
3	-13.320856416749962	0
4	-15.848627906901104	0
5	-17.427517511411573	0
6	-17.99662606678918	0
7	-17.999039782669673	0
8	-17.99379734570571	0
9	-17.999346683577684	0
10	-17.998101743120298	0
11	-17.455527834070107	0
12	-15.908751047607215	0
13	-13.359670013065525	0
14	-9.896448810295455	0
15	-5.464231963432372	0
16	0.0	0

0	0.0	0
1	-5.435907256144921	0
2	-9.84171360706326	0
3	-13.320856416749962	0
4	-15.858548533937416	0
5	-17.427517511411573	0
6	-17.99662606678918	0
7	-17.999039782669673	0
8	-17.99379734570571	0
9	-17.999346683577684	0
10	-17.998101743120298	0
11	-17.455527834070107	0
12	-15.908751047607215	0
13	-13.359670013065525	0
14	-9.896448810295455	0
15	-5.464231963432372	0
16	0.0	0

0	0.0	0
1	-5.435907256144921	0
2	-9.84171360706326	0
3	-13.320856416749962	0
4	-15.874542092647882	0
5	-17.427517511411573	0
6	-17.99662606678918	0
7	-17.999039782669673	0
8	-17.99379734570571	0
9	-17.999346683577684	0
10	-17.998101743120298	0
11	-17.455527834070107	0
12	-15.908751047607215	0
13	-13.359670013065525	0
14	-9.896448810295455	0
15	-5.464231963432372	0
16	0.0	0

0	0.0	0
1	-5.435907256144921	0
2	-9.84171360706326	0
3	-13.38480614487522	0
4	-15.874542092647882	0
5	-17.427517511411573	0
6	-17.99662606678918	0
7	-17.999039782669673	0
8	-17.99379734570571	0
9	-17.999346683577684	0
10	-17.998101743120298	0
11	-17.455527834070107	0
12	-15.908751047607215	0
13	-13.359670013065525	0
14	-9.896448810295455	0
15	-5.464231963432372	0
16	0.0	0

0	0.0	0
1	-5.412698717750969	0
2	-9.84171360706326	0
3	-13.38480614487522	0
4	-15.874542092647882	0
5	-17.427517511411573	0
6	-17.99662606678918	0
7	-17.999039782669673	0
8	-17.99379734570571	0
9	-17.999346683577684	0
10	-17.998101743120298	0
11	-17.455527834070107	0
12	-15.908751047607215	0
13	-13.359670013065525	0
14	-9.896448810295455	0
15	-5.464231963432372	0
16	0.0	0

0	0.0	0
1	-5.412698717750969	0
2	-9.84171360706326	0
3	-13.38480614487522	0
4	-15.874542092647882	0
5	-17.443169376301746	0
6	-17.99662606678918	0
7	-17.999039782669673	0
8	-17.99379734570571	0
9	-17.999346683577684	0
10	-17.998101743120298	0
11	-17.455527834070107	0
12	-15.908751047607215	0
13	-13.359670013065525	0
14	-9.896448810295455	0
15	-5.464231963432372	0
16	0.0	0

0	0.0	0
1	-5.412698717750969	0
2	-9.84171360706326	0
3	-13.38480614487522	0
4	-15.874542092647882	0
5	-17.443169376301746	0
6	-17.99662606678918	0
7	-17.999039782669673	0
8	-17.99379734570571	0
9	-17.999346683577684	0
10	-17.998101743120298	0
11	-17.455527834070107	0
12	-15.908751047607215	0
13	-13.44310946388339	0
14	-9.896448810295455	0
15	-5.464231963432372	0
16	0.0	0

0	0.0	0
1	-5.412698717750969	0
2	-9.84171360706326	0
3	-13.38480614487522	0
4	-15.874542092647882	0
5	-17.443169376301746	0
6	-17.99662606678918	0
7	-17.999039782669673	0
8	-17.99379734570571	0
9	-17.999346683577684	0
10	-17.998101743120298	0
11	-17.455527834070107	0
12	-15.979518304507426	0
13	-13.44310946388339	0
14	-9.896448810295455	0
15	-5.464231963432372	0
16	0.0	0

0	0.0	0
1	-5.412698717750969	0
2	-9.84171360706326	0
3	-13.38480614487522	0
4	-15.874542092647882	0
5	-17.443169376301746	0
6	-17.99662606678918	0
7	-17.999039782669673	0
8	-17.99379734570571	0
9	-17.999346683577684	0
10	-17.998101743120298	0
11	-17.455527834070107	0
12	-15.979518304507426	0
13	-13.433995628879117	0
14	-9.896448810295455	0
15	-5.464231963432372	0
16	0.0	0

0	0.0	0
1	-5.41730222315946	0
2	-9.84171360706326	0
3	-13.38480614487522	0
4	-15.874542092647882	0
5	-17.443169376301746	0
6	-17.99662606678918	0
7	-17.999039782669673	0
8	-17.99379734570571	0
9	-17.999346683577684	0
10	-17.998101743120298	0
11	-17.455527834070107	0
12	-15.979518304507426	0
13	-13.433995628879117	0
14	-9.896448810295455	0
15	-5.464231963432372	0
16	0.0	0

0	0.0	0
1	-5.41730222315946	0
2	-9.84171360706326	0
3	-13.38480614487522	0
4	-15.874542092647882	0
5	-17.443169376301746	0
6	-17.99662606678918	0
7	-17.999039782669673	0
8	-17.99379734570571	0
9	-17.999346683577684	0
10	-17.998101743120298	0
11	-17.455527834070107	0
12	-15.979518304507426	0
13	-13.433995628879117	0
14	-9.905989291687655	0
15	-5.464231963432372	0
16	0.0	0

0	0.0	0
1	-5.41730222315946	0
2	-9.84171360706326	0
3	-13.38480614487522	0
4	-15.874542092647882	0
5	-17.443169376301746	0
6	-17.99662606678918	0
7	-17.999039782669673	0
8	-17.99379734570571	0
9	-17.999346683577684	0
10	-17.998101743120298	0
11	-17.502734049157603	0
12	-15.979518304507426	0
13	-13.433995628879117	0
14	-9.905989291687655	0
15	-5.464231963432372	0
16	0.0	0

0	0.0	0
1	-5.41730222315946	0
2	-9.925945214269943	0
3	-13.38480614487522	0
4	-15.874542092647882	0
5	-17.443169376301746	0
6	-17.99662606678918	0
7	-17.999039782669673	0
8	-17.99379734570571	0
9	-17.999346683577684	0
10	-17.998101743120298	0
11	-17.502734049157603	0
12	-15.979518304507426	0
13	-13.433995628879117	0
14	-9.905989291687655	0
15	-5.464231963432372	0
16	0.0	0

0	0.0	0
1	-5.417904444141289	0
2	-9.925945214269943	0
3	-13.38480614487522	0
4	-15.874542092647882	0
5	-17.443169376301746	0
6	-17.99662606678918	0
7	-17.999039782669673	0
8	-17.99379734570571	0
9	-17.999346683577684	0
10	-17.998101743120298	0
11	-17.502734049157603	0
12	-15.979518304507426	0
13	-13.433995628879117	0
14	-9.905989291687655	0
15	-5.464231963432372	0
16	0.0	0

0	0.0	0
1	-5.425498385865154	0
2	-9.925945214269943	0
3	-13.38480614487522	0
4	-15.874542092647882	0
5	-17.443169376301746	0
6	-17.99662606678918	0
7	-17.999039782669673	0
8	-17.99379734570571	0
9	-17.999346683577684	0
10	-17.998101743120298	0
11	-17.502734049157603	0
12	-15.979518304507426	0
13	-13.433995628879117	0
14	-9.905989291687655	0
15	-5.464231963432372	0
16	0.0	0

0	0.0	0
1	-5.425498385865154	0
2	-9.925945214269943	0
3	-13.38480614487522	0
4	-15.874542092647882	0
5	-17.443169376301746	0
6	-17.99662606678918	0
7	-17.999039782669673	0
8	-17.99379734570571	0
9	-17.999346683577684	0
10	-17.998101743120298	0
11	-17.502734049157603	0
12	-15.979518304507426	0
13	-13.446117578992283	0
14	-9.905989291687655	0
15	-5.464231963432372	0
16	0.0	0

0	0.0	0
1	-5.4586656409728835	0
2	-9.925945214269943	0
3	-13.38480614487522	0
4	-15.874542092647882	0
5	-17.443169376301746	0
6	-17.99662606678918	0
7	-17.999039782669673	0
8	-17.99379734570571	0
9	-17.999346683577684	0
10	-17.998101743120298	0
11	-17.502734049157603	0
12	-15.979518304507426	0
13	-13.446117578992283	0
14	-9.905989291687655	0
15	-5.464231963432372	0
16	0.0	0

0	0.0	0
1	-5.4586656409728835	0
2	-9.925945214269943	0
3	-13.38480614487522	0
4	-15.874542092647882	0
5	-17.443169376301746	0
6	-17.99662606678918	0
7	-17.999603421964885	0
8	-17.99379734570571	0
9	-17.999346683577684	0
10	-17.998101743120298	0
11	-17.502734049157603	0
12	-15.979518304507426	0
13	-13.446117578992283	0
14	-9.905989291687655	0
15	-5.464231963432372	0
16	0.0	0

0	0.0	0
1	-5.4586656409728835	0
2	-9.925945214269943	0
3	-13.38480614487522	0
4	-15.874542092647882	0
5	-17.443169376301746	0
6	-17.998871038344433	0
7	-17.999603421964885	0
8	-17.99379734570571	0
9	-17.999346683577684	0
10	-17.998101743120298	0
11	-17.502734049157603	0
12	-15.979518304507426	0
13	-13.446117578992283	0
14	-9.905989291687655	0
15	-5.464231963432372	0
16	0.0	0

0	0.0	0
1	-5.4586656409728835	0
2	-9.925945214269943	0
3	-13.38480614487522	0
4	-15.923394655213468	0
5	-17.443169376301746	0
6	-17.998871038344433	0
7	-17.999603421964885	0
8	-17.99379734570571	0
9	-17.999346683577684	0
10	-17.998101743120298	0
11	-17.502734049157603	0
12	-15.979518304507426	0
13	-13.446117578992283	0
14	-9.905989291687655	0
15	-5.464231963432372	0
16	0.0	0

0	0.0	0
1	-5.4586656409728835	0
2	-9.925945214269943	0
3	-13.40599157115604	0
4	-15.923394655213468	0
5	-17.443169376301746	0
6	-17.998871038344433	0
7	-17.999603421964885	0
8	-17.99379734570571	0
9	-17.999346683577684	0
10	-17.998101743120298	0
11	-17.502734049157603	0
12	-15.979518304507426	0
13	-13.446117578992283	0
14	-9.905989291687655	0
15	-5.464231963432372	0
16	0.0	0

0	0.0	0
1	-5.4586656409728835	0
2	-9.925945214269943	0
3	-13.430844494944667	0
4	-15.923394655213468	0
5	-17.443169376301746	0
6	-17.998871038344433	0
7	-17.999603421964885	0
8	-17.99379734570571	0
9	-17.999346683577684	0
10	-17.998101743120298	0
11	-17.502734049157603	0
12	-15.979518304507426	0
13	-13.446117578992283	0
14	-9.905989291687655	0
15	-5.464231963432372	0
16	0.0	0

0	0.0	0
1	-5.4586656409728835	0
2	-9.925945214269943	0
3	-13.430844494944667	0
4	-15.923394655213468	0
5	-17.45150570455232	0
6	-17.998871038344433	0
7	-17.999603421964885	0
8	-17.99379734570571	0
9	-17.999346683577684	0
10	-17.998101743120298	0
11	-17.502734049157603	0
12	-15.979518304507426	0
13	-13.446117578992283	0
14	-9.905989291687655	0
15	-5.464231963432372	0
16	0.0	0

0	0.0	0
1	-5.4586656409728835	0
2	-9.925945214269943	0
3	-13.430844494944667	0
4	-15.923394655213468	0
5	-17.45150570455232	0
6	-17.998871038344433	0
7	-17.999603421964885	0
8	-17.99643229743955	0
9	-17.999346683577684	0
10	-17.998101743120298	0
11	-17.502734049157603	0
12	-15.979518304507426	0
13	-13.446117578992283	0
14	-9.905989291687655	0
15	-5.464231963432372	0
16	0.0	0

0	0.0	0
1	-5.4586656409728835	0
2	-9.925945214269943	0
3	-13.430844494944667	0
4	-15.923394655213468	0
5	-17.45150570455232	0
6	-17.998871038344433	0
7	-17.999603421964885	0
8	-17.99643229743955	0
9	-17.999346683577684	0
10	-17.998101743120298	0
11	-17.502734049157603	0
12	-15.979518304507426	0
13	-13.44533125306243	0
14	-9.905989291687655	0
15	-5.464231963432372	0
16	0.0	0

0	0.0	0
1	-5.4586656409728835	0
2	-9.925945214269943	0
3	-13.430844494944667	0
4	-15.923394655213468	0
5	-17.45150570455232	0
6	-17.998871038344433	0
7	-17.999603421964885	0
8	-17.99643229743955	0
9	-17.999346683577684	0
10	-17.998101743120298	0
11	-17.502734049157603	0
12	-15.979518304507426	0
13	-13.44533125306243	0
14	-9.943975597785855	0
15	-5.464231963432372	0
16	0.0	0

0	0.0	0
1	-5.4586656409728835	0
2	-9.925945214269943	0
3	-13.430844494944667	0
4	-15.923394655213468	0
5	-17.45150570455232	0
6	-17.998871038344433	0
7	-17.999603421964885	0
8	-17.99643229743955	0
9	-17.999346683577684	0
10	-17.998850255707694	0
11	-17.502734049157603	0
12	-15.979518304507426	0
13	-13.44533125306243	0
14	-9.943975597785855	0
15	-5.464231963432372	0
16	0.0	0

0	0.0	0
1	-5.4586656409728835	0
2	-9.925945214269943	0
3	-13.430844494944667	0
4	-15.923394655213468	0
5	-17.45150570455232	0
6	-17.998871038344433	0
7	-17.999603421964885	0
8	-17.99643229743955	0
9	-17.999346683577684	0
10	-17.998850255707694	0
11	-17.502734049157603	0
12	-15.979518304507426	0
13	-13.44533125306243	0
14	-9.943975597785855	0
15	-5.468235585328825	0
16	0.0	0

0	0.0	0
1	-5.4586656409728835	0
2	-9.925945214269943	0
3	-13.430844494944667	0
4	-15.923394655213468	0
5	-17.45150570455232	0
6	-17.998871038344433	0
7	-17.999603421964885	0
8	-17.99643229743955	0
9	-17.999346683577684	0
10	-17.998850255707694	0
11	-17.502734049157603	0
12	-15.979518304507426	0
13	-13.44533125306243	0
14	-9.953809749651592	0
15	-5.468235585328825	0
16	0.0	0

0	0.0	0
1	-5.4586656409728835	0
2	-9.925945214269943	0
3	-13.430844494944667	0
4	-15.923394655213468	0
5	-17.4691185353757	0
6	-17.998871038344433	0
7	-17.999603421964885	0
8	-17.99643229743955	0
9	-17.999346683577684	0
10	-17.998850255707694	0
11	-17.502734049157603	0
12	-15.979518304507426	0
13	-13.44533125306243	0
14	-9.953809749651592	0
15	-5.468235585328825	0
16	0.0	0

0	0.0	0
1	-5.4586656409728835	0
2	-9.925945214269943	0
3	-13.430844494944667	0
4	-15.923394655213468	0
5	-17.4691185353757	0
6	-17.998871038344433	0
7	-17.999603421964885	0
8	-17.99643229743955	0
9	-17.999346683577684	0
10	-17.998850255707694	0
11	-17.502734049157603	0
12	-15.979518304507426	0
13	-13.445852381643679	0
14	-9.953809749651592	0
15	-5.468235585328825	0
16	0.0	0

0	0.0	0
1	-5.4586656409728835	0
2	-9.925945214269943	0
3	-13.430844494944667	0
4	-15.923394655213468	0
5	-17.4691185353757	0
6	-17.998871038344433	0
7	-17.999603421964885	0
8	-17.99643229743955	0
9	-17.999346683577684	0
10	-17.998850255707694	0
11	-17.502734049157603	0
12	-15.973645969523814	0
13	-13.445852381643679	0
14	-9.953809749651592	0
15	-5.468235585328825	0
16	0.0	0

0	0.0	0
1	-5.4586656409728835	0
2	-9.925945214269943	0
3	-13.430844494944667	0
4	-15.933428321924218	0
5	-17.4691185353757	0
6	-17.998871038344433	0
7	-17.999603421964885	0
8	-17.99643229743955	0
9	-17.999346683577684	0
10	-17.998850255707694	0
11	-17.502734049157603	0
12	-15.973645969523814	0
13	-13.445852381643679	0
14	-9.953809749651592	0
15	-5.468235585328825	0
16	0.0	0

0	0.0	0
1	-5.4586656409728835	0
2	-9.925945214269943	0
3	-13.430844494944667	0
4	-15.933428321924218	0
5	-17.4691185353757	0
6	-17.998871038344433	0
7	-17.999603421964885	0
8	-17.99643229743955	0
9	-17.999346683577684	0
10	-17.998850255707694	0
11	-17.502734049157603	0
12	-15.973645969523814	0
13	-13.475299979561548	0
14	-9.953809749651592	0
15	-5.468235585328825	0
16	0.0	0

0	0.0	0
1	-5.4586656409728835	0
2	-9.925945214269943	0
3	-13.430844494944667	0
4	-15.933428321924218	0
5	-17.4691185353757	0
6	-17.998871038344433	0
7	-17.999603421964885	0
8	-17.99643229743955	0
9	-17.999346683577684	0
10	-17.998850255707694	0
11	-17.502734049157603	0
12	-15.973645969523814	0
13	-13.475299979561548	0
14	-9.953809749651592	0
15	-5.474688409766227	0
16	0.0	0

0	0.0	0
1	-5.4586656409728835	0
2	-9.925945214269943	0
3	-13.430844494944667	0
4	-15.933428321924218	0
5	-17.4691185353757	0
6	-17.998871038344433	0
7	-17.999603421964885	0
8	-17.99643229743955	0
9	-17.999346683577684	0
10	-17.998850255707694	0
11	-17.49395432937749	0
12	-15.973645969523814	0
13	-13.475299979561548	0
14	-9.953809749651592	0
15	-5.474688409766227	0
16	0.0	0

0	0.0	0
1	-5.4586656409728835	0
2	-9.925945214269943	0
3	-13.430844494944667	0
4	-15.933428321924218	0
5	-17.4691185353757	0
6	-17.998998418507597	0
7	-17.999603421964885	0
8	-17.99643229743955	0
9	-17.999346683577684	0
10	-17.998850255707694	0
11	-17.49395432937749	0
12	-15.973645969523814	0
13	-13.475299979561548	0
14	-9.953809749651592	0
15	-5.474688409766227	0
16	0.0	0

0	0.0	0
1	-5.4586656409728835	0
2	-9.925945214269943	0
3	-13.430844494944667	0
4	-15.933428321924218	0
5	-17.4691185353757	0
6	-17.998998418507597	0
7	-17.999603421964885	0
8	-17.99643229743955	0
9	-17.999346683577684	0
10	-17.998850255707694	0
11	-17.482521747576524	0
12	-15.973645969523814	0
13	-13.475299979561548	0
14	-9.953809749651592	0
15	-5.474688409766227	0
16	0.0	0

0	0.0	0
1	-5.4586656409728835	0
2	-9.925945214269943	0
3	-13.430844494944667	0
4	-15.933428321924218	0
5	-17.4691185353757	0
6	-17.998998418507597	0
7	-17.999603421964885	0
8	-17.99643229743955	0
9	-17.999346683577684	0
10	-17.99886469435977	0
11	-17.482521747576524	0
12	-15.973645969523814	0
13	-13.475299979561548	0
14	-9.953809749651592	0
15	-5.474688409766227	0
16	0.0	0

0	0.0	0
1	-5.4586656409728835	0
2	-9.925945214269943	0
3	-13.430844494944667	0
4	-15.933428321924218	0
5	-17.4691185353757	0
6	-17.998998418507597	0
7	-17.999603421964885	0
8	-17.99643229743955	0
9	-17.999346683577684	0
10	-17.99886469435977	0
11	-17.482521747576524	0
12	-15.973645969523814	0
13	-13.475299979561548	0
14	-9.986568410074387	0
15	-5.474688409766227	0
16	0.0	0

0	0.0	0
1	-5.4586656409728835	0
2	-9.933864301564245	0
3	-13.430844494944667	0
4	-15.933428321924218	0
5	-17.4691185353757	0
6	-17.998998418507597	0
7	-17.999603421964885	0
8	-17.99643229743955	0
9	-17.999346683577684	0
10	-17.99886469435977	0
11	-17.482521747576524	0
12	-15.973645969523814	0
13	-13.475299979561548	0
14	-9.986568410074387	0
15	-5.474688409766227	0
16	0.0	0

0	0.0	0
1	-5.4586656409728835	0
2	-9.933864301564245	0
3	-13.430844494944667	0
4	-15.933428321924218	0
5	-17.4691185353757	0
6	-17.998998418507597	0
7	-17.999603421964885	0
8	-17.99643229743955	0
9	-17.999346683577684	0
10	-17.99886469435977	0
11	-17.482521747576524	0
12	-15.973645969523814	0
13	-13.475299979561548	0
14	-9.986568410074387	0
15	-5.492773989038257	0
16	0.0	0

0	0.0	0
1	-5.473464584421389	0
2	-9.933864301564245	0
3	-13.430844494944667	0
4	-15.933428321924218	0
5	-17.4691185353757	0
6	-17.998998418507597	0
7	-17.999603421964885	0
8	-17.99643229743955	0
9	-17.999346683577684	0
10	-17.99886469435977	0
11	-17.482521747576524	0
12	-15.973645969523814	0
13	-13.475299979561548	0
14	-9.986568410074387	0
15	-5.492773989038257	0
16	0.0	0

0	0.0	0
1	-5.473464584421389	0
2	-9.933864301564245	0
3	-13.430844494944667	0
4	-15.933428321924218	0
5	-17.4691185353757	0
6	-17.998998418507597	0
7	-17.999603421964885	0
8	-17.99643229743955	0
9	-17.999346683577684	0
10	-17.99886469435977	0
11	-17.48619008668291	0
12	-15.973645969523814	0
13	-13.475299979561548	0
14	-9.986568410074387	0
15	-5.492773989038257	0
16	0.0	0

0	0.0	0
1	-5.473464584421389	0
2	-9.933864301564245	0
3	-13.430844494944667	0
4	-15.939667639513171	0
5	-17.4691185353757	0
6	-17.998998418507597	0
7	-17.999603421964885	0
8	-17.99643229743955	0
9	-17.999346683577684	0
10	-17.99886469435977	0
11	-17.48619008668291	0
12	-15.973645969523814	0
13	-13.475299979561548	0
14	-9.986568410074387	0
15	-5.492773989038257	0
16	0.0	0

0	0.0	0
1	-5.473464584421389	0
2	-9.933864301564245	0
3	-13.430844494944667	0
4	-15.939667639513171	0
5	-17.4691185353757	0
6	-17.998998418507597	0
7	-17.999603421964885	0
8	-17.99643229743955	0
9	-17.999346683577684	0
10	-17.99886469435977	0
11	-17.48619008668291	0
12	-15.987532863787957	0
13	-13.475299979561548	0
14	-9.986568410074387	0
15	-5.492773989038257	0
16	0.0	0

0	0.0	0
1	-5.469028841644477	0
2	-9.933864301564245	0
3	-13.430844494944667	0
4	-15.939667639513171	0
5	-17.4691185353757	0
6	-17.998998418507597	0
7	-17.999603421964885	0
8	-17.99643229743955	0
9	-17.999346683577684	0
10	-17.99886469435977	0
11	-17.48619008668291	0
12	-15.987532863787957	0
13	-13.475299979561548	0
14	-9.986568410074387	0
15	-5.492773989038257	0
16	0.0	0

0	0.0	0
1	-5.469028841644477	0
2	-9.946382181792522	0
3	-13.430844494944667	0
4	-15.939667639513171	0
5	-17.4691185353757	0
6	-17.998998418507597	0
7	-17.999603421964885	0
8	-17.99643229743955	0
9	-17.999346683577684	0
10	-17.99886469435977	0
11	-17.48619008668291	0
12	-15.987532863787957	0
13	-13.475299979561548	0
14	-9.986568410074387	0
15	-5.492773989038257	0
16	0.0	0

0	0.0	0
1	-5.469028841644477	0
2	-9.946382181792522	0
3	-13.430844494944667	0
4	-15.939667639513171	0
5	-17.4691185353757	0
6	-17.998998418507597	0
7	-17.999603421964885	0
8	-17.99643229743955	0
9	-17.999346683577684	0
10	-17.99886469435977	0
11	-17.48619008668291	0
12	-15.987532863787957	0
13	-13.496185602749556	0
14	-9.986568410074387	0
15	-5.492773989038257	0
16	0.0	0

0	0.0	0
1	-5.469028841644477	0
2	-9.949227016318837	0
3	-13.430844494944667	0
4	-15.939667639513171	0
5	-17.4691185353757	0
6	-17.998998418507597	0
7	-17.999603421964885	0
8	-17.99643229743955	0
9	-17.999346683577684	0
10	-17.99886469435977	0
11	-17.48619008668291	0
12	-15.987532863787957	0
13	-13.496185602749556	0
14	-9.986568410074387	0
15	-5.492773989038257	0
16	0.0	0

0	0.0	0
1	-5.469028841644477	0
2	-9.949227016318837	0
3	-13.430844494944667	0
4	-15.939667639513171	0
5	-17.4691185353757	0
6	-17.998998418507597	0
7	-17.999603421964885	0
8	-17.99643229743955	0
9	-17.999346683577684	0
10	-17.99886469435977	0
11	-17.48619008668291	0
12	-15.987532863787957	0
13	-13.496185602749556	0
14	-9.989096119684575	0
15	-5.492773989038257	0
16	0.0	0

0	0.0	0
1	-5.469028841644477	0
2	-9.949227016318837	0
3	-13.430844494944667	0
4	-15.939667639513171	0
5	-17.4691185353757	0
6	-17.998998418507597	0
7	-17.999603421964885	0
8	-17.99643229743955	0
9	-17.999346683577684	0
10	-17.99886469435977	0
11	-17.48619008668291	0
12	-15.987532863787957	0
13	-13.482991485614418	0
14	-9.989096119684575	0
15	-5.492773989038257	0
16	0.0	0

0	0.0	0
1	-5.469028841644477	0
2	-9.949227016318837	0
3	-13.430844494944667	0
4	-15.939667639513171	0
5	-17.4691185353757	0
6	-17.998998418507597	0
7	-17.999603421964885	0
8	-17.99643229743955	0
9	-17.999346683577684	0
10	-17.99886469435977	0
11	-17.496798676351084	0
12	-15.987532863787957	0
13	-13.482991485614418	0
14	-9.989096119684575	0
15	-5.492773989038257	0
16	0.0	0

0	0.0	0
1	-5.469028841644477	0
2	-9.949227016318837	0
3	-13.45109784574953	0
4	-15.939667639513171	0
5	-17.4691185353757	0
6	-17.998998418507597	0
7	-17.999603421964885	0
8	-17.99643229743955	0
9	-17.999346683577684	0
10	-17.99886469435977	0
11	-17.496798676351084	0
12	-15.987532863787957	0
13	-13.482991485614418	0
14	-9.989096119684575	0
15	-5.492773989038257	0
16	0.0	0
